TEMPLATE_ID,FILENAME,CLUSTER_INDEX,CONFIDENCE
101131,frames/45217.png,0,1.0
101120,frames/45216.png,0,0.984562
101044,frames/53701.png,0,0.967896
101051,frames/45211.png,0,0.947485
100834,frames/53833.png,0,0.969693
100477,frames/45353.png,0,0.903356
100412,frames/53838.png,0,0.961558
100356,frames/53711.png,0,0.978711
100121,frames/45178.png,0,0.97788
101057,frames/53662.png,0,0.966204
101400,frames/53483.png,0,0.971251
101430,frames/45342.png,0,0.971474
100330,frames/45341.png,0,0.975502
100823,frames/53821.png,0,0.968463
101277,frames/53822.png,0,0.964899
100799,frames/53457.png,0,0.960368
101268,frames/53459.png,0,0.934555
100992,frames/53735.png,0,0.898719
100899,frames/53736.png,0,0.921263
100679,frames/53731.png,0,0.94577
100430,frames/53730.png,0,0.966343
100455,frames/53732.png,0,0.967349
100559,frames/53857.png,0,0.977756
100434,frames/45367.png,0,0.959511
100723,frames/53595.png,0,0.909029
100925,frames/53596.png,0,0.972713
100619,frames/53440.png,0,0.966577
101014,frames/53445.png,0,0.937961
100530,frames/53448.png,0,0.915241
100349,frames/45145.png,0,0.971739
100154,frames/45144.png,0,0.907386
100433,frames/45149.png,0,0.954171
100639,frames/53900.png,0,0.959708
101171,frames/53476.png,0,0.977674
101466,frames/53836.png,0,0.970421
100361,frames/53837.png,0,0.965626
100341,frames/53832.png,0,0.964835
101461,frames/53464.png,0,0.931583
100475,frames/53467.png,0,0.967388
101355,frames/53466.png,0,0.952681
100394,frames/53894.png,0,0.913307
101429,frames/53415.png,0,0.969444
100042,frames/53412.png,0,0.963867
101409,frames/53663.png,0,0.958844
100163,frames/53660.png,0,0.956359
101290,frames/53666.png,0,0.971215
100805,frames/53664.png,0,0.938948
100895,frames/45290.png,0,0.936881
100509,frames/45182.png,0,0.95543
101424,frames/53531.png,0,0.948635
100763,frames/53659.png,0,0.962794
101164,img/45070.jpg,0,0.738487
101415,frames/53806.png,0,0.967358
100458,frames/53433.png,0,0.962926
101406,frames/53431.png,0,0.971703
100168,frames/53436.png,0,0.972018
101396,frames/53435.png,0,0.976613
100930,frames/53504.png,0,0.971972
100542,img/45068.jpg,0,0.878737
101312,frames/53427.png,0,0.97736
100729,frames/53426.png,0,0.965998
100382,frames/53428.png,0,0.939729
100215,frames/53511.png,0,0.962916
101283,frames/53515.png,0,0.968875
100449,frames/53514.png,0,0.976293
101187,frames/53517.png,0,0.982134
101087,frames/45259.png,0,0.980234
100441,frames/45258.png,0,0.885812
101423,frames/53565.png,0,0.959602
101195,frames/53566.png,0,0.952707
101215,frames/53567.png,0,0.959472
100852,frames/53561.png,0,0.962844
100844,frames/53741.png,0,0.958465
100285,frames/53562.png,0,0.97759
100220,frames/53622.png,0,0.966395
100611,frames/53621.png,0,0.953036
100926,frames/53620.png,0,0.977499
100818,frames/45228.png,0,0.963893
101448,frames/53579.png,0,0.942365
100414,frames/53578.png,0,0.92648
100029,frames/53572.png,0,0.974189
100863,frames/45304.png,0,0.96713
100665,frames/53611.png,0,0.926292
100766,frames/53385.png,0,0.973514
100284,frames/45166.png,0,0.931332
100470,frames/53549.png,0,0.957124
101099,frames/53600.png,0,0.958511
100270,frames/45203.png,0,0.962374
100719,frames/45208.png,0,0.907551
101010,frames/53399.png,0,0.975378
101337,frames/53513.png,0,0.963023
100484,frames/53555.png,0,0.971137
101282,frames/53550.png,0,0.960285
100445,frames/53414.png,0,0.954025
100206,frames/51779.png,1,1.0
100810,frames/51775.png,1,0.968364
101080,frames/51777.png,1,0.931797
101309,frames/51773.png,1,0.917122
101209,frames/51778.png,1,0.902316
100739,img/2120.jpg,1,0.72976
100691,frames/167545.png,2,1.0
100556,frames/167123.png,2,0.948018
100033,frames/166986.png,2,0.954327
100298,frames/168089.png,2,0.895166
100874,frames/167231.png,2,0.851885
101025,frames/167461.png,2,0.909248
101325,frames/167268.png,2,0.910622
100159,frames/167724.png,2,0.878871
100342,frames/166885.png,2,0.867463
100239,img/117883.jpg,2,0.713211
100538,frames/167833.png,2,0.946211
100480,frames/166943.png,2,0.740229
100261,img/111279.jpg,3,1.0
100476,img/110668.jpg,3,0.954853
100667,frames/18966.png,4,1.0
100819,frames/18967.png,4,0.860529
101112,frames/13700.png,4,0.864667
101104,img/1036.JPG,4,0.837847
101048,frames/18973.png,4,0.904217
101094,frames/18971.png,4,0.815864
100820,frames/18970.png,4,0.851028
100626,frames/148789.png,5,1.0
101127,frames/148728.png,5,0.894468
100028,frames/148165.png,5,0.939229
100589,frames/148741.png,5,0.898864
100183,frames/148354.png,5,0.928547
100603,frames/148116.png,5,0.913718
101213,frames/148387.png,5,0.929792
101211,frames/148093.png,5,0.9471
101369,frames/148646.png,5,0.917255
101335,frames/148524.png,5,0.951795
101314,frames/148447.png,5,0.940413
100085,frames/148548.png,5,0.897415
101332,frames/148308.png,5,0.88371
100752,frames/148250.png,6,1.0
100417,frames/148099.png,6,0.773409
100189,frames/148781.png,6,0.863284
100041,frames/148350.png,6,0.869065
100512,frames/148202.png,6,0.704166
100255,frames/148619.png,6,0.878285
101357,frames/148649.png,6,0.858666
100860,img/5071.jpg,7,1.0
100588,img/4316.jpg,7,0.825398
100466,img/1571.jpg,7,0.914484
100223,img/2624.jpg,7,0.817191
100927,img/3496.jpg,7,0.874796
100607,img/3733.jpg,7,0.894422
100929,frames/18879.png,7,0.875693
100164,frames/18877.png,7,0.872306
100395,img/1261.jpg,7,0.823928
101472,img/1713.jpg,7,0.821263
101043,img/4879.jpg,7,0.86314
100572,frames/17159.png,7,0.608364
100566,frames/71959.png,8,1.0
101391,frames/71956.png,8,0.659339
100804,frames/69689.png,8,0.974486
100591,frames/69688.png,8,0.968913
100554,frames/69698.png,8,0.972532
100831,frames/69699.png,8,0.960031
101069,frames/69695.png,8,0.962426
100536,frames/69697.png,8,0.971142
100741,frames/69690.png,8,0.973433
100389,frames/69691.png,8,0.975732
100645,frames/69693.png,8,0.969236
100150,img/69668.jpg,8,0.816678
100313,img/69665.jpg,8,0.941465
100958,img/69667.jpg,8,0.949189
100576,frames/69694.png,8,0.827617
101383,frames/69692.png,8,0.947279
100225,frames/71958.png,9,1.0
100177,frames/71957.png,9,0.889055
100178,frames/71954.png,9,0.895398
100687,frames/71955.png,9,0.730092
100092,frames/69683.png,9,0.82068
101093,frames/69682.png,9,0.966135
100176,frames/69681.png,9,0.95277
101323,frames/69680.png,9,0.954456
100429,frames/69685.png,9,0.935087
100105,frames/69684.png,9,0.908505
100018,frames/69669.png,9,0.848829
100563,frames/69672.png,9,0.896096
100498,frames/69673.png,9,0.936747
101321,frames/69670.png,9,0.896116
100369,frames/69671.png,9,0.945255
100413,frames/69676.png,9,0.94065
100078,frames/69674.png,9,0.940553
100209,frames/69675.png,9,0.936508
100188,frames/69678.png,9,0.927612
101005,frames/69679.png,9,0.828827
100942,frames/69778.png,9,0.81241
100459,frames/69782.png,9,0.784657
101399,frames/69783.png,9,0.84534
100708,frames/69780.png,9,0.788812
100758,frames/69781.png,9,0.821943
100625,img/124756.jpg,10,1.0
101103,img/124481.jpg,10,0.860823
100962,img/124496.jpg,10,0.805239
101035,img/125249.jpg,10,0.784842
101412,img/123980.jpg,10,0.90409
101322,img/114567.jpg,11,1.0
101382,frames/148897.png,11,0.945294
100093,frames/148756.png,11,0.867577
100696,frames/148683.png,11,0.835737
100828,frames/148322.png,11,0.870156
100050,frames/148708.png,11,0.896308
101140,frames/148262.png,11,0.937939
100886,frames/148082.png,11,0.939996
100526,frames/69661.png,12,1.0
101376,frames/69660.png,12,0.956983
100999,frames/69662.png,12,0.851979
100152,frames/69647.png,12,0.915403
101075,frames/69646.png,12,0.915948
101374,frames/69658.png,12,0.920164
100764,frames/69659.png,12,0.931601
100165,frames/69656.png,12,0.91158
100072,frames/69657.png,12,0.916084
100753,frames/10574.png,13,1.0
101392,frames/10575.png,13,0.869826
101437,frames/10573.png,13,0.925172
101248,img/1013.jpg,13,0.821328
100031,img/2832.jpeg,13,0.80252
101310,frames/7123.png,13,0.720672
100630,frames/10592.png,13,0.918886
101155,frames/10587.png,13,0.914435
100610,frames/10583.png,13,0.873772
100497,frames/10582.png,13,0.932228
100529,frames/10581.png,13,0.937795
100463,frames/10580.png,13,0.887249
101101,img/2051.jpg,14,1.0
100839,img/3453.jpg,14,0.958588
100731,img/1841.jpg,14,0.931324
100140,img/2517.jpg,14,0.832427
100673,img/4719.jpg,14,0.928834
101217,img/4973.jpg,14,0.88608
100034,img/4570.jpeg,14,0.862597
100368,img/2692.jpg,14,0.939883
100773,img/4912.jpg,14,0.950347
100551,img/2523.jpg,14,0.934757
100359,img/2605.jpg,14,0.932211
101199,frames/22139.png,15,1.0
100864,frames/22138.png,15,0.945048
100399,frames/22137.png,15,0.959211
100329,frames/22136.png,15,0.971577
100338,img/1084.jpg,15,0.862171
100602,frames/15928.png,15,0.966403
100991,frames/15929.png,15,0.945155
101371,frames/15925.png,15,0.930672
100878,frames/15926.png,15,0.946737
100760,frames/15927.png,15,0.955971
100145,frames/5567.png,15,0.880309
101158,frames/5563.png,15,0.899627
100562,frames/15935.png,15,0.957223
100655,frames/15934.png,15,0.923216
101126,frames/15933.png,15,0.922764
100908,frames/15932.png,15,0.939351
100521,frames/15931.png,15,0.932953
100363,frames/15930.png,15,0.950799
100695,frames/22140.png,15,0.948788
100520,frames/22142.png,15,0.961619
100928,frames/204725.png,16,1.0
101295,frames/207097.png,16,0.923533
100194,img/5060.jpg,17,1.0
100040,img/342.jpg,17,0.956321
100325,img/2782.jpg,17,0.964226
100450,img/1940.jpg,17,0.902896
100071,img/3083.jpg,17,0.877137
100257,frames/220418.png,18,1.0
100678,frames/220439.png,18,0.940454
101266,frames/219275.png,18,0.957088
101065,frames/220198.png,18,0.924065
100858,frames/219012.png,18,0.761025
100381,frames/219388.png,18,0.889643
101068,frames/219367.png,18,0.763335
101255,frames/221896.png,19,1.0
100443,frames/219040.png,19,0.974203
101136,frames/220294.png,19,0.961439
100957,frames/222194.png,19,0.965282
100366,frames/221192.png,19,0.948586
100988,img/115073.jpg,19,0.883921
101081,frames/219703.png,19,0.957678
100036,frames/220551.png,19,0.959028
100628,frames/218554.png,19,0.944362
101079,frames/221545.png,19,0.96168
100335,frames/219052.png,19,0.942093
100726,img/114878.jpg,19,0.755326
101302,frames/220161.png,19,0.92159
101102,frames/222320.png,19,0.968236
100409,frames/221488.png,19,0.965222
100527,frames/220751.png,19,0.968236
100451,frames/219622.png,19,0.941223
101279,frames/221105.png,19,0.973604
101271,frames/218908.png,19,0.966931
100387,frames/218990.png,19,0.941743
100500,frames/167562.png,20,1.0
100320,frames/69696.png,20,0.716659
100776,frames/166808.png,20,0.910999
100406,frames/166978.png,20,0.966087
100022,frames/167511.png,20,0.936939
101111,frames/218680.png,20,0.600857
100686,frames/7180.png,20,0.861561
101304,frames/167245.png,20,0.952553
101001,frames/42735.png,20,0.773499
101221,frames/205097.png,20,0.739007
100295,frames/42725.png,20,0.867069
100683,frames/167644.png,20,0.92048
100485,frames/167064.png,20,0.960288
100624,frames/184240.png,20,0.848913
100733,img/2988.jpeg,20,0.820507
100998,frames/69779.png,20,0.907865
100622,frames/167552.png,20,0.79941
100838,frames/17158.png,20,0.7974
100669,frames/148144.png,21,1.0
100676,frames/148362.png,21,0.903939
100273,frames/148806.png,21,0.916642
100100,frames/148581.png,21,0.945158
100873,frames/148723.png,21,0.914337
101119,frames/148263.png,21,0.801815
101098,frames/148532.png,21,0.878305
100935,frames/148238.png,21,0.899309
100989,frames/148303.png,21,0.916082
100707,frames/207483.png,21,0.850071
101329,frames/227918.png,22,1.0
101150,frames/228108.png,22,0.946957
100324,frames/228118.png,22,0.931457
101146,frames/228135.png,22,0.953246
101425,frames/227876.png,22,0.951599
100553,img/713.png,22,0.623286
101390,frames/228188.png,22,0.937896
100595,frames/227870.png,22,0.937718
100939,frames/194661.png,23,1.0
100235,frames/191625.png,23,0.824628
100490,frames/195333.png,23,0.916286
101205,img/118904.jpg,23,0.776764
101160,frames/189153.png,23,0.891586
101222,frames/189037.png,23,0.876547
100096,frames/193650.png,23,0.891039
100663,frames/189680.png,23,0.902774
100949,img/119129.jpg,23,0.768653
100965,frames/191173.png,23,0.868919
100833,frames/191771.png,23,0.865525
100319,frames/193458.png,23,0.890101
100774,frames/192267.png,23,0.848101
100783,frames/69649.png,24,1.0
101326,frames/69648.png,24,0.880999
100843,frames/69650.png,24,0.954166
100720,frames/69651.png,24,0.932306
101076,frames/69652.png,24,0.950993
100672,frames/69653.png,24,0.945679
101241,frames/69654.png,24,0.967721
100544,frames/69655.png,24,0.955357
100646,img/69664.jpg,24,0.814537
100216,frames/42695.png,25,1.0
100912,frames/42697.png,25,0.755209
100099,frames/42696.png,25,0.874781
100787,frames/42699.png,25,0.967809
100108,frames/42698.png,25,0.767551
100190,frames/42711.png,25,0.896121
101049,frames/42712.png,25,0.968067
100473,frames/42713.png,25,0.868013
100328,frames/42714.png,25,0.966595
100311,frames/42716.png,25,0.972094
100340,frames/42717.png,25,0.973991
100845,frames/42718.png,25,0.968662
100453,frames/42703.png,25,0.933332
100211,frames/42702.png,25,0.969704
100745,frames/42701.png,25,0.968649
100307,frames/42700.png,25,0.977088
100950,frames/42707.png,25,0.971399
101385,frames/42705.png,25,0.96391
100265,frames/42704.png,25,0.953237
100357,frames/42734.png,25,0.883995
100815,frames/42732.png,25,0.934746
100144,frames/42733.png,25,0.960569
100200,frames/42731.png,25,0.948307
100987,frames/42729.png,25,0.873885
100742,frames/42728.png,25,0.934129
100491,frames/42721.png,25,0.88486
100436,frames/42722.png,25,0.940412
100346,frames/42726.png,25,0.960984
100956,img/42239.jpg,25,0.894953
100167,frames/42777.png,25,0.896085
100948,frames/42709.png,25,0.872159
100761,frames/5564.png,26,1.0
100990,frames/5565.png,26,0.919678
100649,frames/5566.png,26,0.904676
100290,frames/5560.png,26,0.898196
101142,frames/5561.png,26,0.918433
100242,frames/5562.png,26,0.920406
100569,frames/5568.png,26,0.901802
100785,frames/5557.png,26,0.918091
101077,frames/5556.png,26,0.824504
100734,frames/5559.png,26,0.9117
100721,frames/5558.png,26,0.937216
101343,img/1170.jpg,26,0.897276
100706,frames/175434.png,27,1.0
100260,frames/175433.png,27,0.922508
100302,frames/175728.png,27,0.883159
101233,frames/175548.png,27,0.946022
100503,frames/175609.png,27,0.796202
100076,frames/175423.png,27,0.921661
100103,frames/175552.png,27,0.824177
100403,frames/175632.png,27,0.962446
100814,frames/175577.png,27,0.935843
100133,frames/175508.png,27,0.953333
100170,frames/175507.png,27,0.929669
100224,frames/175504.png,27,0.958379
101085,frames/175502.png,27,0.923514
100919,frames/175414.png,27,0.942274
101214,frames/175762.png,27,0.968368
100709,frames/175519.png,27,0.908444
100424,frames/175693.png,27,0.89146
101193,frames/175741.png,27,0.9137
100830,img/122235.jpg,27,0.766968
100378,img/121297.jpg,27,0.697874
100722,frames/175664.png,27,0.945444
101223,frames/175756.png,27,0.968618
100316,frames/175590.png,27,0.944863
100171,frames/175653.png,27,0.899165
100892,frames/175493.png,27,0.845119
101354,frames/175648.png,27,0.916656
100743,frames/175463.png,27,0.955887
100014,frames/175564.png,27,0.914808
101453,frames/175568.png,27,0.964515
100614,frames/175591.png,27,0.917217
101471,img/122027.jpg,27,0.779606
101407,frames/175752.png,27,0.906401
100664,frames/25058.png,28,1.0
100175,img/361.jpg,28,0.748697
101421,frames/13699.png,28,0.901765
100784,frames/13698.png,28,0.928209
101428,frames/13693.png,28,0.840907
100528,frames/13692.png,28,0.842835
101089,frames/13691.png,28,0.820798
100139,frames/13690.png,28,0.836707
100422,frames/13697.png,28,0.918671
100256,frames/13696.png,28,0.851968
101262,frames/13695.png,28,0.956508
101388,frames/13694.png,28,0.906229
100182,frames/25064.png,28,0.781336
100532,img/333.jpg,29,1.0
100632,img/2111.jpeg,29,0.883574
101072,img/4997.jpeg,29,0.811106
101368,frames/16729.png,29,0.924187
100138,frames/16727.png,29,0.857629
101366,frames/16726.png,29,0.867168
100155,frames/16725.png,29,0.945413
100287,img/19.jpg,29,0.943284
100365,img/3568.jpg,29,0.907611
100546,img/3968.jpeg,29,0.776511
100288,frames/16734.png,29,0.887542
100339,frames/16735.png,29,0.952642
101033,frames/16736.png,29,0.911453
100825,frames/16737.png,29,0.833315
100713,frames/16731.png,29,0.934361
100323,frames/16732.png,29,0.908657
101458,frames/16733.png,29,0.878004
101328,img/4702.jpeg,29,0.83213
100727,frames/6634.png,29,0.854222
100227,img/3263.jpeg,29,0.770078
100952,frames/7122.png,29,0.816786
100748,img/288.jpeg,29,0.888531
100531,img/1791.jpeg,29,0.875632
100141,img/2674.jpg,30,1.0
100917,frames/191137.png,30,0.886384
101281,frames/192174.png,30,0.93518
100765,frames/192585.png,30,0.838748
100011,frames/190931.png,30,0.906581
100801,frames/45215.png,31,1.0
100005,frames/45197.png,31,0.957271
100073,frames/45355.png,31,0.939215
100898,frames/45179.png,31,0.957154
100661,frames/45173.png,31,0.9384
100735,frames/45321.png,31,0.929594
101365,frames/53489.png,31,0.939659
100198,frames/45327.png,31,0.948532
101347,frames/53824.png,31,0.954034
101232,frames/53726.png,31,0.97238
100364,frames/45300.png,31,0.938264
100703,frames/53570.png,31,0.918297
101015,frames/53586.png,31,0.950755
100849,frames/53587.png,31,0.962535
100374,frames/53850.png,31,0.963176
100967,frames/53456.png,31,0.906139
101289,frames/45157.png,31,0.914534
100871,frames/45155.png,31,0.946783
100370,frames/45366.png,31,0.949071
100523,frames/53592.png,31,0.941008
100558,frames/53597.png,31,0.928548
100540,frames/53446.png,31,0.941759
101036,frames/45148.png,31,0.962039
101401,frames/53472.png,31,0.951972
101118,frames/53686.png,31,0.955021
100698,frames/53867.png,31,0.958385
100914,frames/53868.png,31,0.947506
101457,frames/53678.png,31,0.9436
101398,frames/53786.png,31,0.954602
101386,frames/53787.png,31,0.954769
101013,frames/53781.png,31,0.984916
101151,frames/53539.png,31,0.923231
100770,frames/45288.png,31,0.95138
100870,frames/53418.png,31,0.931487
101220,frames/53416.png,31,0.932343
100110,frames/53417.png,31,0.969889
101047,frames/53413.png,31,0.904539
100230,frames/45198.png,31,0.939181
100063,frames/53529.png,31,0.937336
100525,frames/45195.png,31,0.958243
101018,frames/45191.png,31,0.967885
101286,frames/45264.png,31,0.974184
101317,frames/53797.png,31,0.952311
100596,frames/53793.png,31,0.952292
100983,frames/53790.png,31,0.958429
100173,frames/53811.png,31,0.950829
100970,frames/53885.png,31,0.945101
100275,frames/45296.png,31,0.966503
100712,frames/45181.png,31,0.934039
100446,frames/45180.png,31,0.950713
100887,frames/53532.png,31,0.96202
101144,frames/53536.png,31,0.954949
100609,frames/45270.png,31,0.947841
101393,frames/45277.png,31,0.95931
100495,frames/45279.png,31,0.931718
100786,frames/45278.png,31,0.918405
101256,frames/53654.png,31,0.957613
100350,frames/53652.png,31,0.935098
100891,img/1630.jpg,31,0.859146
100065,img/45072.jpg,31,0.851499
101435,frames/53508.png,31,0.962511
101228,frames/53647.png,31,0.943496
100471,frames/45362.png,31,0.966988
100184,frames/53429.png,31,0.956846
101230,frames/45253.png,31,0.965166
100440,frames/45256.png,31,0.901681
101108,frames/53744.png,31,0.931653
100444,frames/53486.png,31,0.940375
100772,frames/45226.png,31,0.969119
101318,frames/45227.png,31,0.962092
100968,frames/53752.png,31,0.937246
101062,frames/53750.png,31,0.962706
101259,frames/53757.png,31,0.941021
100931,frames/53754.png,31,0.960524
100427,frames/53619.png,31,0.922449
100857,frames/53612.png,31,0.940509
100893,frames/53380.png,31,0.948237
100791,frames/53642.png,31,0.951024
100448,frames/53727.png,31,0.968358
100377,frames/53547.png,31,0.948614
100570,frames/45335.png,31,0.967629
101189,frames/53608.png,31,0.959168
100086,frames/53605.png,31,0.928963
100700,frames/45209.png,31,0.933885
101443,frames/53770.png,31,0.944464
100900,frames/53554.png,31,0.939431
100049,frames/53393.png,31,0.951194
100966,frames/53390.png,31,0.946321
100489,frames/53394.png,31,0.962708
100087,frames/53805.png,31,0.966956
101305,frames/45328.png,31,0.954056
100127,frames/42710.png,32,1.0
101198,frames/42706.png,32,0.96829
100367,frames/42730.png,32,0.945432
100043,frames/42720.png,32,0.955244
100612,frames/42727.png,32,0.980959
101251,frames/42715.png,32,0.9641
101012,frames/42708.png,32,0.939502
100204,frames/53704.png,33,1.0
100277,frames/53707.png,33,0.984396
101100,frames/45199.png,33,0.971984
100205,frames/53496.png,33,0.948106
101145,frames/53835.png,33,0.959334
101345,frames/53713.png,33,0.96799
101191,frames/45174.png,33,0.959722
101180,frames/53488.png,33,0.973236
100392,frames/53823.png,33,0.954939
101313,frames/53576.png,33,0.957211
101320,frames/45164.png,33,0.983436
100848,frames/53452.png,33,0.944041
101156,frames/53737.png,33,0.975407
101244,frames/53447.png,33,0.954043
100545,frames/45142.png,33,0.93174
100322,frames/53901.png,33,0.964876
100021,frames/53904.png,33,0.965656
100172,frames/53470.png,33,0.948387
101352,frames/53684.png,33,0.961805
100725,frames/53834.png,33,0.924302
101116,frames/53863.png,33,0.957802
101261,frames/45186.png,33,0.949976
100083,frames/53469.png,33,0.934751
100934,frames/53676.png,33,0.971111
100039,frames/53782.png,33,0.9643
100779,frames/53828.png,33,0.961147
101056,frames/53891.png,33,0.989576
100680,frames/45266.png,33,0.94026
101418,frames/53816.png,33,0.954998
101168,frames/53886.png,33,0.957739
101327,frames/45295.png,33,0.943319
100584,frames/45297.png,33,0.965492
100428,frames/53404.png,33,0.951223
100979,frames/45184.png,33,0.958918
100889,frames/53533.png,33,0.901244
100689,frames/45273.png,33,0.970983
100798,frames/53656.png,33,0.944355
100452,frames/53432.png,33,0.92811
101308,frames/53505.png,33,0.950285
100196,frames/53503.png,33,0.941273
100286,frames/45361.png,33,0.974921
101303,frames/45241.png,33,0.918121
100464,frames/45248.png,33,0.970629
100943,frames/53635.png,33,0.964941
100115,frames/53632.png,33,0.963787
101384,frames/53623.png,33,0.963251
100054,frames/53571.png,33,0.954675
100236,frames/45233.png,33,0.924263
101436,frames/45230.png,33,0.948334
100519,frames/53388.png,33,0.966702
100479,frames/53387.png,33,0.948619
101431,frames/45334.png,33,0.954808
101319,frames/53603.png,33,0.946944
101272,frames/53777.png,33,0.974538
100126,frames/53776.png,33,0.96071
101040,frames/45323.png,33,0.964443
101006,frames/53391.png,33,0.962903
100876,frames/53909.png,33,0.953068
100866,frames/53803.png,33,0.96364
101210,frames/45210.png,34,1.0
100954,frames/53705.png,34,0.972228
100547,frames/53709.png,34,0.964198
100969,frames/53830.png,34,0.954457
100130,frames/53717.png,34,0.947477
101113,frames/53714.png,34,0.950743
100653,frames/45177.png,34,0.943497
101253,frames/45170.png,34,0.960784
100180,frames/45346.png,34,0.970162
100032,frames/45340.png,34,0.967004
100936,frames/53725.png,34,0.965386
100638,frames/45306.png,34,0.93306
100371,frames/53584.png,34,0.961182
100568,frames/53853.png,34,0.979511
101408,img/276.jpg,34,0.808795
100174,frames/53739.png,34,0.953988
100062,frames/53738.png,34,0.947152
100312,frames/53734.png,34,0.974642
100923,frames/45153.png,34,0.954586
100488,frames/45151.png,34,0.958262
100806,frames/53852.png,34,0.959092
100156,frames/53843.png,34,0.973114
100326,frames/45147.png,34,0.956968
100074,frames/53695.png,34,0.959915
101373,frames/53698.png,34,0.940384
101173,frames/53902.png,34,0.952825
101238,frames/53905.png,34,0.972427
101240,frames/53878.png,34,0.949488
101201,frames/53475.png,34,0.960775
100271,frames/53471.png,34,0.960737
100585,frames/53683.png,34,0.973259
100166,frames/53688.png,34,0.962226
100826,frames/45352.png,34,0.959739
101257,frames/53831.png,34,0.955643
101029,frames/53912.png,34,0.95616
100305,frames/53866.png,34,0.956624
100181,frames/53460.png,34,0.946619
101441,frames/53672.png,34,0.947385
101227,frames/53675.png,34,0.953143
100620,frames/53784.png,34,0.928306
100651,frames/53898.png,34,0.962918
101433,frames/53899.png,34,0.937865
100267,frames/53896.png,34,0.956446
101148,frames/45284.png,34,0.989059
100297,frames/45192.png,34,0.958794
100856,frames/45260.png,34,0.935878
101258,frames/53667.png,34,0.95873
101456,frames/53796.png,34,0.962314
100128,frames/53409.png,34,0.961021
101380,frames/53402.png,34,0.948857
100880,frames/45187.png,34,0.969665
100993,frames/45189.png,34,0.96088
101066,frames/53655.png,34,0.940873
101264,img/2817.jpg,34,0.869757
101459,frames/45207.png,34,0.958085
100652,frames/53502.png,34,0.963523
101207,frames/53844.png,34,0.968205
100693,frames/45246.png,34,0.964084
101252,frames/45242.png,34,0.94379
100883,frames/53424.png,34,0.97321
101358,frames/53512.png,34,0.969432
100077,frames/53634.png,34,0.933878
100008,frames/53630.png,34,0.883064
100045,frames/53631.png,34,0.961695
100095,frames/53638.png,34,0.953626
100481,frames/53748.png,34,0.957171
101002,frames/45316.png,34,0.968564
100310,frames/53746.png,34,0.970014
100744,frames/45319.png,34,0.959848
101204,frames/45221.png,34,0.967134
100408,frames/45222.png,34,0.974844
101060,frames/45347.png,34,0.969664
100946,frames/53751.png,34,0.96049
100505,frames/45349.png,34,0.951045
101446,frames/53826.png,34,0.950079
100574,frames/53614.png,34,0.962395
101152,frames/45235.png,34,0.972842
101130,frames/53767.png,34,0.966708
100186,frames/53760.png,34,0.973656
100581,frames/53544.png,34,0.950958
101291,frames/45160.png,34,0.956783
100407,frames/45200.png,34,0.98047
101024,frames/53775.png,34,0.953504
100193,frames/53395.png,34,0.943003
100768,frames/45322.png,34,0.958283
100318,frames/129763.png,35,1.0
101452,frames/126099.png,35,0.9734
100855,img/101901.jpg,35,0.816854
100903,frames/129679.png,35,0.945878
100590,img/100652.jpg,35,0.822394
100410,frames/129543.png,35,0.961174
100067,img/3718.jpg,36,1.0
100960,frames/53715.png,36,0.931806
101470,frames/53712.png,36,0.948677
100994,frames/10579.png,36,0.800473
100684,frames/53482.png,36,0.958861
101154,frames/53481.png,36,0.958507
100888,frames/53729.png,36,0.945321
101169,frames/45301.png,36,0.953476
100435,frames/45158.png,36,0.944312
101143,frames/53842.png,36,0.880323
100420,frames/53840.png,36,0.965671
101451,frames/53696.png,36,0.963409
101185,frames/53873.png,36,0.965506
101413,frames/53874.png,36,0.959046
100890,frames/53474.png,36,0.945555
100283,frames/53682.png,36,0.945068
100901,frames/53860.png,36,0.95829
100187,frames/53465.png,36,0.887519
100953,frames/53788.png,36,0.945305
100454,frames/53785.png,36,0.888804
100976,frames/53897.png,36,0.976312
100701,frames/53521.png,36,0.970689
101306,frames/53522.png,36,0.983518
101059,frames/53528.png,36,0.952973
101009,frames/45261.png,36,0.954226
100113,frames/45268.png,36,0.957428
100241,frames/53794.png,36,0.875933
101342,frames/53791.png,36,0.950536
100066,frames/53880.png,36,0.931293
100690,frames/45298.png,36,0.967515
100053,frames/45293.png,36,0.960291
101208,frames/45188.png,36,0.929765
101293,frames/45332.png,36,0.952398
100090,frames/53534.png,36,0.965861
101287,frames/53650.png,36,0.959907
100317,img/45071.jpg,36,0.822152
101034,frames/53438.png,36,0.842895
101125,frames/53845.png,36,0.911124
101297,frames/53643.png,36,0.969699
100161,img/4671.jpg,36,0.868559
101167,frames/53633.png,36,0.962067
100213,frames/45250.png,36,0.932058
100916,frames/53749.png,36,0.975432
100541,frames/45315.png,36,0.954204
100911,frames/45220.png,36,0.944956
100069,frames/53756.png,36,0.95217
100674,frames/53577.png,36,0.954775
100262,frames/10586.png,36,0.876772
101333,frames/53810.png,36,0.951416
100344,frames/53545.png,36,0.952792
100922,frames/45330.png,36,0.933624
100462,frames/45331.png,36,0.91593
100293,frames/53609.png,36,0.94554
101027,frames/45202.png,36,0.939962
100775,frames/45324.png,36,0.838243
101361,frames/53551.png,36,0.948537
100751,frames/53808.png,36,0.957233
101362,frames/45213.png,37,1.0
100685,frames/53552.png,37,0.952424
100715,frames/53526.png,37,0.945079
101011,frames/53703.png,37,0.947617
100717,frames/53494.png,37,0.953088
101123,frames/53497.png,37,0.963026
100351,frames/53490.png,37,0.954614
101020,frames/53498.png,37,0.946466
101260,frames/53499.png,37,0.96979
100247,frames/45358.png,37,0.951119
100516,frames/45175.png,37,0.957798
100605,frames/45325.png,37,0.959958
101225,frames/53487.png,37,0.960542
100136,frames/53829.png,37,0.938192
100984,frames/45344.png,37,0.952756
101139,frames/53720.png,37,0.956263
100057,frames/53724.png,37,0.93793
100599,frames/45303.png,37,0.95931
100781,frames/45169.png,37,0.969779
100613,frames/53573.png,37,0.960717
101274,frames/53858.png,37,0.962577
100308,frames/53589.png,37,0.981869
101294,frames/53583.png,37,0.95912
100447,frames/53580.png,37,0.952517
101349,frames/53450.png,37,0.963245
100716,frames/45152.png,37,0.948576
100398,frames/45150.png,37,0.940984
100333,frames/45159.png,37,0.930796
101163,frames/45369.png,37,0.971186
100160,frames/53849.png,37,0.968916
100353,frames/45364.png,37,0.946186
100229,frames/53591.png,37,0.973087
101348,frames/53590.png,37,0.926026
100487,frames/53594.png,37,0.9406
101188,frames/45143.png,37,0.966002
100253,frames/53690.png,37,0.966116
100425,frames/53691.png,37,0.965584
101460,frames/53454.png,37,0.959243
100362,frames/53907.png,37,0.920353
100411,frames/53871.png,37,0.941895
100879,frames/53477.png,37,0.959039
100012,frames/53680.png,37,0.9625
100920,frames/53689.png,37,0.959834
100808,frames/45351.png,37,0.966907
100438,frames/45294.png,37,0.929124
100618,frames/53864.png,37,0.960965
100771,frames/53869.png,37,0.956483
100199,frames/53679.png,37,0.958107
100580,frames/53671.png,37,0.964622
100592,frames/53677.png,37,0.948203
101052,frames/53780.png,37,0.960737
100010,frames/53783.png,37,0.963069
101202,frames/53893.png,37,0.944416
100885,frames/53895.png,37,0.937475
100565,frames/53419.png,37,0.971192
101239,frames/53523.png,37,0.9373
100234,frames/53527.png,37,0.962105
100616,frames/45194.png,37,0.953324
100064,frames/45193.png,37,0.954796
100314,frames/45262.png,37,0.958852
100583,frames/45263.png,37,0.988341
100465,frames/45267.png,37,0.938587
100841,frames/53668.png,37,0.945843
100315,frames/53665.png,37,0.955428
100670,frames/53799.png,37,0.963769
101021,frames/53798.png,37,0.972941
100906,frames/53795.png,37,0.925507
101105,frames/53546.png,37,0.959985
100000,frames/53815.png,37,0.93986
101026,frames/45299.png,37,0.96624
100854,frames/45291.png,37,0.924362
100006,frames/45292.png,37,0.964222
101073,frames/53406.png,37,0.964752
100910,frames/53401.png,37,0.957343
100918,frames/45183.png,37,0.947282
100051,frames/45185.png,37,0.958431
100492,frames/53461.png,37,0.975204
100517,frames/53538.png,37,0.967993
100013,frames/45272.png,37,0.93375
100207,frames/45274.png,37,0.954046
101165,frames/53653.png,37,0.936193
100985,frames/53651.png,37,0.973193
100185,frames/53802.png,37,0.947263
100641,frames/53804.png,37,0.962639
100237,frames/53847.png,37,0.960132
100640,frames/53500.png,37,0.958274
100732,frames/53641.png,37,0.956902
100905,frames/53644.png,37,0.933225
100658,frames/53646.png,37,0.966291
100135,frames/45363.png,37,0.96513
100147,img/45069.jpg,37,0.813313
100699,frames/53421.png,37,0.972891
100432,frames/53422.png,37,0.930838
100118,frames/53516.png,37,0.956752
101331,frames/45257.png,37,0.968898
100419,frames/53569.png,37,0.968073
100026,frames/53560.png,37,0.97146
100894,frames/53740.png,37,0.959505
100535,frames/53742.png,37,0.92596
100869,frames/53745.png,37,0.902733
100718,frames/53568.png,37,0.961583
101054,frames/53625.png,37,0.945924
101055,frames/53624.png,37,0.96537
100372,frames/53629.png,37,0.969079
100089,frames/53628.png,37,0.965817
101403,frames/53759.png,37,0.955317
100882,frames/53753.png,37,0.959024
100483,frames/53755.png,37,0.964499
101192,frames/53379.png,37,0.9374
101174,frames/53574.png,37,0.927001
100238,frames/53613.png,37,0.945352
101344,frames/53610.png,37,0.95017
100354,frames/45232.png,37,0.962738
100009,frames/45231.png,37,0.970394
100648,frames/53768.png,37,0.949646
101465,frames/53763.png,37,0.971811
100214,frames/53381.png,37,0.939275
101107,frames/53814.png,37,0.940248
101247,frames/53602.png,37,0.955815
100048,frames/53773.png,37,0.958782
101229,frames/53772.png,37,0.954136
100493,frames/53774.png,37,0.955373
100710,frames/53779.png,37,0.955926
101263,frames/53778.png,37,0.951642
100511,frames/53396.png,37,0.954007
100662,frames/53809.png,37,0.96278
100345,img/2331.jpg,38,1.0
100975,img/1015.jpg,38,0.82513
100757,frames/193778.png,38,0.778501
100642,img/123942.jpg,38,0.773288
101067,frames/6624.png,38,0.85056
101273,frames/6622.png,38,0.788126
100809,frames/6621.png,38,0.919999
101216,img/1137.jpg,38,0.702864
100131,frames/221353.png,39,1.0
100740,img/110565.jpg,39,0.790996
100478,img/110959.jpg,39,0.845288
100124,frames/220594.png,39,0.934323
100636,frames/221612.png,39,0.939081
100514,frames/220627.png,39,0.917861
100797,frames/221043.png,39,0.923206
100549,frames/220360.png,39,0.870112
100246,frames/53718.png,40,1.0
101249,frames/53480.png,40,0.956737
100961,frames/45168.png,40,0.946438
100415,frames/45167.png,40,0.962992
101300,frames/45156.png,40,0.926911
100348,frames/45368.png,40,0.944646
101212,frames/53593.png,40,0.969189
101387,frames/53693.png,40,0.949786
101363,frames/53479.png,40,0.947794
100426,frames/53685.png,40,0.940288
101031,frames/53855.png,40,0.937908
100457,frames/53462.png,40,0.927969
101138,frames/53892.png,40,0.941033
101311,frames/45289.png,40,0.945768
100052,frames/53524.png,40,0.943352
101128,frames/53525.png,40,0.930164
101417,frames/53541.png,40,0.950331
100872,frames/53400.png,40,0.966274
100379,frames/45271.png,40,0.980968
100125,frames/53657.png,40,0.933337
101419,frames/45240.png,40,0.951038
101434,frames/53510.png,40,0.975784
101224,frames/45254.png,40,0.941926
101338,frames/45311.png,40,0.97099
101003,frames/53758.png,40,0.946022
101203,frames/45302.png,40,0.942841
101330,frames/53618.png,40,0.970249
101292,frames/53540.png,40,0.970773
100004,frames/53548.png,40,0.946117
101159,frames/45336.png,40,0.951738
100629,frames/45204.png,40,0.942059
101288,frames/45205.png,40,0.949622
100439,frames/53553.png,40,0.954569
100932,frames/45320.png,40,0.961688
101315,frames/45329.png,40,0.946114
101410,frames/42736.png,41,1.0
101183,frames/42737.png,41,0.96619
100208,frames/42738.png,41,0.935136
100252,frames/42739.png,41,0.968001
100027,frames/42742.png,41,0.961234
100102,frames/42741.png,41,0.958324
100656,frames/42740.png,41,0.97474
100724,img/119046.jpg,42,1.0
100075,img/118279.jpg,42,0.997957
100289,frames/148827.png,43,1.0
100304,frames/148226.png,43,0.838802
101190,frames/148910.png,43,0.772257
100671,frames/148356.png,43,0.867134
100082,frames/148659.png,43,0.9206
101462,frames/148478.png,43,0.865684
101197,img/3120.jpg,44,1.0
101106,img/4800.jpg,44,0.889304
101063,img/3814.jpg,44,0.903426
100677,img/491.jpg,44,0.887334
101378,img/814.jpg,44,0.931576
101242,img/3556.jpg,44,0.86421
101083,img/2165.jpg,44,0.892751
101053,img/2179.jpg,44,0.816688
100291,img/1741.jpg,44,0.865573
100202,img/2492.jpg,44,0.89785
100197,img/117771.jpg,44,0.603272
100728,frames/185326.png,45,1.0
100755,img/116683.jpg,45,0.798489
100904,frames/183427.png,45,0.873858
100944,frames/184733.png,45,0.901194
100400,frames/184338.png,45,0.711186
100947,frames/184259.png,45,0.789656
100269,frames/53708.png,46,1.0
100795,frames/53495.png,46,0.956872
100380,frames/53491.png,46,0.961281
100294,frames/45350.png,46,0.966572
100800,frames/45359.png,46,0.96044
100030,frames/53485.png,46,0.972892
100331,frames/45345.png,46,0.971461
100963,frames/45348.png,46,0.957722
100469,img/789.jpg,46,0.859155
100634,frames/45365.png,46,0.965543
100548,frames/53872.png,46,0.957504
100654,frames/53876.png,46,0.962183
101339,frames/53877.png,46,0.97758
101023,frames/45357.png,46,0.964247
100123,frames/53854.png,46,0.946802
100486,frames/53861.png,46,0.953663
100666,frames/53670.png,46,0.962647
100061,frames/45287.png,46,0.967237
100274,frames/53884.png,46,0.943504
100119,frames/53658.png,46,0.964075
101442,frames/45360.png,46,0.964757
101422,frames/45244.png,46,0.987843
101091,frames/45245.png,46,0.965054
100749,frames/53673.png,46,0.980271
100299,frames/53420.png,46,0.969838
100385,frames/53518.png,46,0.955618
101090,frames/53636.png,46,0.970405
100777,frames/45312.png,46,0.937459
101030,frames/53627.png,46,0.9642
101218,frames/53626.png,46,0.981557
100762,frames/45308.png,46,0.948609
101394,frames/53766.png,46,0.973142
100633,frames/53765.png,46,0.975573
100543,frames/53762.png,46,0.927075
101184,frames/53501.png,46,0.958339
100264,frames/53383.png,46,0.965169
101071,frames/53386.png,46,0.952577
100437,frames/53813.png,46,0.974301
100647,frames/53607.png,46,0.956266
100472,frames/53800.png,46,0.961729
100055,frames/53397.png,46,0.978392
100019,frames/53559.png,46,0.962778
101395,frames/182879.png,47,1.0
100226,frames/142900.png,47,0.882864
101206,img/116910.jpg,47,0.85919
100025,img/117542.jpg,47,0.908466
101420,frames/141994.png,47,0.896145
100079,img/117395.jpg,47,0.886893
100332,frames/141797.png,47,0.86868
100573,img/1899.jpg,48,1.0
100694,img/4916.jpg,48,0.844343
100697,img/4173.jpg,48,0.940962
101219,frames/14823.png,48,0.800241
101149,img/2482.jpg,48,0.899689
100846,img/3697.jpg,48,0.959483
100971,img/3227.jpg,48,0.963111
100794,img/5025.jpg,48,0.94934
100756,img/1219.jpg,48,0.925786
101269,img/1574.jpg,48,0.977051
100688,img/3.jpg,48,0.880249
100104,img/114253.jpg,49,1.0
100759,img/114484.jpg,49,0.960229
100084,img/115520.jpg,49,0.964847
100606,img/114465.jpg,49,0.898945
100474,frames/42772.png,50,1.0
100309,frames/42719.png,50,0.908824
101402,img/1625.jpg,50,0.831891
100631,img/42240.jpg,50,0.929774
100980,img/1413.jpg,50,0.753315
101016,img/3920.jpg,50,0.956597
100148,img/42264.jpg,50,0.929825
100937,img/42263.png,50,0.922258
101007,frames/42765.png,50,0.974293
101307,frames/42764.png,50,0.941474
100997,frames/42769.png,50,0.972895
101186,frames/42768.png,50,0.937834
100659,frames/42773.png,50,0.972552
100913,frames/42770.png,50,0.979079
100996,frames/42771.png,50,0.966529
100146,frames/42776.png,50,0.90787
100327,frames/42774.png,50,0.96987
100506,frames/42775.png,50,0.952597
100847,frames/42778.png,50,0.967763
101275,img/2203.jpg,50,0.810111
101133,frames/42767.png,50,0.969207
101194,frames/42766.png,50,0.970833
100524,img/1270.jpg,50,0.949569
101316,img/1676.jpg,50,0.926942
101153,img/2632.JPG,50,0.905307
101234,img/1111.jpg,50,0.867986
101454,frames/11400.png,51,1.0
101469,frames/11399.png,51,0.94165
101301,img/3321.jpg,51,0.778987
100507,frames/5893.png,51,0.903972
100668,frames/5892.png,51,0.918951
100192,frames/5890.png,51,0.925442
100637,frames/11401.png,51,0.852469
100851,frames/45212.png,52,1.0
101096,frames/45219.png,52,0.93973
100386,frames/53710.png,52,0.805291
100240,frames/53719.png,52,0.937591
100597,frames/45176.png,52,0.962245
100747,frames/45171.png,52,0.939141
100884,frames/45343.png,52,0.888042
100116,frames/53827.png,52,0.942524
100098,frames/53722.png,52,0.959447
100550,frames/53721.png,52,0.965414
101447,frames/45165.png,52,0.926955
100557,frames/45163.png,52,0.963709
100564,frames/45162.png,52,0.927951
100827,frames/45161.png,52,0.92046
100296,frames/53588.png,52,0.902679
100375,frames/53585.png,52,0.976237
100153,frames/53455.png,52,0.929468
100393,frames/45154.png,52,0.950557
101324,frames/53599.png,52,0.959412
100217,frames/53443.png,52,0.95862
101046,frames/53441.png,52,0.967798
100778,frames/53444.png,52,0.971022
100347,frames/53697.png,52,0.964718
100767,frames/53694.png,52,0.912362
100907,frames/53903.png,52,0.955025
101245,frames/53888.png,52,0.944956
101181,frames/53870.png,52,0.9623
100142,frames/53875.png,52,0.952906
101114,frames/53879.png,52,0.925849
100955,frames/53681.png,52,0.975816
100228,frames/53911.png,52,0.926826
101246,frames/53408.png,52,0.933328
100401,frames/53865.png,52,0.950793
100650,frames/53564.png,52,0.939594
100862,frames/53403.png,52,0.943451
100738,frames/53674.png,52,0.897752
100829,frames/53789.png,52,0.951649
100068,frames/53890.png,52,0.912096
101243,frames/45280.png,52,0.935407
100552,frames/45286.png,52,0.975186
100807,frames/45285.png,52,0.933931
100836,frames/53410.png,52,0.844695
100933,frames/53520.png,52,0.948864
101235,frames/53661.png,52,0.921186
101250,frames/53542.png,52,0.94361
101445,frames/53817.png,52,0.930742
100266,frames/53889.png,52,0.940922
100579,frames/53882.png,52,0.97416
101341,frames/53881.png,52,0.935421
101038,frames/53887.png,52,0.941345
101236,frames/53537.png,52,0.977829
100046,frames/45276.png,52,0.97263
100321,frames/45275.png,52,0.970882
101265,frames/53437.png,52,0.946712
101370,frames/53439.png,52,0.972036
101124,frames/53506.png,52,0.950683
100232,frames/53649.png,52,0.979983
100002,frames/45247.png,52,0.923428
100534,frames/45243.png,52,0.94141
101058,frames/53637.png,52,0.959304
101353,frames/53639.png,52,0.95594
101455,frames/45251.png,52,0.945801
101285,frames/45252.png,52,0.9886
100149,frames/53743.png,52,0.951016
100231,frames/53453.png,52,0.907555
100593,frames/53723.png,52,0.925517
100555,frames/45318.png,52,0.956475
100035,frames/45313.png,52,0.941302
100750,frames/45314.png,52,0.95166
100692,frames/45224.png,52,0.938171
100510,frames/45225.png,52,0.957249
100702,frames/45223.png,52,0.956667
100416,frames/53575.png,52,0.947699
100850,frames/45307.png,52,0.968239
101340,frames/53616.png,52,0.963952
101008,frames/53615.png,52,0.962633
100496,frames/45237.png,52,0.962308
101231,frames/45236.png,52,0.944089
100278,frames/53764.png,52,0.959831
101298,frames/53507.png,52,0.93079
100769,frames/53382.png,52,0.921283
100109,frames/53648.png,52,0.951811
101022,frames/53543.png,52,0.951176
100704,frames/53818.png,52,0.962647
100122,frames/53819.png,52,0.827757
101175,frames/45338.png,52,0.98286
101147,frames/45339.png,52,0.971048
100537,frames/45337.png,52,0.958996
101042,frames/45333.png,52,0.969247
100982,frames/53606.png,52,0.95695
101135,frames/45201.png,52,0.946927
100522,frames/45206.png,52,0.948791
100162,frames/53771.png,52,0.955166
100796,frames/53807.png,52,0.87837
101444,frames/53392.png,52,0.96075
101356,frames/45326.png,52,0.963476
101162,img/114473.jpg,53,1.0
100508,img/114942.jpg,53,0.966213
101414,img/114892.jpg,53,0.980166
100897,img/115283.jpg,53,0.903042
101078,img/897.jpg,54,1.0
100578,img/457.jpg,54,0.750221
101061,frames/9272.png,54,0.939662
101426,frames/9267.png,54,0.940728
100802,frames/9269.png,54,0.953666
101278,frames/9268.png,54,0.946363
100644,frames/9273.png,54,0.938905
101359,frames/9271.png,54,0.922965
100024,frames/9274.png,54,0.920922
100518,frames/9275.png,54,0.962742
101334,img/3021.jpg,54,0.867962
101019,frames/14299.png,54,0.94775
100515,frames/14298.png,54,0.964488
100254,frames/14297.png,54,0.958494
101267,img/480.jpg,54,0.847933
100793,img/4787.jpg,54,0.869324
100259,frames/14301.png,54,0.967532
100502,frames/14300.png,54,0.8962
101110,frames/14303.png,54,0.93007
100842,frames/14302.png,54,0.958379
100080,frames/14305.png,54,0.964445
100803,frames/14304.png,54,0.916189
101405,frames/14306.png,54,0.965669
100203,img/4937.jpg,54,0.896798
100681,img/116802.jpg,55,1.0
100114,frames/207791.png,55,0.842539
101299,img/117447.jpg,55,0.849855
100404,frames/207694.png,55,0.953977
101377,img/118183.jpg,55,0.888308
100973,frames/207645.png,55,0.921683
100272,frames/18881.png,56,1.0
100388,frames/18880.png,56,0.867061
101086,frames/18883.png,56,0.906075
100587,frames/18882.png,56,0.848053
100195,frames/18865.png,56,0.780887
101172,img/3467.jpg,56,0.812644
100250,frames/18878.png,56,0.960308
100101,frames/18874.png,56,0.851745
100881,frames/18875.png,56,0.849734
100402,frames/18876.png,56,0.92176
100442,frames/18866.png,57,1.0
100813,img/4044.jpg,57,0.813191
100143,frames/18869.png,57,0.957455
100567,frames/18867.png,57,0.926183
101032,frames/18868.png,57,0.943857
100604,frames/18870.png,57,0.953914
101041,frames/18871.png,57,0.920303
101028,frames/18872.png,57,0.969755
100037,frames/18873.png,57,0.928277
100352,frames/68233.png,58,1.0
100191,frames/68236.png,58,0.93042
101039,frames/68237.png,58,0.952974
100179,frames/68234.png,58,0.896923
101182,frames/68235.png,58,0.95937
100972,frames/68238.png,58,0.933307
100504,frames/68239.png,58,0.954472
100157,img/2516.jpg,58,0.818439
100986,frames/6632.png,58,0.719
100513,img/67051.jpg,58,0.840565
101084,img/67053.jpg,58,0.731246
100044,frames/68243.png,58,0.950386
100111,frames/68242.png,58,0.960457
101050,frames/68241.png,58,0.958664
101121,frames/68240.png,58,0.965611
101200,frames/68247.png,58,0.952391
100623,frames/68246.png,58,0.949442
100070,frames/68245.png,58,0.950311
101166,frames/68244.png,58,0.897734
101439,frames/68248.png,58,0.946734
100615,img/67049.jpg,58,0.815875
101178,img/67046.jpg,58,0.877461
100817,img/67047.jpg,58,0.819202
100038,img/2584.JPG,59,1.0
100336,img/124264.jpg,59,0.907107
100482,img/124714.jpg,59,0.850037
100539,img/1267.jpg,60,1.0
100865,img/51392.jpg,60,0.89424
100334,img/51395.jpg,60,0.847282
100582,img/51397.jpg,60,0.91713
101170,img/51396.jpg,60,0.905752
100134,img/1229.jpg,60,0.805213
101411,img/4569.jpg,60,0.919881
100951,frames/51774.png,61,1.0
100467,frames/45354.png,61,0.881797
101141,frames/10576.png,61,0.730914
100218,frames/10572.png,61,0.889012
101379,frames/10571.png,61,0.827611
101117,frames/53848.png,61,0.899961
100959,frames/53846.png,61,0.907574
100816,img/5049.jpg,61,0.866086
101137,frames/10594.png,61,0.958003
100263,frames/10595.png,61,0.946905
100792,frames/10596.png,61,0.888759
100248,frames/10597.png,61,0.909112
100875,frames/10591.png,61,0.931936
101070,frames/10593.png,61,0.93426
100015,frames/10598.png,61,0.927492
100243,frames/10585.png,61,0.792394
101037,frames/10589.png,61,0.865981
101176,frames/148375.png,62,1.0
100117,frames/148119.png,62,0.802149
101064,frames/148768.png,62,0.78668
100711,frames/148638.png,62,0.836045
101427,img/115060.jpg,62,0.719613
100222,frames/148190.png,62,0.933231
101336,frames/148266.png,62,0.908141
100832,img/115085.jpg,62,0.827098
100859,frames/148884.png,62,0.866593
100132,img/118641.jpg,63,1.0
100494,img/118606.jpg,63,0.795362
100129,img/119140.jpg,63,0.869585
100081,img/118425.jpg,63,0.892846
100279,frames/138535.png,64,1.0
100877,frames/137334.png,64,0.884461
100909,frames/136182.png,64,0.92547
101177,frames/137914.png,64,0.963045
101074,img/115408.jpg,64,0.943867
101360,frames/137944.png,64,0.96869
100902,frames/135975.png,64,0.966606
101296,frames/136353.png,64,0.96554
101045,frames/148861.png,64,0.734641
100358,frames/18968.png,65,1.0
100617,frames/14820.png,65,0.836427
100107,frames/192947.png,65,0.893954
101346,frames/175716.png,65,0.78163
100714,frames/18969.png,65,0.819228
100621,frames/190082.png,65,0.867826
101468,frames/192413.png,65,0.680791
100964,frames/194810.png,65,0.886827
101276,frames/191397.png,65,0.879959
100390,frames/222313.png,65,0.794724
100746,frames/190256.png,65,0.823535
100837,frames/6619.png,65,0.813151
100977,frames/69777.png,65,0.762823
100251,frames/193871.png,65,0.958396
101350,frames/193876.png,65,0.84077
100405,frames/53700.png,66,1.0
100896,frames/53492.png,66,0.962357
100499,frames/53493.png,66,0.940425
100941,frames/45356.png,66,0.964642
101464,frames/53716.png,66,0.954437
100938,frames/45172.png,66,0.980127
100754,frames/53484.png,66,0.969601
101095,frames/53820.png,66,0.945281
100396,frames/53825.png,66,0.960155
101432,frames/53451.png,66,0.938418
100840,frames/53733.png,66,0.979984
100112,frames/53582.png,66,0.965906
101179,frames/53581.png,66,0.957066
100060,frames/53841.png,66,0.959456
101082,frames/53598.png,66,0.918748
100169,frames/53442.png,66,0.945978
100210,frames/53449.png,66,0.949729
100974,frames/45146.png,66,0.981241
100418,frames/53692.png,66,0.979776
100016,frames/53458.png,66,0.952461
101097,frames/53906.png,66,0.970198
100282,frames/53473.png,66,0.948777
100561,frames/53478.png,66,0.931995
100560,frames/53687.png,66,0.921668
100600,frames/53910.png,66,0.965614
101115,frames/53468.png,66,0.954649
100384,frames/53851.png,66,0.969538
100221,frames/45305.png,66,0.978498
100383,frames/45282.png,66,0.966157
100047,frames/45283.png,66,0.951262
100001,frames/45281.png,66,0.931376
100940,frames/53411.png,66,0.948875
100811,frames/53862.png,66,0.933379
100097,frames/45265.png,66,0.964007
100788,frames/45269.png,66,0.966482
100088,frames/53792.png,66,0.908309
100867,frames/53812.png,66,0.972751
100456,frames/53883.png,66,0.959119
100201,frames/53407.png,66,0.949196
100003,frames/53405.png,66,0.90507
101397,frames/53530.png,66,0.94278
100598,frames/53535.png,66,0.936588
100292,frames/53801.png,66,0.967334
101017,frames/53430.png,66,0.924678
101000,frames/53434.png,66,0.955914
100337,frames/53509.png,66,0.964752
100059,frames/53640.png,66,0.976569
100533,frames/53645.png,66,0.952056
100460,frames/53519.png,66,0.957298
100660,frames/45255.png,66,0.927589
101467,frames/53747.png,66,0.948749
101122,frames/45310.png,66,0.954796
100421,frames/45317.png,66,0.967292
100577,frames/45229.png,66,0.950974
101226,frames/45309.png,66,0.941562
100249,frames/53617.png,66,0.961711
100355,frames/45239.png,66,0.987538
100423,frames/45238.png,66,0.959173
100780,frames/45234.png,66,0.96376
100995,frames/53769.png,66,0.965671
100233,frames/53761.png,66,0.950042
101196,frames/53389.png,66,0.953156
101450,frames/53601.png,66,0.967751
100373,frames/53398.png,66,0.956742
100924,frames/53557.png,66,0.952962
100868,frames/53558.png,66,0.972132
100945,frames/25057.png,67,1.0
100812,frames/175468.png,67,0.698084
100501,frames/25065.png,67,0.937758
100461,frames/25067.png,67,0.861074
100675,frames/25066.png,67,0.909792
100300,frames/25061.png,67,0.891149
100822,frames/25060.png,67,0.896847
100094,frames/25062.png,67,0.883356
100571,img/4626.jpeg,68,1.0
101438,img/2665.jpg,68,0.86944
100608,img/78.jpg,68,0.947066
100258,img/3076.jpeg,68,0.860656
100020,img/4575.jpg,68,0.864571
100151,img/2254.jpeg,68,0.922352
100643,img/2823.jpg,68,0.903292
100017,img/79104.jpg,68,0.897264
100280,img/3591.jpg,68,0.840974
100268,img/3005.JPG,68,0.872491
100303,img/4904.jpg,68,0.897322
100219,img/330.jpg,68,0.842339
101416,img/3879.jpg,68,0.922871
100737,img/3905.jpeg,68,0.859823
100058,img/3054.jpg,68,0.919194
101463,img/3082.jpg,68,0.87832
100586,img/4855.jpg,68,0.915285
100730,img/2472.jpeg,68,0.902822
100376,img/1407.jpg,68,0.85967
100007,img/4001.jpg,68,0.894424
101280,img/4708.jpg,68,0.877928
101372,img/619.jpeg,68,0.811875
100981,img/2693.jpeg,68,0.849761
101270,img/1173.jpg,68,0.875452
100789,img/919.jpg,68,0.911569
100281,img/1545.jpg,68,0.906726
100635,img/2705.jpg,68,0.775068
100301,img/4396.jpg,68,0.88525
101381,img/2436.jpg,68,0.858198
100212,img/1794.jpeg,68,0.842274
100137,img/3815.jpeg,68,0.87118
100343,img/3847.jpeg,68,0.930178
100861,img/58332.jpeg,68,0.883573
100790,frames/6631.png,68,0.671584
100397,frames/6633.png,68,0.679916
101237,img/2508.jpg,68,0.904604
100705,img/4512.jpg,68,0.891562
100091,img/231.jpeg,68,0.900085
101351,img/4866.jpg,68,0.927036
100782,img/41.jpeg,68,0.818488
100575,img/2906.jpg,68,0.78854
101449,img/2628.jpg,68,0.907918
100431,img/3507.jpg,68,0.91704
100601,img/5123.jpg,68,0.839298
100835,img/3248.jpeg,68,0.962355
101109,img/4137.jpeg,68,0.883307
101389,img/3105.jpeg,68,0.897394
101129,img/377.jpg,68,0.917608
100921,frames/183301.png,69,1.0
100736,frames/186274.png,69,0.770743
101092,img/117570.jpg,69,0.898888
100276,img/116772.jpg,69,0.844466
100853,img/118029.jpg,69,0.88218
100106,frames/219660.png,70,1.0
101404,img/112025.jpg,70,0.892757
100360,img/112290.jpg,70,0.881612
101157,frames/219269.png,70,0.939267
100468,frames/221132.png,70,0.831553
100682,frames/219471.png,71,1.0
101364,img/102064.jpg,71,0.828744
101375,img/100589.jpg,71,0.942097
100391,frames/197451.png,72,1.0
100978,frames/200377.png,72,0.871209
101132,frames/198356.png,72,0.825003
100657,img/121890.jpg,72,0.850326
100594,img/121530.jpg,72,0.812824
100245,frames/197219.png,72,0.81146
100056,img/122225.jpg,72,0.733144
101284,frames/200072.png,72,0.870247
100158,frames/198471.png,72,0.849693
100824,frames/197538.png,72,0.800229
100306,img/121641.jpg,72,0.824017
101367,img/121511.jpg,72,0.83977
101440,frames/199088.png,72,0.919011
101134,frames/175549.png,73,1.0
101254,frames/175701.png,73,0.876031
101161,frames/175695.png,73,0.891472
100120,frames/175755.png,73,0.913483
100821,frames/175612.png,73,0.950402
100627,frames/175751.png,73,0.919467
101004,frames/148563.png,-1,1
100023,frames/175418.png,-1,1
100915,frames/192418.png,-1,1
100244,img/2120.jpg,-1,1.0
101088,img/3021.jpg,-1,0.828242
