TEMPLATE_ID, FILENAME, CLUSTER_INDEX, CONFIDENCE
101131,frames/45217.png,0,1
101120,frames/45216.png,0,1
101044,frames/53701.png,0,1
101051,frames/45211.png,0,1
100834,frames/53833.png,0,1
100477,frames/45353.png,0,1
100412,frames/53838.png,0,1
100356,frames/53711.png,0,1
100121,frames/45178.png,0,1
101057,frames/53662.png,0,1
101400,frames/53483.png,0,1
101430,frames/45342.png,0,1
100330,frames/45341.png,0,1
100823,frames/53821.png,0,1
101277,frames/53822.png,0,1
100799,frames/53457.png,0,1
101268,frames/53459.png,0,1
100992,frames/53735.png,0,1
100899,frames/53736.png,0,1
100679,frames/53731.png,0,1
100430,frames/53730.png,0,1
100455,frames/53732.png,0,1
100559,frames/53857.png,0,1
100434,frames/45367.png,0,1
100723,frames/53595.png,0,1
100925,frames/53596.png,0,1
100619,frames/53440.png,0,1
101014,frames/53445.png,0,1
100530,frames/53448.png,0,1
100349,frames/45145.png,0,1
100154,frames/45144.png,0,1
100433,frames/45149.png,0,1
100639,frames/53900.png,0,1
101171,frames/53476.png,0,1
101466,frames/53836.png,0,1
100361,frames/53837.png,0,1
100341,frames/53832.png,0,1
101461,frames/53464.png,0,1
100475,frames/53467.png,0,1
101355,frames/53466.png,0,1
100394,frames/53894.png,0,1
101429,frames/53415.png,0,1
100042,frames/53412.png,0,1
101409,frames/53663.png,0,1
100163,frames/53660.png,0,1
101290,frames/53666.png,0,1
100805,frames/53664.png,0,1
100895,frames/45290.png,0,1
100509,frames/45182.png,0,1
101424,frames/53531.png,0,1
100763,frames/53659.png,0,1
101415,frames/53806.png,0,1
100452,frames/53432.png,0,1
100458,frames/53433.png,0,1
101406,frames/53431.png,0,1
100168,frames/53436.png,0,1
101396,frames/53435.png,0,1
100930,frames/53504.png,0,1
100542,img/45068.jpg,0,1
101312,frames/53427.png,0,1
100729,frames/53426.png,0,1
100382,frames/53428.png,0,1
100215,frames/53511.png,0,1
101283,frames/53515.png,0,1
100449,frames/53514.png,0,1
101187,frames/53517.png,0,1
101087,frames/45259.png,0,1
100441,frames/45258.png,0,1
101423,frames/53565.png,0,1
101195,frames/53566.png,0,1
101215,frames/53567.png,0,1
100852,frames/53561.png,0,1
100844,frames/53741.png,0,1
100285,frames/53562.png,0,1
100220,frames/53622.png,0,1
100611,frames/53621.png,0,1
100926,frames/53620.png,0,1
100818,frames/45228.png,0,1
101448,frames/53579.png,0,1
100414,frames/53578.png,0,1
100029,frames/53572.png,0,1
100863,frames/45304.png,0,1
100665,frames/53611.png,0,1
100766,frames/53385.png,0,1
100284,frames/45166.png,0,1
100470,frames/53549.png,0,1
101099,frames/53600.png,0,1
100270,frames/45203.png,0,1
100719,frames/45208.png,0,1
101010,frames/53399.png,0,1
101337,frames/53513.png,0,1
100484,frames/53555.png,0,1
101282,frames/53550.png,0,1
100445,frames/53414.png,0,1
100206,frames/51779.png,1,1
100810,frames/51775.png,1,1
101080,frames/51777.png,1,1
101309,frames/51773.png,1,1
101209,frames/51778.png,1,1
100739,img/2120.jpg,1,1
100691,frames/167545.png,2,1
100556,frames/167123.png,2,1
100033,frames/166986.png,2,1
102161,frames/127285.png,2,1
100298,frames/168089.png,2,1
100874,frames/167231.png,2,1
101025,frames/167461.png,2,1
101325,frames/167268.png,2,1
100159,frames/167724.png,2,1
100342,frames/166885.png,2,1
100538,frames/167833.png,2,1
100480,frames/166943.png,2,1
102374,img/122343.jpg,3,1
102340,img/121583.jpg,3,1
101789,frames/207405.png,3,1
102277,frames/198261.png,3,1
101916,frames/199880.png,3,1
101870,frames/207407.png,3,1
102289,img/121400.jpg,3,1
102339,frames/207239.png,3,1
102464,frames/196938.png,3,1
102222,frames/207168.png,3,1
101863,frames/207288.png,3,1
101857,frames/199525.png,3,1
102525,frames/199749.png,3,1
102246,frames/207268.png,3,1
102205,img/121518.jpg,3,1
101810,frames/207296.png,3,1
102275,frames/200250.png,3,1
102094,frames/207420.png,3,1
101780,frames/207394.png,3,1
101807,frames/207250.png,3,1
101915,img/590.jpg,4,1
101516,img/3976.jpeg,4,1
101750,img/1979.jpg,4,1
102056,img/4318.jpg,4,1
101575,img/3472.JPG,4,1
102403,img/5055.jpg,4,1
102418,img/3281.jpg,4,1
102312,img/4379.jpg,4,1
101763,img/356.jpg,4,1
102523,img/2596.JPG,4,1
101849,img/4120.jpg,4,1
101530,frames/78169.png,5,1
102385,frames/78168.png,5,1
102441,frames/78178.png,5,1
102425,frames/78179.png,5,1
102120,frames/78172.png,5,1
102407,frames/78173.png,5,1
101905,frames/78176.png,5,1
102553,frames/78177.png,5,1
101604,frames/78174.png,5,1
102361,frames/78175.png,5,1
102420,frames/78180.png,5,1
101745,img/78152.jpg,5,1
101571,frames/78182.png,5,1
101985,frames/175910.png,6,1
102027,frames/176383.png,6,1
101837,img/143593.jpg,6,1
101984,frames/175841.png,6,1
101640,frames/176028.png,6,1
101769,frames/176087.png,6,1
102346,frames/175830.png,6,1
102218,frames/175951.png,6,1
102034,frames/175944.png,6,1
102003,frames/176329.png,6,1
102311,frames/175782.png,6,1
101775,frames/175967.png,6,1
102172,frames/175969.png,6,1
102126,frames/175991.png,6,1
102245,frames/175768.png,6,1
101526,img/143652.jpg,6,1
101965,frames/175821.png,6,1
101783,frames/176380.png,6,1
101955,frames/175940.png,6,1
101784,frames/176244.png,6,1
102052,frames/176394.png,6,1
101889,frames/176019.png,6,1
100667,frames/18966.png,7,1
100819,frames/18967.png,7,1
100040,img/342.jpg,7,1
101112,frames/13700.png,7,1
101104,img/1036.JPG,7,1
101048,frames/18973.png,7,1
101094,frames/18971.png,7,1
100820,frames/18970.png,7,1
101788,frames/129972.png,8,1
102183,frames/180601.png,8,1
101481,img/2973.jpg,8,1
102400,frames/182268.png,8,1
102162,frames/179080.png,8,1
101701,frames/177674.png,8,1
101836,frames/128821.png,8,1
101395,frames/182879.png,8,1
102130,frames/177934.png,8,1
101053,img/2179.jpg,8,1
100400,frames/184338.png,8,1
102268,frames/180747.png,8,1
101850,frames/179548.png,8,1
100626,frames/148789.png,9,1
101645,frames/125570.png,9,1
101127,frames/148728.png,9,1
100028,frames/148165.png,9,1
100589,frames/148741.png,9,1
100183,frames/148354.png,9,1
100603,frames/148116.png,9,1
101213,frames/148387.png,9,1
101211,frames/148093.png,9,1
101369,frames/148646.png,9,1
101335,frames/148524.png,9,1
101698,frames/177535.png,9,1
101314,frames/148447.png,9,1
100085,frames/148548.png,9,1
101332,frames/148308.png,9,1
100752,frames/148250.png,10,1
100417,frames/148099.png,10,1
100189,frames/148781.png,10,1
100041,frames/148350.png,10,1
100512,frames/148202.png,10,1
102513,img/4092.jpg,10,1
100255,frames/148619.png,10,1
101357,frames/148649.png,10,1
101649,frames/58802.png,11,1
101528,frames/58801.png,11,1
101939,frames/58807.png,11,1
101708,frames/58806.png,11,1
102457,img/3877.jpg,11,1
101667,frames/13227.png,11,1
101725,frames/13225.png,11,1
102504,frames/13222.png,11,1
102143,frames/13221.png,11,1
101922,frames/13228.png,11,1
102216,frames/13218.png,11,1
102282,frames/23078.png,11,1
102144,frames/58811.png,11,1
101672,img/106923.jpg,12,1
102434,img/108195.jpg,12,1
102354,img/108172.jpg,12,1
102384,img/107651.jpg,12,1
101995,img/108232.jpg,12,1
100860,img/5071.jpg,13,1
100588,img/4316.jpg,13,1
100466,img/1571.jpg,13,1
100223,img/2624.jpg,13,1
100927,img/3496.jpg,13,1
100607,img/3733.jpg,13,1
100929,frames/18879.png,13,1
100164,frames/18877.png,13,1
100395,img/1261.jpg,13,1
101472,img/1713.jpg,13,1
101043,img/4879.jpg,13,1
102550,img/2361.jpeg,14,1
101914,img/4687.jpg,14,1
102115,img/1879.jpg,14,1
102207,frames/11703.png,14,1
102072,frames/21639.png,14,1
102394,img/387.jpg,14,1
102547,img/1937.jpeg,14,1
101606,img/175.jpg,14,1
102166,img/403.jpg,14,1
101968,img/1236.jpeg,14,1
101806,img/3582.jpg,14,1
102466,frames/7116.png,15,1
101628,frames/7117.png,15,1
101813,img/2152.jpg,15,1
102286,img/510.jpg,15,1
100578,img/457.jpg,15,1
101759,frames/17290.png,15,1
101681,frames/165984.png,16,1
101896,frames/165950.png,16,1
101695,frames/165952.png,16,1
101656,frames/165887.png,16,1
101862,frames/165963.png,16,1
101711,frames/166235.png,16,1
102389,img/116297.jpg,16,1
102059,frames/166224.png,16,1
102203,frames/166009.png,16,1
102080,frames/166312.png,16,1
101967,img/116283.jpg,16,1
101492,frames/165910.png,16,1
102371,frames/166117.png,16,1
101474,frames/166561.png,16,1
102142,frames/166111.png,16,1
102075,frames/166068.png,16,1
102185,frames/166036.png,16,1
102367,frames/165992.png,16,1
101934,frames/166270.png,16,1
101666,frames/166476.png,16,1
101737,frames/166189.png,16,1
100225,frames/71958.png,17,1
101391,frames/71956.png,17,1
100177,frames/71957.png,17,1
100178,frames/71954.png,17,1
100687,frames/71955.png,17,1
100092,frames/69683.png,17,1
101093,frames/69682.png,17,1
100176,frames/69681.png,17,1
101323,frames/69680.png,17,1
100429,frames/69685.png,17,1
100105,frames/69684.png,17,1
100018,frames/69669.png,17,1
100563,frames/69672.png,17,1
100498,frames/69673.png,17,1
101321,frames/69670.png,17,1
100369,frames/69671.png,17,1
100413,frames/69676.png,17,1
100078,frames/69674.png,17,1
100209,frames/69675.png,17,1
100188,frames/69678.png,17,1
101005,frames/69679.png,17,1
100942,frames/69778.png,17,1
100459,frames/69782.png,17,1
101399,frames/69783.png,17,1
100708,frames/69780.png,17,1
100758,frames/69781.png,17,1
100625,img/124756.jpg,18,1
101103,img/124481.jpg,18,1
100336,img/124264.jpg,18,1
100962,img/124496.jpg,18,1
101035,img/125249.jpg,18,1
101412,img/123980.jpg,18,1
101322,img/114567.jpg,19,1
101382,frames/148897.png,19,1
100093,frames/148756.png,19,1
100696,frames/148683.png,19,1
100828,frames/148322.png,19,1
100050,frames/148708.png,19,1
101140,frames/148262.png,19,1
100886,frames/148082.png,19,1
100526,frames/69661.png,20,1
101376,frames/69660.png,20,1
100999,frames/69662.png,20,1
100152,frames/69647.png,20,1
101075,frames/69646.png,20,1
101374,frames/69658.png,20,1
100764,frames/69659.png,20,1
100165,frames/69656.png,20,1
100072,frames/69657.png,20,1
101487,frames/128890.png,21,1
102386,frames/129254.png,21,1
101749,img/107190.jpg,21,1
102092,frames/129475.png,21,1
102502,frames/128872.png,21,1
101795,frames/125979.png,21,1
102033,frames/128043.png,21,1
101687,frames/126270.png,21,1
101892,frames/126445.png,21,1
101929,frames/126645.png,21,1
102442,frames/129226.png,21,1
102512,frames/127096.png,21,1
102438,img/108070.jpg,21,1
101718,frames/128176.png,21,1
102179,img/101721.jpg,21,1
101572,frames/129571.png,21,1
101602,frames/129304.png,21,1
101502,frames/126695.png,21,1
102188,img/101754.jpg,21,1
101510,img/101169.jpg,21,1
101573,frames/128735.png,21,1
102240,img/101477.jpg,21,1
102416,frames/128651.png,21,1
101531,frames/126495.png,21,1
102023,img/4378.jpg,22,1
101886,frames/24231.png,22,1
102212,frames/24230.png,22,1
102536,frames/24228.png,22,1
102317,frames/24229.png,22,1
101969,frames/24220.png,22,1
101585,frames/24221.png,22,1
102077,frames/24222.png,22,1
102097,frames/24223.png,22,1
102062,frames/24224.png,22,1
102083,frames/24225.png,22,1
102128,frames/24226.png,22,1
102230,frames/11939.png,22,1
102401,frames/11940.png,22,1
101719,frames/24219.png,22,1
101817,frames/24218.png,22,1
100038,img/2584.JPG,23,1
100928,frames/204725.png,23,1
101295,frames/207097.png,23,1
100482,img/124714.jpg,23,1
100553,img/713.png,23,1
100753,frames/10574.png,24,1
101392,frames/10575.png,24,1
101437,frames/10573.png,24,1
101493,frames/19201.png,24,1
101684,frames/19202.png,24,1
100031,img/2832.jpeg,24,1
100630,frames/10592.png,24,1
101155,frames/10587.png,24,1
100262,frames/10586.png,24,1
100610,frames/10583.png,24,1
100497,frames/10582.png,24,1
100529,frames/10581.png,24,1
100463,frames/10580.png,24,1
101609,frames/154259.png,25,1
102521,frames/152782.png,25,1
101310,frames/7123.png,25,1
102490,frames/151586.png,25,1
101101,img/2051.jpg,26,1
100839,img/3453.jpg,26,1
100731,img/1841.jpg,26,1
100140,img/2517.jpg,26,1
101001,frames/42735.png,26,1
100673,img/4719.jpg,26,1
101217,img/4973.jpg,26,1
101273,frames/6622.png,26,1
100034,img/4570.jpeg,26,1
102419,img/143.jpg,26,1
100368,img/2692.jpg,26,1
100773,img/4912.jpg,26,1
100551,img/2523.jpg,26,1
100359,img/2605.jpg,26,1
101576,frames/178681.png,27,1
102297,frames/126411.png,27,1
102290,frames/176516.png,27,1
102322,frames/126774.png,27,1
102125,frames/181376.png,27,1
102020,frames/182246.png,27,1
101484,frames/15538.png,28,1
101697,frames/15539.png,28,1
101600,frames/15536.png,28,1
101477,frames/10435.png,28,1
101924,frames/10430.png,28,1
102302,frames/10431.png,28,1
102537,frames/10432.png,28,1
101898,frames/10433.png,28,1
102530,img/1444.jpg,28,1
102157,img/3739.jpg,28,1
101702,frames/15541.png,28,1
102487,frames/15540.png,28,1
102042,frames/15544.png,28,1
102324,img/201.jpg,28,1
101199,frames/22139.png,29,1
100864,frames/22138.png,29,1
100399,frames/22137.png,29,1
100329,frames/22136.png,29,1
100338,img/1084.jpg,29,1
100602,frames/15928.png,29,1
100991,frames/15929.png,29,1
101371,frames/15925.png,29,1
100878,frames/15926.png,29,1
100760,frames/15927.png,29,1
100145,frames/5567.png,29,1
101158,frames/5563.png,29,1
100562,frames/15935.png,29,1
100655,frames/15934.png,29,1
101126,frames/15933.png,29,1
100908,frames/15932.png,29,1
100521,frames/15931.png,29,1
100363,frames/15930.png,29,1
100695,frames/22140.png,29,1
100520,frames/22142.png,29,1
100566,frames/71959.png,30,1
100804,frames/69689.png,30,1
100591,frames/69688.png,30,1
100554,frames/69698.png,30,1
100831,frames/69699.png,30,1
101069,frames/69695.png,30,1
100536,frames/69697.png,30,1
100741,frames/69690.png,30,1
100389,frames/69691.png,30,1
100645,frames/69693.png,30,1
100150,img/69668.jpg,30,1
100313,img/69665.jpg,30,1
100958,img/69667.jpg,30,1
100576,frames/69694.png,30,1
101383,frames/69692.png,30,1
100235,frames/191625.png,31,1
100490,frames/195333.png,31,1
101205,img/118904.jpg,31,1
101160,frames/189153.png,31,1
101222,frames/189037.png,31,1
100096,frames/193650.png,31,1
100663,frames/189680.png,31,1
100949,img/119129.jpg,31,1
100965,frames/191173.png,31,1
100833,frames/191771.png,31,1
100319,frames/193458.png,31,1
100774,frames/192267.png,31,1
101607,frames/219842.png,32,1
101980,frames/220131.png,32,1
101983,img/112410.jpg,32,1
102538,frames/220667.png,32,1
102344,frames/220057.png,32,1
101632,frames/220279.png,32,1
101879,frames/220588.png,32,1
102050,frames/219664.png,32,1
101675,frames/221997.png,32,1
101803,frames/221994.png,32,1
102468,frames/221421.png,32,1
101772,frames/221104.png,32,1
101724,frames/220721.png,32,1
102213,frames/219690.png,32,1
101614,frames/221296.png,32,1
101556,frames/220650.png,32,1
102165,frames/219907.png,32,1
102350,frames/220705.png,32,1
101936,frames/220838.png,32,1
102497,frames/221727.png,32,1
101796,frames/218665.png,32,1
101754,frames/218721.png,32,1
101665,frames/219600.png,32,1
101661,frames/219355.png,32,1
102089,frames/220377.png,32,1
102427,frames/220428.png,32,1
102524,frames/219833.png,32,1
101809,frames/222038.png,32,1
102085,frames/218348.png,32,1
102307,frames/219560.png,32,1
101878,frames/220891.png,32,1
102406,frames/221792.png,32,1
101524,frames/218367.png,32,1
101893,frames/218382.png,32,1
102048,img/102.jpg,33,1
101883,frames/25124.png,33,1
102036,frames/19209.png,33,1
102236,frames/19203.png,33,1
102253,frames/19204.png,33,1
101638,frames/19205.png,33,1
102093,frames/19207.png,33,1
101619,frames/25126.png,33,1
101771,img/213.jpg,33,1
101696,frames/25136.png,33,1
101979,frames/25131.png,33,1
102377,frames/25130.png,33,1
101860,frames/25128.png,33,1
102168,frames/25129.png,33,1
102032,img/3804.JPG,33,1
101766,frames/25127.png,33,1
101812,img/118506.jpg,34,1
102308,img/118261.jpg,34,1
101558,img/118514.jpg,34,1
102088,img/119490.jpg,34,1
102469,img/118939.jpg,34,1
102249,img/118818.jpg,34,1
101533,img/119358.jpg,34,1
102378,frames/191687.png,34,1
100257,frames/220418.png,35,1
100678,frames/220439.png,35,1
101266,frames/219275.png,35,1
101065,frames/220198.png,35,1
100858,frames/219012.png,35,1
100381,frames/219388.png,35,1
101068,frames/219367.png,35,1
101961,img/116492.jpg,36,1
101706,img/116037.jpg,36,1
102251,img/115888.jpg,36,1
101767,img/116592.jpg,36,1
101544,img/115928.jpg,36,1
102380,img/115798.jpg,36,1
102331,img/116372.jpg,36,1
102171,img/115788.jpg,36,1
102110,img/116092.jpg,36,1
101593,img/116634.jpg,36,1
102211,img/115980.jpg,36,1
102467,img/116210.jpg,36,1
102013,img/115724.jpg,36,1
102496,frames/176447.png,37,1
102479,frames/178207.png,37,1
102474,frames/178142.png,37,1
101688,frames/182271.png,37,1
101963,img/125274.jpg,37,1
102304,frames/176639.png,37,1
101537,frames/179501.png,37,1
102310,frames/177456.png,37,1
102423,frames/181631.png,37,1
102046,frames/177931.png,37,1
101652,frames/176953.png,37,1
101732,frames/181402.png,37,1
102334,frames/178028.png,37,1
101551,frames/180074.png,37,1
101825,frames/177343.png,37,1
102435,img/124555.jpg,37,1
101503,frames/179115.png,37,1
102301,frames/178378.png,37,1
101920,frames/181231.png,37,1
100239,img/117883.jpg,37,1
102001,frames/180339.png,37,1
100197,img/117771.jpg,37,1
101490,frames/177016.png,37,1
100728,frames/185326.png,38,1
101797,frames/11938.png,38,1
101881,frames/11949.png,38,1
101637,frames/11945.png,38,1
102054,frames/11944.png,38,1
102488,frames/11947.png,38,1
102306,frames/11946.png,38,1
102138,frames/11941.png,38,1
102049,frames/11943.png,38,1
101541,frames/11942.png,38,1
101641,frames/11948.png,38,1
101799,frames/11950.png,38,1
101941,img/143544.jpg,39,1
101610,img/143677.jpg,39,1
101710,img/143826.jpg,39,1
101909,img/144282.jpg,39,1
101868,img/143878.jpg,39,1
101794,img/143992.jpg,39,1
101677,frames/5339.png,40,1
102453,frames/5345.png,40,1
102472,frames/5347.png,40,1
101535,frames/5346.png,40,1
102135,frames/5343.png,40,1
102428,frames/5342.png,40,1
102076,frames/5350.png,40,1
102104,img/348.jpg,40,1
102481,frames/15822.png,40,1
102356,frames/15823.png,40,1
101957,frames/15820.png,40,1
101928,frames/15821.png,40,1
102278,frames/15826.png,40,1
102358,frames/15824.png,40,1
101757,frames/15825.png,40,1
101988,frames/5323.png,40,1
101529,frames/5344.png,40,1
101938,img/4652.jpg,40,1
101255,frames/221896.png,41,1
100443,frames/219040.png,41,1
101136,frames/220294.png,41,1
100957,frames/222194.png,41,1
100366,frames/221192.png,41,1
100988,img/115073.jpg,41,1
101081,frames/219703.png,41,1
100036,frames/220551.png,41,1
100628,frames/218554.png,41,1
101079,frames/221545.png,41,1
100335,frames/219052.png,41,1
100726,img/114878.jpg,41,1
101302,frames/220161.png,41,1
101102,frames/222320.png,41,1
100409,frames/221488.png,41,1
100527,frames/220751.png,41,1
100451,frames/219622.png,41,1
101279,frames/221105.png,41,1
101271,frames/218908.png,41,1
100387,frames/218990.png,41,1
100669,frames/148144.png,42,1
100676,frames/148362.png,42,1
100273,frames/148806.png,42,1
100100,frames/148581.png,42,1
100671,frames/148356.png,42,1
100873,frames/148723.png,42,1
100082,frames/148659.png,42,1
101119,frames/148263.png,42,1
101098,frames/148532.png,42,1
102373,frames/128135.png,42,1
100935,frames/148238.png,42,1
100989,frames/148303.png,42,1
100707,frames/207483.png,42,1
101871,frames/173175.png,43,1
100503,frames/175609.png,43,1
101254,frames/175701.png,43,1
101346,frames/175716.png,43,1
101658,frames/172213.png,43,1
102209,frames/173509.png,43,1
101161,frames/175695.png,43,1
102491,frames/140009.png,43,1
100812,frames/175468.png,43,1
101462,frames/148478.png,43,1
101814,frames/173560.png,43,1
102397,frames/128709.png,43,1
102031,frames/17001.png,44,1
101689,frames/17000.png,44,1
101554,frames/17003.png,44,1
102270,frames/17002.png,44,1
102544,frames/17004.png,44,1
102192,frames/17007.png,44,1
101982,frames/17006.png,44,1
101478,frames/16996.png,44,1
102288,frames/16997.png,44,1
102090,frames/16998.png,44,1
101720,frames/16999.png,44,1
102518,frames/16995.png,44,1
102477,frames/11704.png,44,1
101900,frames/11732.png,44,1
101646,frames/78161.png,45,1
102202,frames/78160.png,45,1
102314,frames/78163.png,45,1
101736,frames/78162.png,45,1
101903,frames/78165.png,45,1
102074,frames/78167.png,45,1
101735,frames/78166.png,45,1
102131,frames/78153.png,45,1
101522,frames/78154.png,45,1
101770,frames/78155.png,45,1
101846,frames/78156.png,45,1
102164,frames/78157.png,45,1
101596,frames/78158.png,45,1
101864,frames/78159.png,45,1
102432,frames/78164.png,45,1
102084,img/78149.jpg,45,1
102424,img/78138.jpg,45,1
101552,frames/217974.png,46,1
101655,frames/218071.png,46,1
101734,img/120437.jpg,46,1
102485,img/120993.jpg,46,1
102483,img/120090.jpg,46,1
102024,img/112851.jpg,46,1
101845,img/120181.jpg,46,1
102106,img/119909.jpg,46,1
101973,img/120748.jpg,46,1
102559,img/119929.jpg,46,1
102170,img/120335.jpg,46,1
101931,img/120866.jpg,46,1
101601,img/120486.jpg,46,1
101937,frames/201110.png,47,1
101901,frames/204319.png,47,1
102225,frames/128541.png,47,1
102471,frames/203367.png,47,1
102347,frames/203365.png,47,1
100345,img/2331.jpg,48,1
101891,frames/24165.png,48,1
102325,frames/24166.png,48,1
102191,frames/24167.png,48,1
102388,frames/24168.png,48,1
102357,frames/24169.png,48,1
101707,frames/126526.png,48,1
101993,frames/24170.png,48,1
100757,frames/193778.png,48,1
102294,frames/25123.png,48,1
101662,frames/8769.png,48,1
101568,frames/20750.png,48,1
101485,img/832.jpg,49,1
101740,frames/16990.png,49,1
102182,frames/16991.png,49,1
102158,frames/16993.png,49,1
102445,img/665.jpg,49,1
102235,frames/16987.png,49,1
101977,frames/16985.png,49,1
101550,frames/16984.png,49,1
101540,frames/16983.png,49,1
102065,frames/16982.png,49,1
102261,frames/16989.png,49,1
101560,frames/16988.png,49,1
101776,img/861.jpg,49,1
102417,img/1686.jpeg,49,1
101615,frames/16986.png,49,1
102341,frames/20758.png,49,1
101902,img/948.jpg,49,1
101910,frames/16994.png,49,1
101511,frames/21590.png,50,1
101586,frames/21588.png,50,1
101887,frames/21589.png,50,1
101729,frames/21586.png,50,1
102250,frames/21587.png,50,1
101848,frames/21584.png,50,1
102091,frames/21585.png,50,1
101851,frames/21582.png,50,1
102478,frames/21580.png,50,1
101944,frames/21581.png,50,1
102516,frames/21591.png,50,1
102276,frames/21583.png,50,1
101514,frames/221976.png,51,1
101978,frames/218894.png,51,1
102244,frames/220649.png,51,1
102016,frames/220958.png,51,1
102051,frames/219724.png,51,1
102463,frames/221483.png,51,1
100783,frames/69649.png,52,1
101326,frames/69648.png,52,1
100843,frames/69650.png,52,1
100720,frames/69651.png,52,1
101076,frames/69652.png,52,1
100672,frames/69653.png,52,1
101241,frames/69654.png,52,1
100544,frames/69655.png,52,1
100646,img/69664.jpg,52,1
100216,frames/42695.png,53,1
100912,frames/42697.png,53,1
100099,frames/42696.png,53,1
100787,frames/42699.png,53,1
100108,frames/42698.png,53,1
100190,frames/42711.png,53,1
101049,frames/42712.png,53,1
100473,frames/42713.png,53,1
100328,frames/42714.png,53,1
100311,frames/42716.png,53,1
100340,frames/42717.png,53,1
100845,frames/42718.png,53,1
100453,frames/42703.png,53,1
100211,frames/42702.png,53,1
100745,frames/42701.png,53,1
100307,frames/42700.png,53,1
100950,frames/42707.png,53,1
101385,frames/42705.png,53,1
100265,frames/42704.png,53,1
100357,frames/42734.png,53,1
100815,frames/42732.png,53,1
100144,frames/42733.png,53,1
100200,frames/42731.png,53,1
100987,frames/42729.png,53,1
100742,frames/42728.png,53,1
100491,frames/42721.png,53,1
100436,frames/42722.png,53,1
100346,frames/42726.png,53,1
100956,img/42239.jpg,53,1
100167,frames/42777.png,53,1
100948,frames/42709.png,53,1
100258,img/3076.jpeg,54,1
100532,img/333.jpg,54,1
100632,img/2111.jpeg,54,1
101368,frames/16729.png,54,1
100138,frames/16727.png,54,1
101366,frames/16726.png,54,1
100155,frames/16725.png,54,1
100287,img/19.jpg,54,1
101372,img/619.jpeg,54,1
100365,img/3568.jpg,54,1
100288,frames/16734.png,54,1
100339,frames/16735.png,54,1
101033,frames/16736.png,54,1
100825,frames/16737.png,54,1
100713,frames/16731.png,54,1
100323,frames/16732.png,54,1
101458,frames/16733.png,54,1
101328,img/4702.jpeg,54,1
101381,img/2436.jpg,54,1
100727,frames/6634.png,54,1
100227,img/3263.jpeg,54,1
101248,img/1013.jpg,54,1
100952,frames/7122.png,54,1
100748,img/288.jpeg,54,1
100531,img/1791.jpeg,54,1
100761,frames/5564.png,55,1
100990,frames/5565.png,55,1
100649,frames/5566.png,55,1
100290,frames/5560.png,55,1
101142,frames/5561.png,55,1
100242,frames/5562.png,55,1
100569,frames/5568.png,55,1
100785,frames/5557.png,55,1
101077,frames/5556.png,55,1
100734,frames/5559.png,55,1
100721,frames/5558.png,55,1
101343,img/1170.jpg,55,1
101548,frames/205598.png,56,1
101616,frames/199832.png,56,1
100975,img/1015.jpg,56,1
101611,frames/129998.png,56,1
101569,frames/10415.png,56,1
102167,frames/173292.png,56,1
101468,frames/192413.png,56,1
100686,frames/7180.png,56,1
100642,img/123942.jpg,56,1
101221,frames/205097.png,56,1
101930,frames/171704.png,56,1
102186,frames/188711.png,56,1
102134,frames/126074.png,56,1
101067,frames/6624.png,56,1
100809,frames/6621.png,56,1
100746,frames/190256.png,56,1
100624,frames/184240.png,56,1
102259,img/123924.jpg,56,1
101562,img/118774.jpg,56,1
100998,frames/69779.png,56,1
101945,frames/58809.png,57,1
102114,frames/58808.png,57,1
102163,img/4821.jpg,57,1
102333,img/1215.jpg,57,1
102509,frames/58805.png,57,1
102199,frames/13223.png,57,1
102147,frames/23076.png,57,1
102252,frames/23072.png,57,1
101778,frames/58814.png,57,1
100664,frames/25058.png,58,1
100194,img/5060.jpg,58,1
100325,img/2782.jpg,58,1
100175,img/361.jpg,58,1
101421,frames/13699.png,58,1
100784,frames/13698.png,58,1
101428,frames/13693.png,58,1
100528,frames/13692.png,58,1
101089,frames/13691.png,58,1
100139,frames/13690.png,58,1
100422,frames/13697.png,58,1
100256,frames/13696.png,58,1
101262,frames/13695.png,58,1
101388,frames/13694.png,58,1
100450,img/1940.jpg,58,1
100071,img/3083.jpg,58,1
100182,frames/25064.png,58,1
100500,frames/167562.png,59,1
100776,frames/166808.png,59,1
100406,frames/166978.png,59,1
100022,frames/167511.png,59,1
101190,frames/148910.png,59,1
101304,frames/167245.png,59,1
101648,frames/221942.png,59,1
100295,frames/42725.png,59,1
102548,frames/177566.png,59,1
101590,img/3338.jpg,59,1
100683,frames/167644.png,59,1
100485,frames/167064.png,59,1
101746,frames/177503.png,59,1
101956,frames/6873.png,59,1
101872,frames/16976.png,59,1
100622,frames/167552.png,59,1
102098,frames/25125.png,59,1
100947,frames/184259.png,59,1
101793,img/101032.jpg,60,1
102064,frames/129636.png,60,1
102303,img/106935.jpg,60,1
101927,frames/126885.png,60,1
102145,frames/129455.png,60,1
102269,frames/129605.png,60,1
102260,frames/129848.png,60,1
101829,frames/129055.png,60,1
101811,frames/129099.png,60,1
102382,frames/125700.png,60,1
102101,frames/126977.png,60,1
101753,frames/127182.png,60,1
101691,frames/126480.png,60,1
100141,img/2674.jpg,61,1
100917,frames/191137.png,61,1
101281,frames/192174.png,61,1
100765,frames/192585.png,61,1
100011,frames/190931.png,61,1
101758,img/114034.jpg,62,1
101676,img/359.jpg,62,1
102058,frames/12887.png,62,1
102153,frames/12886.png,62,1
102061,frames/12885.png,62,1
101578,frames/12895.png,62,1
101828,frames/12897.png,62,1
102100,frames/12896.png,62,1
101635,frames/12891.png,62,1
102215,frames/12892.png,62,1
101603,frames/12890.png,62,1
101547,frames/12902.png,62,1
102440,frames/12900.png,62,1
101715,frames/12901.png,62,1
101865,frames/12906.png,62,1
101832,frames/12907.png,62,1
101507,frames/12889.png,62,1
102480,frames/12888.png,62,1
102326,frames/12905.png,62,1
101974,frames/12908.png,62,1
102223,frames/12904.png,62,1
102025,img/2084.jpg,62,1
101751,frames/12898.png,62,1
101488,img/113828.jpg,62,1
101830,frames/173957.png,63,1
101888,frames/172318.png,63,1
102154,img/116596.jpg,63,1
102369,frames/172437.png,63,1
101798,frames/140898.png,63,1
102258,frames/173336.png,63,1
101716,frames/172455.png,63,1
101991,frames/172513.png,63,1
102014,frames/171725.png,63,1
101597,frames/173859.png,63,1
102349,frames/173607.png,63,1
100378,img/121297.jpg,63,1
102309,frames/173171.png,63,1
101782,frames/174633.png,63,1
102066,frames/173888.png,63,1
102078,frames/175005.png,63,1
101584,img/116580.jpg,63,1
102558,img/116299.jpg,63,1
102151,frames/21638.png,64,1
102421,frames/21637.png,64,1
102174,frames/21636.png,64,1
101527,frames/21634.png,64,1
101605,frames/21633.png,64,1
101498,frames/21642.png,64,1
102291,frames/21640.png,64,1
101546,frames/21641.png,64,1
102124,frames/21632.png,64,1
102030,frames/21635.png,64,1
100801,frames/45215.png,65,1
100277,frames/53707.png,65,1
100005,frames/45197.png,65,1
100073,frames/45355.png,65,1
100898,frames/45179.png,65,1
100661,frames/45173.png,65,1
100735,frames/45321.png,65,1
101365,frames/53489.png,65,1
100198,frames/45327.png,65,1
101347,frames/53824.png,65,1
101232,frames/53726.png,65,1
101313,frames/53576.png,65,1
100364,frames/45300.png,65,1
101320,frames/45164.png,65,1
100703,frames/53570.png,65,1
101015,frames/53586.png,65,1
100849,frames/53587.png,65,1
100374,frames/53850.png,65,1
100967,frames/53456.png,65,1
101289,frames/45157.png,65,1
100871,frames/45155.png,65,1
100370,frames/45366.png,65,1
100523,frames/53592.png,65,1
100558,frames/53597.png,65,1
100540,frames/53446.png,65,1
101036,frames/45148.png,65,1
101401,frames/53472.png,65,1
101118,frames/53686.png,65,1
100698,frames/53867.png,65,1
101116,frames/53863.png,65,1
100914,frames/53868.png,65,1
101457,frames/53678.png,65,1
100934,frames/53676.png,65,1
101398,frames/53786.png,65,1
101386,frames/53787.png,65,1
101013,frames/53781.png,65,1
101151,frames/53539.png,65,1
100770,frames/45288.png,65,1
100870,frames/53418.png,65,1
101220,frames/53416.png,65,1
100110,frames/53417.png,65,1
101047,frames/53413.png,65,1
100230,frames/45198.png,65,1
100063,frames/53529.png,65,1
100525,frames/45195.png,65,1
101018,frames/45191.png,65,1
101286,frames/45264.png,65,1
101317,frames/53797.png,65,1
100596,frames/53793.png,65,1
100983,frames/53790.png,65,1
100173,frames/53811.png,65,1
100970,frames/53885.png,65,1
100275,frames/45296.png,65,1
100712,frames/45181.png,65,1
100446,frames/45180.png,65,1
100887,frames/53532.png,65,1
101144,frames/53536.png,65,1
100609,frames/45270.png,65,1
101393,frames/45277.png,65,1
100495,frames/45279.png,65,1
100786,frames/45278.png,65,1
101256,frames/53654.png,65,1
100350,frames/53652.png,65,1
100891,img/1630.jpg,65,1
101435,frames/53508.png,65,1
101228,frames/53647.png,65,1
100286,frames/45361.png,65,1
100471,frames/45362.png,65,1
100464,frames/45248.png,65,1
100184,frames/53429.png,65,1
101230,frames/45253.png,65,1
100440,frames/45256.png,65,1
101108,frames/53744.png,65,1
100444,frames/53486.png,65,1
100772,frames/45226.png,65,1
101318,frames/45227.png,65,1
100968,frames/53752.png,65,1
101062,frames/53750.png,65,1
101259,frames/53757.png,65,1
100931,frames/53754.png,65,1
100054,frames/53571.png,65,1
100427,frames/53619.png,65,1
100857,frames/53612.png,65,1
100893,frames/53380.png,65,1
100791,frames/53642.png,65,1
100448,frames/53727.png,65,1
100377,frames/53547.png,65,1
100570,frames/45335.png,65,1
101189,frames/53608.png,65,1
100086,frames/53605.png,65,1
101319,frames/53603.png,65,1
100700,frames/45209.png,65,1
101443,frames/53770.png,65,1
100900,frames/53554.png,65,1
100049,frames/53393.png,65,1
100966,frames/53390.png,65,1
100489,frames/53394.png,65,1
100876,frames/53909.png,65,1
100087,frames/53805.png,65,1
101305,frames/45328.png,65,1
102262,frames/180196.png,66,1
102352,frames/177902.png,66,1
101773,frames/177907.png,66,1
101861,frames/177371.png,66,1
102541,frames/180179.png,66,1
101670,frames/181535.png,66,1
102009,frames/181841.png,66,1
101523,frames/180146.png,66,1
102364,frames/181030.png,66,1
102533,frames/182163.png,66,1
101815,frames/179282.png,66,1
101581,frames/181180.png,66,1
101926,frames/179472.png,66,1
102296,frames/180596.png,66,1
102231,frames/182127.png,66,1
102451,frames/178713.png,66,1
102238,frames/178703.png,66,1
102556,frames/178274.png,66,1
102475,img/124824.jpg,66,1
101765,frames/177089.png,66,1
102028,frames/179254.png,66,1
102210,frames/178729.png,66,1
101699,frames/181330.png,66,1
102190,frames/178400.png,66,1
102195,frames/176658.png,66,1
102108,frames/180861.png,66,1
102214,frames/177326.png,66,1
101953,frames/176659.png,66,1
102035,frames/78170.png,67,1
102273,frames/78171.png,67,1
102486,frames/78216.png,67,1
102549,frames/78181.png,67,1
102527,frames/78224.png,67,1
102460,frames/78222.png,67,1
102430,frames/78223.png,67,1
102071,frames/78220.png,67,1
101972,frames/78219.png,67,1
102037,frames/78218.png,67,1
101805,frames/78217.png,67,1
102393,frames/78215.png,67,1
102119,frames/78213.png,67,1
101668,frames/78212.png,67,1
102546,frames/78221.png,67,1
102121,img/78150.jpg,67,1
102189,img/78151.jpg,67,1
102345,img/78148.jpg,67,1
101856,img/78143.png,67,1
101564,img/78144.jpg,67,1
101717,frames/78214.png,67,1
100127,frames/42710.png,68,1
101198,frames/42706.png,68,1
100367,frames/42730.png,68,1
100043,frames/42720.png,68,1
100612,frames/42727.png,68,1
101251,frames/42715.png,68,1
101012,frames/42708.png,68,1
100261,img/111279.jpg,69,1
102555,img/119062.jpg,69,1
100476,img/110668.jpg,69,1
101555,frames/191907.png,69,1
101948,frames/191130.png,69,1
101513,img/119527.jpg,69,1
102476,img/118863.jpg,69,1
101747,frames/189811.png,69,1
101877,img/119439.jpg,69,1
101580,frames/194176.png,69,1
102503,img/119141.jpg,69,1
100851,frames/45212.png,70,1
101096,frames/45219.png,70,1
100067,img/3718.jpg,70,1
100467,frames/45354.png,70,1
100960,frames/53715.png,70,1
101470,frames/53712.png,70,1
100240,frames/53719.png,70,1
100684,frames/53482.png,70,1
101154,frames/53481.png,70,1
100888,frames/53729.png,70,1
100936,frames/53725.png,70,1
101169,frames/45301.png,70,1
100564,frames/45162.png,70,1
100435,frames/45158.png,70,1
100806,frames/53852.png,70,1
101117,frames/53848.png,70,1
101143,frames/53842.png,70,1
100420,frames/53840.png,70,1
101185,frames/53873.png,70,1
101413,frames/53874.png,70,1
100890,frames/53474.png,70,1
101201,frames/53475.png,70,1
100283,frames/53682.png,70,1
100826,frames/45352.png,70,1
101029,frames/53912.png,70,1
100305,frames/53866.png,70,1
100901,frames/53860.png,70,1
100650,frames/53564.png,70,1
100862,frames/53403.png,70,1
100187,frames/53465.png,70,1
101227,frames/53675.png,70,1
100953,frames/53788.png,70,1
100651,frames/53898.png,70,1
100976,frames/53897.png,70,1
100701,frames/53521.png,70,1
101306,frames/53522.png,70,1
101059,frames/53528.png,70,1
101009,frames/45261.png,70,1
100113,frames/45268.png,70,1
101342,frames/53791.png,70,1
100066,frames/53880.png,70,1
100690,frames/45298.png,70,1
100053,frames/45293.png,70,1
101208,frames/45188.png,70,1
101293,frames/45332.png,70,1
101236,frames/53537.png,70,1
100090,frames/53534.png,70,1
101287,frames/53650.png,70,1
101264,img/2817.jpg,70,1
100065,img/45072.jpg,70,1
100317,img/45071.jpg,70,1
101164,img/45070.jpg,70,1
101034,frames/53438.png,70,1
100959,frames/53846.png,70,1
101125,frames/53845.png,70,1
100534,frames/45243.png,70,1
100161,img/4671.jpg,70,1
100045,frames/53631.png,70,1
101167,frames/53633.png,70,1
100213,frames/45250.png,70,1
100916,frames/53749.png,70,1
100816,img/5049.jpg,70,1
100035,frames/45313.png,70,1
100541,frames/45315.png,70,1
100911,frames/45220.png,70,1
100702,frames/45223.png,70,1
100674,frames/53577.png,70,1
100574,frames/53614.png,70,1
101333,frames/53810.png,70,1
100344,frames/53545.png,70,1
101042,frames/45333.png,70,1
100922,frames/45330.png,70,1
100462,frames/45331.png,70,1
101027,frames/45202.png,70,1
101361,frames/53551.png,70,1
100751,frames/53808.png,70,1
101923,img/78883.jpg,71,1
101946,img/4295.JPG,71,1
102519,img/3699.jpg,71,1
102000,img/610.JPG,71,1
101847,img/927.jpg,71,1
102459,img/1540.JPG,71,1
102038,img/1642.jpg,71,1
101525,img/122.jpg,71,1
101210,frames/45210.png,72,1
100954,frames/53705.png,72,1
100547,frames/53709.png,72,1
100969,frames/53830.png,72,1
100130,frames/53717.png,72,1
101113,frames/53714.png,72,1
100653,frames/45177.png,72,1
101253,frames/45170.png,72,1
100180,frames/45346.png,72,1
100032,frames/45340.png,72,1
100638,frames/45306.png,72,1
100371,frames/53584.png,72,1
100568,frames/53853.png,72,1
101408,img/276.jpg,72,1
100174,frames/53739.png,72,1
100062,frames/53738.png,72,1
100312,frames/53734.png,72,1
100923,frames/45153.png,72,1
100488,frames/45151.png,72,1
100156,frames/53843.png,72,1
100326,frames/45147.png,72,1
101451,frames/53696.png,72,1
100074,frames/53695.png,72,1
101373,frames/53698.png,72,1
101173,frames/53902.png,72,1
101238,frames/53905.png,72,1
101240,frames/53878.png,72,1
100271,frames/53471.png,72,1
100585,frames/53683.png,72,1
100166,frames/53688.png,72,1
101257,frames/53831.png,72,1
100181,frames/53460.png,72,1
101441,frames/53672.png,72,1
100620,frames/53784.png,72,1
101433,frames/53899.png,72,1
100267,frames/53896.png,72,1
101148,frames/45284.png,72,1
100297,frames/45192.png,72,1
100856,frames/45260.png,72,1
101258,frames/53667.png,72,1
101456,frames/53796.png,72,1
100128,frames/53409.png,72,1
101380,frames/53402.png,72,1
100880,frames/45187.png,72,1
100993,frames/45189.png,72,1
101066,frames/53655.png,72,1
101459,frames/45207.png,72,1
100652,frames/53502.png,72,1
101207,frames/53844.png,72,1
100693,frames/45246.png,72,1
101252,frames/45242.png,72,1
101303,frames/45241.png,72,1
100883,frames/53424.png,72,1
101358,frames/53512.png,72,1
100077,frames/53634.png,72,1
100008,frames/53630.png,72,1
100095,frames/53638.png,72,1
100481,frames/53748.png,72,1
101002,frames/45316.png,72,1
100310,frames/53746.png,72,1
100744,frames/45319.png,72,1
101204,frames/45221.png,72,1
100408,frames/45222.png,72,1
101060,frames/45347.png,72,1
100946,frames/53751.png,72,1
100505,frames/45349.png,72,1
101446,frames/53826.png,72,1
101152,frames/45235.png,72,1
101130,frames/53767.png,72,1
100186,frames/53760.png,72,1
100581,frames/53544.png,72,1
101291,frames/45160.png,72,1
100407,frames/45200.png,72,1
101024,frames/53775.png,72,1
100193,frames/53395.png,72,1
100768,frames/45322.png,72,1
100706,frames/175434.png,73,1
100260,frames/175433.png,73,1
100302,frames/175728.png,73,1
101134,frames/175549.png,73,1
101233,frames/175548.png,73,1
100076,frames/175423.png,73,1
100103,frames/175552.png,73,1
100403,frames/175632.png,73,1
100814,frames/175577.png,73,1
100133,frames/175508.png,73,1
100170,frames/175507.png,73,1
100224,frames/175504.png,73,1
101085,frames/175502.png,73,1
100919,frames/175414.png,73,1
101214,frames/175762.png,73,1
100709,frames/175519.png,73,1
100424,frames/175693.png,73,1
101193,frames/175741.png,73,1
100830,img/122235.jpg,73,1
100722,frames/175664.png,73,1
101223,frames/175756.png,73,1
100316,frames/175590.png,73,1
100171,frames/175653.png,73,1
100892,frames/175493.png,73,1
101354,frames/175648.png,73,1
100743,frames/175463.png,73,1
100014,frames/175564.png,73,1
101453,frames/175568.png,73,1
100614,frames/175591.png,73,1
101471,img/122027.jpg,73,1
100120,frames/175755.png,73,1
101407,frames/175752.png,73,1
100821,frames/175612.png,73,1
100627,frames/175751.png,73,1
100318,frames/129763.png,74,1
101452,frames/126099.png,74,1
100855,img/101901.jpg,74,1
100903,frames/129679.png,74,1
100590,img/100652.jpg,74,1
100410,frames/129543.png,74,1
101779,frames/20695.png,75,1
101631,frames/20700.png,75,1
101895,frames/20702.png,75,1
102506,frames/20704.png,75,1
102534,frames/20705.png,75,1
101820,frames/20701.png,75,1
101705,frames/20703.png,75,1
101625,img/2780.jpg,75,1
101853,frames/20696.png,75,1
102395,frames/20697.png,75,1
101822,frames/20694.png,75,1
101692,frames/20692.png,75,1
102109,frames/20693.png,75,1
102431,frames/20690.png,75,1
101486,frames/20691.png,75,1
101884,frames/20698.png,75,1
101512,frames/20699.png,75,1
101362,frames/45213.png,76,1
100685,frames/53552.png,76,1
100715,frames/53526.png,76,1
101011,frames/53703.png,76,1
100717,frames/53494.png,76,1
101123,frames/53497.png,76,1
100351,frames/53490.png,76,1
101020,frames/53498.png,76,1
101260,frames/53499.png,76,1
100247,frames/45358.png,76,1
100516,frames/45175.png,76,1
100605,frames/45325.png,76,1
101225,frames/53487.png,76,1
100136,frames/53829.png,76,1
100984,frames/45344.png,76,1
101139,frames/53720.png,76,1
100057,frames/53724.png,76,1
100599,frames/45303.png,76,1
100781,frames/45169.png,76,1
100613,frames/53573.png,76,1
101274,frames/53858.png,76,1
100308,frames/53589.png,76,1
101294,frames/53583.png,76,1
100447,frames/53580.png,76,1
101349,frames/53450.png,76,1
100716,frames/45152.png,76,1
100398,frames/45150.png,76,1
100333,frames/45159.png,76,1
101163,frames/45369.png,76,1
100160,frames/53849.png,76,1
100353,frames/45364.png,76,1
100229,frames/53591.png,76,1
101348,frames/53590.png,76,1
100487,frames/53594.png,76,1
101188,frames/45143.png,76,1
100253,frames/53690.png,76,1
100425,frames/53691.png,76,1
101460,frames/53454.png,76,1
100362,frames/53907.png,76,1
100411,frames/53871.png,76,1
100879,frames/53477.png,76,1
100012,frames/53680.png,76,1
100920,frames/53689.png,76,1
100808,frames/45351.png,76,1
100438,frames/45294.png,76,1
100618,frames/53864.png,76,1
100771,frames/53869.png,76,1
100199,frames/53679.png,76,1
100580,frames/53671.png,76,1
100592,frames/53677.png,76,1
101052,frames/53780.png,76,1
100010,frames/53783.png,76,1
101202,frames/53893.png,76,1
100885,frames/53895.png,76,1
100565,frames/53419.png,76,1
101239,frames/53523.png,76,1
100234,frames/53527.png,76,1
100616,frames/45194.png,76,1
100064,frames/45193.png,76,1
100314,frames/45262.png,76,1
100583,frames/45263.png,76,1
100465,frames/45267.png,76,1
100841,frames/53668.png,76,1
100315,frames/53665.png,76,1
100670,frames/53799.png,76,1
101021,frames/53798.png,76,1
100906,frames/53795.png,76,1
101105,frames/53546.png,76,1
100000,frames/53815.png,76,1
101026,frames/45299.png,76,1
100854,frames/45291.png,76,1
100006,frames/45292.png,76,1
101073,frames/53406.png,76,1
100910,frames/53401.png,76,1
100918,frames/45183.png,76,1
100051,frames/45185.png,76,1
100492,frames/53461.png,76,1
100889,frames/53533.png,76,1
100517,frames/53538.png,76,1
100013,frames/45272.png,76,1
100207,frames/45274.png,76,1
101165,frames/53653.png,76,1
100985,frames/53651.png,76,1
100185,frames/53802.png,76,1
100641,frames/53804.png,76,1
100237,frames/53847.png,76,1
100640,frames/53500.png,76,1
100732,frames/53641.png,76,1
100905,frames/53644.png,76,1
100658,frames/53646.png,76,1
100135,frames/45363.png,76,1
100147,img/45069.jpg,76,1
100699,frames/53421.png,76,1
100432,frames/53422.png,76,1
100118,frames/53516.png,76,1
101331,frames/45257.png,76,1
100419,frames/53569.png,76,1
100026,frames/53560.png,76,1
100894,frames/53740.png,76,1
100535,frames/53742.png,76,1
100869,frames/53745.png,76,1
100718,frames/53568.png,76,1
101054,frames/53625.png,76,1
101055,frames/53624.png,76,1
100372,frames/53629.png,76,1
100089,frames/53628.png,76,1
101403,frames/53759.png,76,1
100882,frames/53753.png,76,1
100483,frames/53755.png,76,1
101192,frames/53379.png,76,1
101174,frames/53574.png,76,1
100238,frames/53613.png,76,1
101344,frames/53610.png,76,1
100354,frames/45232.png,76,1
100009,frames/45231.png,76,1
100648,frames/53768.png,76,1
101465,frames/53763.png,76,1
100214,frames/53381.png,76,1
101107,frames/53814.png,76,1
101247,frames/53602.png,76,1
100048,frames/53773.png,76,1
101229,frames/53772.png,76,1
100493,frames/53774.png,76,1
100710,frames/53779.png,76,1
101263,frames/53778.png,76,1
100511,frames/53396.png,76,1
100662,frames/53809.png,76,1
102363,frames/78211.png,77,1
101694,frames/78210.png,77,1
101582,frames/78200.png,77,1
101542,frames/78201.png,77,1
101755,frames/78202.png,77,1
101475,frames/78203.png,77,1
102159,frames/78204.png,77,1
102208,frames/78205.png,77,1
102102,frames/78207.png,77,1
102526,frames/78208.png,77,1
101742,frames/78209.png,77,1
102337,frames/78199.png,77,1
102105,frames/24227.png,78,1
100755,img/116683.jpg,78,1
101992,frames/126384.png,78,1
101841,frames/126560.png,78,1
102560,frames/125901.png,78,1
102232,frames/125469.png,78,1
102404,frames/127226.png,78,1
101499,frames/128938.png,78,1
101643,frames/125509.png,78,1
102113,frames/129140.png,78,1
101674,frames/9490.png,79,1
102272,frames/9500.png,79,1
101591,frames/9492.png,79,1
102217,frames/9493.png,79,1
101976,frames/9498.png,79,1
101721,frames/9499.png,79,1
102455,frames/9494.png,79,1
101686,frames/9495.png,79,1
101574,frames/9496.png,79,1
102029,frames/9491.png,79,1
101592,frames/188971.png,80,1
102256,frames/188924.png,80,1
102473,img/116514.jpg,80,1
101626,frames/188784.png,80,1
100289,frames/148827.png,81,1
100304,frames/148226.png,81,1
102507,frames/168893.png,81,1
101876,frames/18718.png,81,1
101111,frames/218680.png,81,1
101633,frames/188554.png,81,1
102082,frames/169330.png,81,1
101618,frames/169019.png,81,1
102329,frames/129402.png,82,1
102008,frames/127153.png,82,1
102263,frames/128300.png,82,1
101491,frames/125421.png,82,1
101709,frames/129733.png,82,1
102123,frames/126723.png,82,1
102448,frames/126627.png,82,1
102279,frames/11725.png,83,1
101476,frames/11729.png,83,1
102287,frames/11726.png,83,1
101760,frames/11727.png,83,1
101639,frames/11728.png,83,1
102096,frames/11731.png,83,1
102139,frames/11730.png,83,1
102280,frames/11724.png,84,1
102454,frames/11722.png,84,1
101671,frames/11723.png,84,1
101960,frames/11720.png,84,1
102067,frames/11721.png,84,1
101483,frames/20689.png,84,1
100131,frames/221353.png,85,1
100740,img/110565.jpg,85,1
100478,img/110959.jpg,85,1
100124,frames/220594.png,85,1
100636,frames/221612.png,85,1
100514,frames/220627.png,85,1
100797,frames/221043.png,85,1
100549,frames/220360.png,85,1
102226,frames/20717.png,86,1
102444,frames/20716.png,86,1
101949,frames/20728.png,86,1
101714,frames/20731.png,86,1
101899,frames/20735.png,86,1
101787,frames/20734.png,86,1
102099,frames/20744.png,86,1
101663,frames/20746.png,86,1
101659,frames/20743.png,86,1
100246,frames/53718.png,87,1
101249,frames/53480.png,87,1
100961,frames/45168.png,87,1
100415,frames/45167.png,87,1
101300,frames/45156.png,87,1
100348,frames/45368.png,87,1
101212,frames/53593.png,87,1
101387,frames/53693.png,87,1
101363,frames/53479.png,87,1
100426,frames/53685.png,87,1
101031,frames/53855.png,87,1
100457,frames/53462.png,87,1
101138,frames/53892.png,87,1
101311,frames/45289.png,87,1
100052,frames/53524.png,87,1
101128,frames/53525.png,87,1
101417,frames/53541.png,87,1
100872,frames/53400.png,87,1
100379,frames/45271.png,87,1
100125,frames/53657.png,87,1
101419,frames/45240.png,87,1
101216,img/1137.jpg,87,1
101434,frames/53510.png,87,1
101224,frames/45254.png,87,1
101338,frames/45311.png,87,1
101003,frames/53758.png,87,1
101203,frames/45302.png,87,1
101330,frames/53618.png,87,1
101292,frames/53540.png,87,1
100004,frames/53548.png,87,1
101159,frames/45336.png,87,1
100629,frames/45204.png,87,1
101288,frames/45205.png,87,1
100439,frames/53553.png,87,1
100932,frames/45320.png,87,1
101315,frames/45329.png,87,1
101768,frames/24648.png,88,1
101918,frames/24653.png,88,1
102237,frames/24652.png,88,1
102387,frames/24651.png,88,1
101509,frames/24655.png,88,1
102443,frames/24680.png,88,1
102335,frames/24681.png,88,1
102141,frames/24649.png,88,1
102545,frames/24678.png,88,1
101482,frames/24668.png,88,1
101534,frames/24669.png,88,1
102470,frames/24659.png,88,1
102219,frames/24671.png,88,1
102535,frames/24673.png,88,1
101561,frames/24674.png,88,1
101410,frames/42736.png,89,1
101183,frames/42737.png,89,1
100208,frames/42738.png,89,1
100252,frames/42739.png,89,1
100027,frames/42742.png,89,1
100102,frames/42741.png,89,1
100656,frames/42740.png,89,1
100724,img/119046.jpg,90,1
100075,img/118279.jpg,90,1
102015,img/110263.jpg,91,1
101197,img/3120.jpg,91,1
101106,img/4800.jpg,91,1
101063,img/3814.jpg,91,1
100677,img/491.jpg,91,1
101378,img/814.jpg,91,1
101242,img/3556.jpg,91,1
101083,img/2165.jpg,91,1
100291,img/1741.jpg,91,1
100202,img/2492.jpg,91,1
102410,frames/20729.png,92,1
101496,frames/20718.png,92,1
102295,frames/20726.png,92,1
101950,frames/20727.png,92,1
101520,frames/20724.png,92,1
102565,frames/20725.png,92,1
101785,frames/20723.png,92,1
101712,frames/20730.png,92,1
101673,frames/20733.png,92,1
102450,frames/20732.png,92,1
101657,frames/20736.png,92,1
101473,frames/20745.png,92,1
102111,frames/20747.png,92,1
102271,frames/20748.png,92,1
102019,frames/20749.png,92,1
101589,img/106686.jpg,93,1
101613,img/100795.jpg,93,1
101647,img/100655.jpg,93,1
102178,frames/174887.png,94,1
101990,frames/173993.png,94,1
101683,frames/171807.png,94,1
101966,frames/173507.png,94,1
102561,frames/174481.png,94,1
101678,frames/173875.png,94,1
102254,frames/174796.png,94,1
102456,frames/174970.png,94,1
102482,frames/172524.png,94,1
102220,frames/173004.png,94,1
101480,frames/175258.png,94,1
102146,frames/191283.png,95,1
101731,frames/191833.png,95,1
102224,img/119325.jpg,95,1
102136,img/119208.jpg,95,1
101844,frames/189100.png,95,1
100269,frames/53708.png,96,1
100795,frames/53495.png,96,1
100205,frames/53496.png,96,1
100380,frames/53491.png,96,1
100294,frames/45350.png,96,1
100800,frames/45359.png,96,1
100030,frames/53485.png,96,1
100331,frames/45345.png,96,1
100392,frames/53823.png,96,1
100963,frames/45348.png,96,1
100848,frames/53452.png,96,1
101156,frames/53737.png,96,1
100469,img/789.jpg,96,1
100634,frames/45365.png,96,1
100548,frames/53872.png,96,1
100654,frames/53876.png,96,1
101339,frames/53877.png,96,1
100172,frames/53470.png,96,1
101023,frames/45357.png,96,1
100123,frames/53854.png,96,1
100486,frames/53861.png,96,1
100666,frames/53670.png,96,1
100779,frames/53828.png,96,1
100061,frames/45287.png,96,1
100680,frames/45266.png,96,1
100274,frames/53884.png,96,1
100979,frames/45184.png,96,1
100689,frames/45273.png,96,1
100119,frames/53658.png,96,1
101442,frames/45360.png,96,1
101422,frames/45244.png,96,1
101091,frames/45245.png,96,1
100749,frames/53673.png,96,1
100299,frames/53420.png,96,1
100385,frames/53518.png,96,1
101090,frames/53636.png,96,1
100115,frames/53632.png,96,1
100777,frames/45312.png,96,1
101030,frames/53627.png,96,1
101218,frames/53626.png,96,1
101384,frames/53623.png,96,1
100762,frames/45308.png,96,1
101436,frames/45230.png,96,1
101394,frames/53766.png,96,1
100633,frames/53765.png,96,1
100543,frames/53762.png,96,1
101184,frames/53501.png,96,1
100519,frames/53388.png,96,1
100264,frames/53383.png,96,1
101071,frames/53386.png,96,1
100437,frames/53813.png,96,1
100647,frames/53607.png,96,1
100472,frames/53800.png,96,1
101006,frames/53391.png,96,1
100055,frames/53397.png,96,1
100019,frames/53559.png,96,1
100573,img/1899.jpg,97,1
100694,img/4916.jpg,97,1
100697,img/4173.jpg,97,1
101219,frames/14823.png,97,1
101149,img/2482.jpg,97,1
100846,img/3697.jpg,97,1
100971,img/3227.jpg,97,1
100794,img/5025.jpg,97,1
100756,img/1219.jpg,97,1
101269,img/1574.jpg,97,1
100688,img/3.jpg,97,1
100104,img/114253.jpg,98,1
100759,img/114484.jpg,98,1
100084,img/115520.jpg,98,1
100606,img/114465.jpg,98,1
100474,frames/42772.png,99,1
100309,frames/42719.png,99,1
101402,img/1625.jpg,99,1
100631,img/42240.jpg,99,1
100980,img/1413.jpg,99,1
101016,img/3920.jpg,99,1
100148,img/42264.jpg,99,1
100937,img/42263.png,99,1
101007,frames/42765.png,99,1
101307,frames/42764.png,99,1
100997,frames/42769.png,99,1
101186,frames/42768.png,99,1
100659,frames/42773.png,99,1
100913,frames/42770.png,99,1
100996,frames/42771.png,99,1
100146,frames/42776.png,99,1
100327,frames/42774.png,99,1
100506,frames/42775.png,99,1
100847,frames/42778.png,99,1
101275,img/2203.jpg,99,1
101133,frames/42767.png,99,1
101194,frames/42766.png,99,1
100524,img/1270.jpg,99,1
101316,img/1676.jpg,99,1
101153,img/2632.JPG,99,1
101234,img/1111.jpg,99,1
102228,img/106900.jpg,100,1
102233,frames/127751.png,100,1
102529,frames/126701.png,100,1
102396,frames/128565.png,100,1
102336,frames/127798.png,100,1
101454,frames/11400.png,101,1
101469,frames/11399.png,101,1
101301,img/3321.jpg,101,1
100507,frames/5893.png,101,1
100668,frames/5892.png,101,1
100192,frames/5890.png,101,1
100637,frames/11401.png,101,1
101840,frames/207054.png,102,1
101947,frames/126211.png,102,1
102152,frames/177610.png,102,1
101833,frames/181094.png,102,1
102462,frames/180114.png,102,1
101704,frames/180387.png,102,1
100572,frames/17159.png,102,1
100904,frames/183427.png,103,1
100226,frames/142900.png,103,1
101206,img/116910.jpg,103,1
100944,frames/184733.png,103,1
101579,frames/127286.png,103,1
100025,img/117542.jpg,103,1
102234,img/110731.jpg,103,1
101420,frames/141994.png,103,1
100332,frames/141797.png,103,1
100204,frames/53704.png,104,1
100386,frames/53710.png,104,1
100597,frames/45176.png,104,1
100747,frames/45171.png,104,1
100884,frames/45343.png,104,1
100116,frames/53827.png,104,1
100098,frames/53722.png,104,1
100550,frames/53721.png,104,1
101447,frames/45165.png,104,1
100557,frames/45163.png,104,1
100827,frames/45161.png,104,1
100296,frames/53588.png,104,1
100375,frames/53585.png,104,1
100153,frames/53455.png,104,1
100393,frames/45154.png,104,1
101324,frames/53599.png,104,1
100217,frames/53443.png,104,1
101046,frames/53441.png,104,1
100778,frames/53444.png,104,1
100347,frames/53697.png,104,1
100767,frames/53694.png,104,1
100907,frames/53903.png,104,1
101245,frames/53888.png,104,1
101181,frames/53870.png,104,1
100142,frames/53875.png,104,1
101114,frames/53879.png,104,1
100955,frames/53681.png,104,1
100228,frames/53911.png,104,1
101246,frames/53408.png,104,1
100401,frames/53865.png,104,1
100738,frames/53674.png,104,1
100829,frames/53789.png,104,1
100454,frames/53785.png,104,1
100068,frames/53890.png,104,1
101243,frames/45280.png,104,1
100552,frames/45286.png,104,1
100807,frames/45285.png,104,1
100836,frames/53410.png,104,1
100933,frames/53520.png,104,1
101235,frames/53661.png,104,1
100241,frames/53794.png,104,1
101250,frames/53542.png,104,1
101445,frames/53817.png,104,1
100266,frames/53889.png,104,1
100579,frames/53882.png,104,1
101341,frames/53881.png,104,1
101038,frames/53887.png,104,1
100046,frames/45276.png,104,1
100321,frames/45275.png,104,1
100798,frames/53656.png,104,1
101265,frames/53437.png,104,1
101370,frames/53439.png,104,1
101124,frames/53506.png,104,1
101297,frames/53643.png,104,1
100232,frames/53649.png,104,1
100002,frames/45247.png,104,1
101058,frames/53637.png,104,1
101353,frames/53639.png,104,1
101455,frames/45251.png,104,1
101285,frames/45252.png,104,1
100149,frames/53743.png,104,1
100231,frames/53453.png,104,1
100593,frames/53723.png,104,1
100555,frames/45318.png,104,1
100750,frames/45314.png,104,1
100692,frames/45224.png,104,1
100510,frames/45225.png,104,1
100069,frames/53756.png,104,1
100416,frames/53575.png,104,1
100850,frames/45307.png,104,1
101340,frames/53616.png,104,1
101008,frames/53615.png,104,1
100496,frames/45237.png,104,1
101231,frames/45236.png,104,1
100278,frames/53764.png,104,1
101298,frames/53507.png,104,1
100769,frames/53382.png,104,1
100109,frames/53648.png,104,1
101022,frames/53543.png,104,1
100704,frames/53818.png,104,1
100122,frames/53819.png,104,1
101175,frames/45338.png,104,1
101147,frames/45339.png,104,1
100537,frames/45337.png,104,1
100293,frames/53609.png,104,1
100982,frames/53606.png,104,1
101135,frames/45201.png,104,1
100522,frames/45206.png,104,1
100162,frames/53771.png,104,1
100796,frames/53807.png,104,1
101444,frames/53392.png,104,1
101356,frames/45326.png,104,1
101329,frames/227918.png,105,1
101150,frames/228108.png,105,1
100324,frames/228118.png,105,1
101146,frames/228135.png,105,1
101425,frames/227876.png,105,1
101390,frames/228188.png,105,1
100595,frames/227870.png,105,1
101497,frames/126381.png,106,1
101994,frames/127377.png,106,1
102370,frames/127330.png,106,1
102399,frames/126318.png,106,1
101727,frames/127450.png,107,1
102522,img/102640.jpg,107,1
102531,frames/198989.png,107,1
100320,frames/69696.png,107,1
101682,frames/169172.png,107,1
102264,frames/25122.png,107,1
102267,img/112588.jpg,107,1
101838,frames/126773.png,107,1
102391,frames/129024.png,107,1
102446,frames/128372.png,107,1
102510,frames/128618.png,107,1
100733,img/2988.jpeg,107,1
102011,frames/125702.png,107,1
102045,img/88.jpg,107,1
101553,frames/178789.png,107,1
100838,frames/17158.png,107,1
102257,frames/168116.png,108,1
102379,frames/168765.png,108,1
102554,frames/169200.png,108,1
101588,frames/168379.png,108,1
102355,frames/168617.png,108,1
101595,frames/168867.png,108,1
101933,frames/168441.png,108,1
102313,frames/168305.png,108,1
101630,frames/168192.png,108,1
102129,frames/169235.png,108,1
101791,frames/169166.png,108,1
102127,frames/168237.png,108,1
101932,frames/168891.png,108,1
102539,frames/168523.png,108,1
101495,frames/168958.png,108,1
101489,frames/168779.png,108,1
101078,img/897.jpg,109,1
101061,frames/9272.png,109,1
101426,frames/9267.png,109,1
100802,frames/9269.png,109,1
101278,frames/9268.png,109,1
100644,frames/9273.png,109,1
101359,frames/9271.png,109,1
100024,frames/9274.png,109,1
100518,frames/9275.png,109,1
101334,img/3021.jpg,109,1
101019,frames/14299.png,109,1
100515,frames/14298.png,109,1
100254,frames/14297.png,109,1
101267,img/480.jpg,109,1
100793,img/4787.jpg,109,1
100259,frames/14301.png,109,1
100502,frames/14300.png,109,1
101110,frames/14303.png,109,1
100842,frames/14302.png,109,1
100080,frames/14305.png,109,1
100803,frames/14304.png,109,1
101405,frames/14306.png,109,1
100203,img/4937.jpg,109,1
100681,img/116802.jpg,110,1
100114,frames/207791.png,110,1
101299,img/117447.jpg,110,1
100079,img/117395.jpg,110,1
100404,frames/207694.png,110,1
101377,img/118183.jpg,110,1
100973,frames/207645.png,110,1
101501,frames/179306.png,111,1
102180,img/124620.jpg,111,1
101981,frames/176424.png,111,1
102255,frames/178260.png,111,1
101752,frames/177592.png,111,1
101996,frames/181971.png,111,1
102495,frames/181054.png,111,1
102366,frames/179493.png,111,1
101908,img/124565.jpg,111,1
101761,img/124918.jpg,111,1
101917,frames/179126.png,111,1
101679,frames/179868.png,111,1
102063,img/124903.jpg,111,1
101644,frames/178286.png,111,1
102551,frames/180440.png,111,1
102068,frames/180444.png,111,1
102103,frames/177441.png,111,1
102004,img/124580.jpg,111,1
102018,frames/177775.png,111,1
101690,frames/178196.png,111,1
102247,frames/177198.png,111,1
102489,frames/178578.png,111,1
102055,frames/180641.png,111,1
101506,frames/178305.png,111,1
102086,img/125338.jpg,111,1
101854,img/124262.jpg,111,1
101875,frames/176810.png,111,1
102413,img/123944.jpg,111,1
101986,img/125086.jpg,111,1
102239,img/113283.jpg,112,1
101859,frames/161066.png,112,1
102409,img/1475.jpg,112,1
101964,img/1729.jpg,112,1
102494,img/113082.jpg,112,1
101839,img/113297.jpg,112,1
101942,img/114813.jpg,112,1
102206,img/113289.jpg,112,1
100272,frames/18881.png,113,1
100388,frames/18880.png,113,1
101086,frames/18883.png,113,1
100587,frames/18882.png,113,1
100195,frames/18865.png,113,1
101172,img/3467.jpg,113,1
100250,frames/18878.png,113,1
100101,frames/18874.png,113,1
100881,frames/18875.png,113,1
100402,frames/18876.png,113,1
100442,frames/18866.png,114,1
100813,img/4044.jpg,114,1
100143,frames/18869.png,114,1
100567,frames/18867.png,114,1
101032,frames/18868.png,114,1
100604,frames/18870.png,114,1
101041,frames/18871.png,114,1
101028,frames/18872.png,114,1
100037,frames/18873.png,114,1
102095,img/102594.jpg,115,1
102053,frames/128606.png,115,1
101713,frames/127900.png,115,1
101700,img/107856.jpg,115,1
102187,frames/129590.png,115,1
102520,frames/127474.png,115,1
101660,img/107391.jpg,115,1
102284,frames/129434.png,115,1
102316,frames/126569.png,115,1
101532,img/101013.jpg,115,1
100352,frames/68233.png,116,1
100191,frames/68236.png,116,1
101039,frames/68237.png,116,1
100179,frames/68234.png,116,1
101182,frames/68235.png,116,1
100972,frames/68238.png,116,1
100504,frames/68239.png,116,1
100157,img/2516.jpg,116,1
100986,frames/6632.png,116,1
100513,img/67051.jpg,116,1
101084,img/67053.jpg,116,1
100044,frames/68243.png,116,1
100111,frames/68242.png,116,1
101050,frames/68241.png,116,1
101121,frames/68240.png,116,1
101200,frames/68247.png,116,1
100623,frames/68246.png,116,1
100070,frames/68245.png,116,1
101166,frames/68244.png,116,1
101439,frames/68248.png,116,1
100615,img/67049.jpg,116,1
101178,img/67046.jpg,116,1
100817,img/67047.jpg,116,1
102010,img/107903.jpg,117,1
102022,frames/188380.png,117,1
102026,img/121484.jpg,117,1
102285,frames/188060.png,117,1
102517,img/115127.jpg,117,1
101565,frames/188282.png,117,1
102021,img/121242.jpg,117,1
101536,frames/188241.png,117,1
100539,img/1267.jpg,118,1
100865,img/51392.jpg,118,1
100334,img/51395.jpg,118,1
100582,img/51397.jpg,118,1
101170,img/51396.jpg,118,1
100134,img/1229.jpg,118,1
101411,img/4569.jpg,118,1
100951,frames/51774.png,119,1
101141,frames/10576.png,119,1
100218,frames/10572.png,119,1
101379,frames/10571.png,119,1
100994,frames/10579.png,119,1
101566,frames/19208.png,119,1
101137,frames/10594.png,119,1
100263,frames/10595.png,119,1
100792,frames/10596.png,119,1
100248,frames/10597.png,119,1
100875,frames/10591.png,119,1
101070,frames/10593.png,119,1
100015,frames/10598.png,119,1
100243,frames/10585.png,119,1
101037,frames/10589.png,119,1
100775,frames/45324.png,119,1
102398,frames/220947.png,120,1
102204,frames/220178.png,120,1
101518,frames/220948.png,120,1
101728,frames/220575.png,120,1
101515,frames/222136.png,120,1
102116,frames/219855.png,120,1
101802,frames/221153.png,120,1
102433,frames/218436.png,120,1
101975,frames/220166.png,120,1
102348,img/118749.jpg,120,1
101874,frames/221588.png,120,1
102148,frames/221343.png,120,1
101521,frames/219787.png,120,1
102299,frames/220433.png,120,1
101940,frames/221352.png,120,1
102293,frames/221684.png,120,1
101827,frames/219900.png,120,1
102177,frames/218764.png,120,1
102242,frames/220462.png,120,1
101970,frames/220724.png,120,1
101880,frames/221514.png,120,1
101781,frames/218839.png,120,1
101636,frames/219257.png,120,1
101567,frames/219652.png,120,1
101722,frames/218532.png,120,1
102248,frames/219065.png,120,1
101834,frames/221071.png,120,1
102196,frames/221452.png,120,1
101843,frames/220036.png,120,1
101748,frames/220329.png,120,1
102315,img/118311.jpg,120,1
102542,frames/218952.png,120,1
101545,frames/218613.png,120,1
102564,frames/222213.png,120,1
102043,frames/219980.png,120,1
101723,img/3762.jpg,121,1
102465,img/2284.jpg,121,1
102368,frames/11700.png,121,1
102156,frames/11701.png,121,1
102173,frames/11698.png,121,1
102006,frames/11696.png,121,1
101654,frames/11697.png,121,1
101801,frames/11694.png,121,1
101912,frames/11695.png,121,1
102439,frames/11692.png,121,1
102112,frames/11693.png,121,1
101954,frames/11699.png,121,1
101176,frames/148375.png,122,1
100117,frames/148119.png,122,1
101064,frames/148768.png,122,1
100711,frames/148638.png,122,1
101427,img/115060.jpg,122,1
100222,frames/148190.png,122,1
101336,frames/148266.png,122,1
100832,img/115085.jpg,122,1
100859,frames/148884.png,122,1
101726,frames/8765.png,123,1
102543,frames/25133.png,123,1
102359,frames/8766.png,123,1
101890,frames/8767.png,123,1
101911,frames/25121.png,123,1
100132,img/118641.jpg,124,1
100494,img/118606.jpg,124,1
100129,img/119140.jpg,124,1
100081,img/118425.jpg,124,1
100279,frames/138535.png,125,1
100877,frames/137334.png,125,1
101162,img/114473.jpg,125,1
100909,frames/136182.png,125,1
101177,frames/137914.png,125,1
101074,img/115408.jpg,125,1
100508,img/114942.jpg,125,1
101414,img/114892.jpg,125,1
101360,frames/137944.png,125,1
100897,img/115283.jpg,125,1
100902,frames/135975.png,125,1
101296,frames/136353.png,125,1
101045,frames/148861.png,125,1
102376,frames/11719.png,126,1
101777,frames/20761.png,126,1
102201,frames/20757.png,126,1
101935,frames/20756.png,126,1
102060,frames/20755.png,126,1
102118,frames/20754.png,126,1
102437,frames/20753.png,126,1
102181,frames/20752.png,126,1
101885,frames/20751.png,126,1
101653,frames/20759.png,126,1
102323,frames/20762.png,126,1
102079,frames/20760.png,126,1
100358,frames/18968.png,127,1
100617,frames/14820.png,127,1
101835,frames/174181.png,127,1
100107,frames/192947.png,127,1
100939,frames/194661.png,127,1
100714,frames/18969.png,127,1
100621,frames/190082.png,127,1
100964,frames/194810.png,127,1
101276,frames/191397.png,127,1
100390,frames/222313.png,127,1
102044,img/3602.jpg,127,1
100837,frames/6619.png,127,1
100977,frames/69777.png,127,1
100251,frames/193871.png,127,1
101350,frames/193876.png,127,1
100405,frames/53700.png,128,1
101100,frames/45199.png,128,1
100896,frames/53492.png,128,1
100499,frames/53493.png,128,1
100941,frames/45356.png,128,1
101145,frames/53835.png,128,1
101464,frames/53716.png,128,1
101345,frames/53713.png,128,1
101191,frames/45174.png,128,1
100938,frames/45172.png,128,1
100754,frames/53484.png,128,1
101180,frames/53488.png,128,1
101095,frames/53820.png,128,1
100396,frames/53825.png,128,1
101432,frames/53451.png,128,1
100840,frames/53733.png,128,1
100112,frames/53582.png,128,1
101179,frames/53581.png,128,1
100060,frames/53841.png,128,1
101082,frames/53598.png,128,1
100169,frames/53442.png,128,1
101244,frames/53447.png,128,1
100210,frames/53449.png,128,1
100974,frames/45146.png,128,1
100545,frames/45142.png,128,1
100418,frames/53692.png,128,1
100016,frames/53458.png,128,1
100322,frames/53901.png,128,1
101097,frames/53906.png,128,1
100021,frames/53904.png,128,1
100282,frames/53473.png,128,1
100561,frames/53478.png,128,1
101352,frames/53684.png,128,1
100560,frames/53687.png,128,1
100725,frames/53834.png,128,1
100600,frames/53910.png,128,1
101261,frames/45186.png,128,1
100083,frames/53469.png,128,1
101115,frames/53468.png,128,1
100384,frames/53851.png,128,1
100039,frames/53782.png,128,1
101056,frames/53891.png,128,1
100221,frames/45305.png,128,1
100383,frames/45282.png,128,1
100047,frames/45283.png,128,1
100001,frames/45281.png,128,1
100940,frames/53411.png,128,1
100811,frames/53862.png,128,1
100097,frames/45265.png,128,1
100788,frames/45269.png,128,1
100088,frames/53792.png,128,1
100867,frames/53812.png,128,1
101418,frames/53816.png,128,1
100456,frames/53883.png,128,1
101168,frames/53886.png,128,1
101327,frames/45295.png,128,1
100584,frames/45297.png,128,1
100201,frames/53407.png,128,1
100003,frames/53405.png,128,1
100428,frames/53404.png,128,1
101397,frames/53530.png,128,1
100598,frames/53535.png,128,1
100292,frames/53801.png,128,1
101017,frames/53430.png,128,1
101000,frames/53434.png,128,1
101308,frames/53505.png,128,1
100196,frames/53503.png,128,1
100337,frames/53509.png,128,1
100059,frames/53640.png,128,1
100533,frames/53645.png,128,1
100460,frames/53519.png,128,1
100943,frames/53635.png,128,1
100660,frames/45255.png,128,1
101467,frames/53747.png,128,1
101122,frames/45310.png,128,1
100421,frames/45317.png,128,1
100577,frames/45229.png,128,1
101226,frames/45309.png,128,1
100249,frames/53617.png,128,1
100355,frames/45239.png,128,1
100423,frames/45238.png,128,1
100780,frames/45234.png,128,1
100236,frames/45233.png,128,1
100995,frames/53769.png,128,1
100233,frames/53761.png,128,1
101196,frames/53389.png,128,1
100479,frames/53387.png,128,1
101431,frames/45334.png,128,1
101450,frames/53601.png,128,1
101272,frames/53777.png,128,1
100126,frames/53776.png,128,1
101040,frames/45323.png,128,1
100373,frames/53398.png,128,1
100866,frames/53803.png,128,1
100924,frames/53557.png,128,1
100868,frames/53558.png,128,1
100945,frames/25057.png,129,1
102426,frames/125603.png,129,1
102047,frames/25278.png,129,1
100501,frames/25065.png,129,1
100461,frames/25067.png,129,1
100675,frames/25066.png,129,1
100300,frames/25061.png,129,1
100822,frames/25060.png,129,1
100094,frames/25062.png,129,1
102405,frames/18714.png,130,1
102411,frames/18723.png,130,1
102007,frames/18713.png,130,1
101549,frames/18717.png,130,1
102081,frames/18716.png,130,1
102338,frames/18726.png,130,1
102360,frames/18724.png,130,1
101873,frames/18725.png,130,1
101894,frames/18722.png,130,1
102493,frames/18720.png,130,1
101951,frames/18721.png,130,1
102514,frames/125607.png,131,1
102017,frames/129354.png,131,1
102137,frames/128112.png,131,1
102498,frames/126951.png,131,1
102557,frames/126490.png,131,1
102107,frames/125542.png,131,1
101921,frames/126160.png,131,1
101479,frames/129572.png,131,1
102149,frames/129372.png,131,1
102087,frames/126592.png,131,1
102176,img/102544.jpg,131,1
102041,frames/129009.png,131,1
101624,frames/128163.png,131,1
102562,frames/128703.png,131,1
101842,frames/129448.png,131,1
102552,frames/125825.png,131,1
101999,frames/24656.png,132,1
101559,frames/24682.png,132,1
102175,frames/12894.png,132,1
102229,frames/24663.png,132,1
101913,frames/24660.png,132,1
101952,frames/24661.png,132,1
101866,frames/24667.png,132,1
101808,frames/24664.png,132,1
101680,frames/24650.png,132,1
102412,frames/24657.png,132,1
101997,frames/24654.png,132,1
101858,img/3161.jpg,132,1
101598,frames/24676.png,132,1
101786,frames/24679.png,132,1
101620,frames/24670.png,132,1
101685,frames/24672.png,132,1
101831,frames/24658.png,132,1
102501,frames/24665.png,132,1
101741,frames/24675.png,132,1
101587,img/3956.jpg,133,1
102414,img/2739.jpg,133,1
101852,frames/17101.png,133,1
101642,img/3253.jpg,133,1
101563,img/303.jpg,133,1
102362,img/438.jpg,133,1
101962,img/781.jpg,133,1
101792,frames/17102.png,133,1
102515,img/3196.jpg,133,1
102243,img/107777.jpg,133,1
102039,img/2159.jpg,133,1
101743,frames/6874.png,133,1
102408,frames/6875.png,133,1
101494,img/15.jpg,133,1
102194,img/2952.jpg,133,1
102328,img/1157.jpg,133,1
102040,img/4109.jpg,133,1
101925,img/1187.jpg,133,1
101517,img/1629.jpg,133,1
101987,frames/140729.png,134,1
101867,frames/174686.png,134,1
102133,frames/174509.png,134,1
102447,img/116158.jpg,134,1
102500,frames/173451.png,134,1
102342,img/115870.jpg,134,1
101907,frames/174876.png,134,1
101504,frames/171992.png,134,1
102122,frames/173117.png,134,1
101744,frames/172082.png,134,1
102274,frames/174323.png,134,1
102422,frames/172782.png,134,1
102132,frames/172654.png,134,1
100571,img/4626.jpeg,135,1
101438,img/2665.jpg,135,1
102241,img/78.jpg,135,1
100020,img/4575.jpg,135,1
100151,img/2254.jpeg,135,1
100643,img/2823.jpg,135,1
100017,img/79104.jpg,135,1
100280,img/3591.jpg,135,1
100268,img/3005.JPG,135,1
100303,img/4904.jpg,135,1
100219,img/330.jpg,135,1
101416,img/3879.jpg,135,1
100737,img/3905.jpeg,135,1
100058,img/3054.jpg,135,1
101463,img/3082.jpg,135,1
100586,img/4855.jpg,135,1
100730,img/2472.jpeg,135,1
100376,img/1407.jpg,135,1
100007,img/4001.jpg,135,1
101072,img/4997.jpeg,135,1
101280,img/4708.jpg,135,1
100981,img/2693.jpeg,135,1
100546,img/3968.jpeg,135,1
101270,img/1173.jpg,135,1
100789,img/919.jpg,135,1
100281,img/1545.jpg,135,1
100635,img/2705.jpg,135,1
100301,img/4396.jpg,135,1
100212,img/1794.jpeg,135,1
100137,img/3815.jpeg,135,1
100343,img/3847.jpeg,135,1
100861,img/58332.jpeg,135,1
100790,frames/6631.png,135,1
100397,frames/6633.png,135,1
101237,img/2508.jpg,135,1
100705,img/4512.jpg,135,1
100091,img/231.jpeg,135,1
101351,img/4866.jpg,135,1
100782,img/41.jpeg,135,1
100575,img/2906.jpg,135,1
101449,img/2628.jpg,135,1
100431,img/3507.jpg,135,1
100601,img/5123.jpg,135,1
100835,img/3248.jpeg,135,1
101109,img/4137.jpeg,135,1
101389,img/3105.jpeg,135,1
101129,img/377.jpg,135,1
102305,frames/23077.png,136,1
101855,frames/125645.png,136,1
102492,frames/23073.png,136,1
102318,frames/23071.png,136,1
101733,frames/23074.png,136,1
101989,frames/23075.png,136,1
102150,frames/221405.png,137,1
101693,frames/221046.png,137,1
101627,frames/219068.png,137,1
102193,frames/220718.png,137,1
102198,frames/222026.png,137,1
101669,frames/222258.png,137,1
102540,frames/219009.png,137,1
102372,frames/219262.png,137,1
101958,frames/222263.png,137,1
101538,frames/221860.png,137,1
102381,frames/218782.png,137,1
102343,frames/221517.png,137,1
102266,frames/221507.png,137,1
101519,frames/220761.png,137,1
101739,frames/220231.png,137,1
102452,frames/220544.png,137,1
102117,frames/220434.png,137,1
102227,frames/219225.png,137,1
102365,frames/220339.png,137,1
101557,frames/221946.png,137,1
102375,frames/218828.png,137,1
101819,frames/179143.png,138,1
101583,frames/179606.png,138,1
101577,img/124134.jpg,138,1
101756,img/124612.jpg,138,1
102436,img/125038.jpg,138,1
102300,img/124896.jpg,138,1
102200,img/125187.jpg,138,1
102327,img/124598.jpg,138,1
102511,img/125400.jpg,138,1
101508,img/125303.jpg,138,1
101703,img/2383.jpg,139,1
102169,img/4215.JPG,139,1
102321,img/2144.jpg,139,1
101505,img/1300.jpg,139,1
101500,frames/23453.png,139,1
101664,frames/23456.png,139,1
101762,frames/23454.png,139,1
101943,img/440.jpg,139,1
102390,img/107123.jpg,140,1
101612,img/100614.jpg,140,1
101826,frames/127104.png,140,1
101730,img/102491.jpg,140,1
100921,frames/183301.png,141,1
100736,frames/186274.png,141,1
101092,img/117570.jpg,141,1
100276,img/116772.jpg,141,1
100853,img/118029.jpg,141,1
100106,frames/219660.png,142,1
101404,img/112025.jpg,142,1
100360,img/112290.jpg,142,1
101157,frames/219269.png,142,1
100468,frames/221132.png,142,1
100682,frames/219471.png,143,1
101364,img/102064.jpg,143,1
101375,img/100589.jpg,143,1
102320,frames/78188.png,144,1
101594,frames/78196.png,144,1
102353,frames/78198.png,144,1
101774,frames/78187.png,144,1
101790,frames/78186.png,144,1
102140,frames/78185.png,144,1
102383,frames/78189.png,144,1
102351,frames/78194.png,144,1
101998,frames/78195.png,144,1
102069,frames/78197.png,144,1
102402,frames/78190.png,144,1
101599,frames/78191.png,144,1
102281,frames/78192.png,144,1
101971,frames/78193.png,144,1
101882,img/4143.jpg,145,1
101623,frames/20840.png,145,1
102330,frames/20841.png,145,1
102532,frames/20842.png,145,1
102221,frames/20844.png,145,1
102073,frames/20835.png,145,1
102415,frames/20831.png,145,1
101651,frames/20830.png,145,1
102155,frames/20833.png,145,1
102283,frames/20832.png,145,1
102265,img/470.jpg,145,1
101738,frames/20828.png,145,1
102070,frames/20829.png,145,1
102298,frames/20826.png,145,1
101650,frames/20827.png,145,1
101764,frames/20824.png,145,1
102528,frames/20825.png,145,1
102429,frames/20837.png,145,1
101608,frames/20839.png,145,1
102057,frames/20838.png,145,1
101906,frames/20834.png,145,1
101804,frames/20836.png,145,1
100391,frames/197451.png,146,1
100978,frames/200377.png,146,1
101132,frames/198356.png,146,1
100657,img/121890.jpg,146,1
100594,img/121530.jpg,146,1
100245,frames/197219.png,146,1
100056,img/122225.jpg,146,1
101284,frames/200072.png,146,1
100158,frames/198471.png,146,1
100824,frames/197538.png,146,1
100306,img/121641.jpg,146,1
101367,img/121511.jpg,146,1
101440,frames/199088.png,146,1
101570,frames/174856.png,147,1
101823,frames/171730.png,147,1
102392,frames/173479.png,147,1
102505,frames/172236.png,147,1
101821,frames/140902.png,147,1
101869,frames/171684.png,147,1
102458,frames/171688.png,147,1
101897,frames/172650.png,147,1
102484,frames/172147.png,147,1
102461,frames/152112.png,148,1
101904,img/114276.jpg,148,1
101543,img/115135.jpg,148,1
102332,img/114238.jpg,148,1
102508,frames/138158.png,148,1
102184,img/114754.jpg,148,1
102319,frames/169438.png,149,1
101816,frames/168113.png,149,1
101539,frames/168575.png,149,1
101824,frames/168387.png,149,1
102160,img/120888.jpg,149,1
101617,frames/169244.png,149,1
101621,frames/169296.png,149,1
102449,img/119559.jpg,149,1
102002,frames/169120.png,149,1
102563,frames/169429.png,149,1
101629,frames/168261.png,149,1
102005,frames/168383.png,149,1
