21.726280637427912,-95.41425068997721
16.979126393392928,-97.102807926285
48.21723258113304,-38.42949379031759
22.06581752589204,-95.97147459435215
19.824478688837715,-94.06954091939765
47.187024812789154,-36.88476997166804
-1.4682903746761797,-48.29607678174107
34.200121720219606,1.352517247654183
30.82027708880015,-4.645202701322642
-3.610889972468717,-47.23181836741164
32.79138179673892,-7.529211974804725
46.564190811061,-12.232222138699104
-52.56090883301252,-34.07051876986699
-51.96315094658344,-55.08190170270753
-52.65146731028542,-55.019764126093726
39.97279035414249,-27.91312872655711
-18.0797544984993,56.65835494750118
7.091318173853899,62.230311913798154
20.17362839910138,77.1636665635148
52.55963224905388,-45.24832256375436
39.70558050754142,-27.49754970623737
52.17140959944861,-45.384268095401055
17.907765372600462,63.36613947978406
52.97103496830672,-45.12694927355966
-24.526007274221683,66.14185414538319
0.20235495463730566,72.68311710125944
-69.171719511982,-0.9344149767787803
-65.00291071354413,6.860344266403758
-44.761418310117136,-55.99678993777865
64.92533454076899,-0.7887523988808716
-76.34156797170661,-14.228518705945097
-9.405947171088838,64.793513704279
0.6088297049244981,40.25877922628305
33.29181604276623,-9.964016513918828
33.10139773515068,-1.0449893070591743
30.619015667803136,-36.267347818385836
-3.958210811282828,-47.910006456899694
34.549442606248114,-29.663020975628918
-10.707590272573281,0.40429920509851375
52.779046848268585,-39.84276183169141
45.357591689743195,-13.329471553195061
33.01839029125038,-30.707635667585162
42.16457565758418,-57.56144191663154
68.1882893961683,-53.32231701139023
68.00512667296508,-53.20002178761484
52.773253032423376,-31.620150920772335
-46.64135957388172,-42.7494583621625
81.25751862285075,-19.23586051921794
51.61979782294106,-45.453880804534535
-10.953848765245585,64.23958605186131
-62.59793179576992,6.4053966663492155
47.96286033002145,-10.56358112052445
-51.02663728664364,8.36666924482249
48.82261333920372,-47.21299256481357
3.902605332434273,-27.85544695950956
34.576115991490425,-45.902711311154036
36.77570831043079,-39.18247587095888
74.18033403253803,-20.95019829581823
-14.427095299734187,75.35357423181004
9.683815097018186,-27.802197258369436
-23.310786289034002,74.35625219573954
-65.57246951535862,-11.684605027245576
-67.00993325199836,-18.875207106700387
3.8839462112844294,53.32067382744487
-7.996430041992818,59.561871383957325
-70.45676325457694,-14.841125780320063
-51.622578201617024,2.831618130257656
-69.3330452680025,-4.92773399678473
2.2359760964044173,67.11551238606958
-14.602327412527554,70.31059076222638
62.50609588527681,-2.2916296413747537
-6.186857791634373,12.004562734778563
-38.74179652283786,-4.944522051655363
-54.98272918683756,-4.483565323051117
-74.68454982713025,-1.5140502071033703
-71.75972559184423,-10.163224058700921
-50.484555701337314,-50.84547721157975
6.466006905283816,68.82786427292052
-56.490796890769666,-58.884394767179934
-18.58580137603485,73.03598510716246
-75.31121724258875,-9.15406783755125
-54.96157637144879,-49.75076013813162
67.15631766190059,46.87425787329867
79.88549923380357,-14.99897442018383
57.74315046311329,-50.473486863610304
37.051963692726076,-12.807120461541336
29.644692197967274,-2.376694934144791
0.36039775913421596,50.41779398847303
-42.840545081268885,-6.159215942780614
5.9631015916995755,42.70289371357113
-13.695063375979993,58.479972246541436
-62.717577881882846,-5.950064737291856
3.0911848268154998,43.082795543668446
-51.345130680437336,-56.00589330471127
-45.7214574817593,-31.12976170727966
7.611103694346669,45.271743333979344
-34.84575907279194,11.9795248591439
35.01531445316444,-8.322657859160568
62.14304466792705,-61.36728356771345
62.84860119658841,-61.02682934027009
-50.49573091645085,-52.25879652744724
-50.04129026362747,11.691646294437561
-55.6795122670472,-10.001696849222476
-14.324464912225697,63.86523111434375
20.943745882379133,76.08964824405963
8.660558555757731,80.59035983259032
9.177884523116001,69.13247346644317
11.775083455644316,40.04768301886633
-61.62100562234463,0.8663294369094436
-49.20915763342247,16.337818929103072
82.50768588620868,-20.59498379725714
-46.005935738113195,-49.320947488250546
7.902669281361182,-26.707758142811546
74.81883320595038,-17.410855658846337
14.734726619302133,-100.38228824402296
15.361578867279182,-99.11601212115231
23.85490744190361,-92.32979837612726
18.724901866998135,-94.54395451130976
16.595986921934774,-93.60037277194824
18.636143829023222,-93.58116152279082
17.47684920956367,-94.5777760991548
19.361505456943274,-95.5829488980853
43.13797135974519,-55.77136915430672
42.97799203691792,-41.059718059316374
64.74193047533477,-57.75608282841234
14.531066962315442,-51.11339167864674
29.753843095642424,-47.86951313560214
7.7233308981499755,-31.002097913614218
-32.626319902868865,6.853514091706679
46.14871501527137,-14.695794875709586
41.27032255585847,-23.39124945607351
31.209243240656065,-94.9166468128888
30.91304813623172,-95.40604380771006
29.204044308401883,-93.9970882299749
24.041720565304647,-90.07702390341814
22.099041525249053,-33.87491343835724
64.5145709645335,19.962545786137934
65.27650084694194,19.629186239332245
65.21652905441552,16.859708428314864
64.37186988630441,14.67787675697668
62.64868920903418,16.966880172044107
64.2048550153214,18.21860614968213
64.78934245260388,18.48500138045585
-9.593554054949095,-79.18123961518803
43.78703111479266,-39.00951477503771
46.27752114552518,-32.98444462181938
2.300189320402694,2.3624188081566615
2.626626533993976,1.0365137447471044
0.5831271581434061,5.029862480961959
2.6880572705311865,3.1965796808315923
2.8584844495668476,6.129125729751918
7.733436621192729,68.23911828955498
5.125383379457085,-0.050131102683790306
-9.465608912902317,66.25487303378512
79.7419715628115,-28.206353839385663
-70.10005689159085,-7.882895654763565
-58.85669289814076,-7.693716761578901
-47.22028932301079,-43.69675907452283
22.10786167685499,57.824708424278455
-14.678990276011062,46.363369846157966
-33.84419247205855,12.042924324092489
-36.302966522606006,-9.55948273416633
-64.71502442753277,2.751391536801819
61.32036132092724,-22.200649261935265
-40.84821009814296,-10.50232209613919
-4.841785227730297,83.91589591992583
3.4769925130431387,56.697932711230514
-68.13215196214348,-11.75158249944796
-5.275598518295873,49.236846015417335
-20.290748204220463,50.53896477987682
-48.84172028003435,-51.387936071930405
-54.00345687006755,-48.92201252944709
12.964415720453664,77.98159073957918
-47.734525278829224,-43.48521800650481
-58.48142192731051,-48.22758583405398
-48.46503061523641,-25.670913514352623
-45.201473391350795,-43.484749418891276
-56.82123157709241,4.388351039556633
-50.64777207948122,1.11936632773311
1.6176664864105854,75.92711368586885
-70.79908616663725,-13.978264378461521
66.20062037845794,-21.414771808103676
30.90239138245953,-2.2735626922364904
43.14395726613701,-55.82206682508864
70.83568512123855,-17.556620411518722
33.47155318225279,-23.290471213727685
51.38164620749925,-23.46825514946786
35.9812117057582,-12.092140927050748
48.57444111196265,-29.15753187778585
80.25242159678028,-16.601593381734965
-79.86571743800639,62.504519166453996
22.33437644774215,66.44728884552947
71.81957204482794,49.386977666692644
23.945755542473435,75.17250748779392
54.83001780117829,-27.066914783474765
-8.62779000448431,54.335029504052066
23.825142669434424,75.35912469569604
-51.85423437287906,6.3665213094124145
64.06694215078141,-38.512642159241516
0.13544235851283543,37.59843517692568
9.312147907085926,67.16499531526115
-14.846894349140381,65.42566095618047
-61.95499270580049,-12.04884306326819
64.63697273463143,-1.5120956979685407
-16.344460870012078,47.49342845457162
75.08906108680644,-14.735162252448077
-39.01760972516949,-7.3685502408766546
46.28027002719755,-12.27672257055863
-9.114268190056048,73.05563450569858
-25.279675799369034,11.755270245728278
-33.58579744514459,11.224826282475167
-18.47054838318928,65.01441267734533
10.39201125480904,39.06347828478423
-60.00442374023904,8.57458902675776
0.9419488173815156,76.59331753089867
9.446997909264109,50.00224140594696
4.490266422022086,51.17403329134155
-2.9513311438709144,54.284525566393874
67.19048572881772,48.68393464761385
43.719114601908345,-70.63435925876621
50.66330229555674,-53.1490457837426
-45.62654804912089,-10.593582404627291
64.71747492177697,-54.91468214715396
77.6932676062292,-17.34778613051114
7.568515386582051,-30.458340960543417
71.17307308766866,50.06773273404248
101.89347391541138,16.651937555729866
101.82929777452628,19.312151029021233
101.31005039284035,18.22189106631848
102.54526408691075,18.20684646248037
15.653301363764468,-99.76628057611491
15.279069832814852,-100.92625134044894
76.06053697568714,-24.11289465967922
16.15115329452382,-100.92785208763866
50.828835382023364,-38.047376794934664
17.035016074939858,-100.32985728827516
16.432781543850574,-99.14777129978538
14.265266230456218,-99.38620058955966
64.28667717264696,-39.12950468380129
16.250468058598766,-100.04078880200753
64.53553874472931,11.698940017705887
44.98924079110107,-36.17783347241367
47.30850683770112,-28.787374087463935
-80.09608160937799,48.199200642504074
-95.76461714299688,48.53490185231451
-92.36693862961661,48.329277115117655
-83.60259246207093,47.55674891466724
-95.20234011537035,48.927909556295866
47.98937658825235,-11.86003065087113
64.92086847011882,-54.89787795827168
20.78070233740104,-93.45607648173169
20.65381876203986,-95.41972595019132
21.83566725084679,-92.96392364755867
19.297919354390917,-93.0178943121045
18.21941170253744,-94.73907998259483
17.929788411517507,-92.25970049402845
17.507532318854675,-93.31263412607774
18.747403027959383,-92.16656729982459
24.42749231686831,-90.55237889275979
-3.6625765674320316,-48.95097923732462
36.54992174860537,-38.93592159789015
65.3114982589301,-1.1048181298910618
15.575617989314436,-35.465926445764666
73.01858780997289,-21.891065955546335
77.25817547174499,-15.878349760088602
-97.20223016509442,-52.884317862521854
4.239805968290363,-27.098951651274213
59.70388253706255,-40.02302146529671
13.175232352370184,-49.380835198390535
72.51616795388891,-23.936115923800045
-8.365378970104686,-81.34495025054214
9.94773180830995,-49.071874320010494
32.561769849369945,-24.183896330622794
-14.273676447838318,-80.55812097246483
19.48816063050455,79.90674597673737
-20.477374327680305,52.212775441739645
-12.617972477502503,70.701706390801
-52.473926110035194,-12.9210897984124
-46.02324668461751,11.126996471955003
11.062542374338578,80.28037714296426
21.817045330620523,71.51329840456175
-51.04991975741929,-15.837372400543641
-8.367604414019654,71.26736105200153
0.758937465573909,41.07173328247615
-3.119507668682319,73.83997662273215
-10.353136238226428,2.6895704689100177
-98.83781433917154,-51.67337613011885
34.39274081076665,-22.31695673996501
5.90369735031073,-30.705149383583098
72.28880123480909,-19.882045324694055
67.77778861871738,47.83099125505833
8.462829777119135,-29.118676364662193
33.333822961490235,-23.290580155281212
-9.090951855331983,51.75187957120525
-43.291796763831826,-12.346462026801648
-72.60722341165025,-18.339062773055094
18.39547003662938,-31.855970861049585
37.832255249965584,-13.43346440408808
5.587921688550563,44.25832707917291
-52.7404408926979,-33.723991573535784
-46.801382122995435,-39.64090258452342
43.68976444732838,-70.66503444866922
-69.13688836149987,-16.60590660919687
21.270904955559526,67.91297802459242
-18.129304445951313,56.721648852752345
-52.702014369249945,-60.724445395226994
-4.67777154157203,69.46142171130721
-70.26929623917309,-1.4666584220709233
-55.675490872994494,-58.494680428709614
-54.14102123277123,-44.97306763923678
-48.00347865381114,-57.42353678409736
-61.648152840300575,-0.036425842184931466
-48.34966353676101,-58.62567901283567
29.35624633575625,-0.6298672922473696
13.61260355963913,-49.0986480363923
6.743985428201425,83.63641321731596
-3.8477154457302207,68.38142469186793
-1.9134691111108135,57.10719208965908
9.773574951620127,73.36477415125316
-34.23367725399234,10.318231658196792
-36.640534630099964,12.558068559434174
12.870526760302731,59.14187507413185
-47.46934433874911,8.124298785203136
-4.173206707961531,38.82072753317345
9.219275862947379,87.1331149589363
76.77716685270971,-16.89120036735769
-51.3649581461244,-48.13476687328231
-56.249313050268704,-9.161983761798911
-13.711373440324454,-1.9971760850251148
-23.42738055619808,55.6897341559614
52.642321101048594,-32.03150286489339
-60.07490174044789,-12.87731690548586
47.09327526915544,-11.57316471628077
100.80350186835565,15.110553209674116
76.0252854093966,-22.164999204229147
83.67573382808442,-23.44173638117707
43.231319785647095,-41.391774284212715
53.90368435381073,-25.67737076446882
43.343331594920535,-39.59439541141541
100.31323355604893,17.36658940861605
99.42577241642277,18.747117753834
98.70211515387248,18.269003449796173
98.95152870347538,19.534173353484757
99.77636938045036,17.975869888076524
29.11529103793983,-95.25334723892982
30.87958879927654,-94.25926524300434
32.468956343231625,-96.32372796818119
28.20987508466986,-96.93348090608137
-98.76365251805146,-54.86904220778962
31.59831473592216,-48.6371042472673
-93.95713870780848,47.37691804614088
-92.73853479118587,48.887801504938196
-80.11114633240118,48.73348956002919
-93.73837276410661,48.88892669665499
-83.8884173776816,46.35561015532532
31.143966412744724,-48.451040509165686
-83.45017334918997,48.779397032618526
-82.3154568121142,46.92613446680973
-81.23281461316202,46.68295922618399
-79.8192708018398,51.3270779801493
32.01961870203521,-49.27545528611372
83.43608171742386,-27.441950633471354
34.70893819030769,-46.57342769352302
36.68797684935585,-40.04636516102511
81.18405554174117,-18.9643081548781
75.86850619490866,-18.724104005023268
-4.558227524922096,57.220194493575534
-30.57087854391307,8.334829267164876
-7.395485444183256,75.16112144693633
-6.048113004162661,12.736292588580012
-69.30061019695195,-11.580552040432858
1.7673921975497073,85.3021002151036
-51.9199551476677,-45.5074115856596
-41.29575074868158,-0.5050787907086415
-3.087847526863246,71.24514183122433
-21.85146490919343,51.059506189333
-55.83324404049838,5.179196842133914
13.25569326485831,57.4738519520185
-10.257722791027536,54.450339825576
15.23404417586339,77.75990880999194
-31.59674808445373,10.791979705023419
-52.693873664833916,15.055620553760667
-50.86140571915835,-34.543667599557416
-15.151495259970176,69.05751515872075
-45.34182098979452,-3.166901476106495
-50.1498393862532,-44.75424507841703
12.364598719697817,51.66299233429439
-40.78052535032726,-14.74819828250359
91.91575082791081,13.271463896724823
93.63364104327003,13.711390292482553
95.36996466470306,13.453403443484811
98.01091912169497,14.46084292086345
95.00903809802642,12.166003260136069
94.35449024391016,12.877078817026002
96.38594723442048,13.476234811694098
96.63784263775038,15.572455822898082
94.92534266475998,14.977088441009501
46.77408437996217,-11.19702699744401
81.50563191331955,-14.783568458958294
15.717073353931896,-49.18191965159933
-13.597494785372504,55.849778818461466
-41.975446637089405,-15.10025871910233
9.181611431069614,68.94210658107123
-49.77419118424094,-60.58193276897782
-50.84975068117664,-29.80787562049633
-39.75658294491254,0.398578387744872
-54.568187311927986,-60.46284307985525
-10.051711744764322,54.24171772365802
-43.26337138683005,-9.46705882705786
-54.38207580780074,-60.73473916847295
78.60051356611118,-14.46329544056444
31.14393577923926,0.6215832986426704
30.135711521431745,-2.2686573232022824
31.515695237035274,-0.1691040627811757
34.674989207992176,-0.9384739501304971
-49.69611339239664,-41.78023879288613
-54.415305525902546,-38.55712830768002
-1.3153454420545625,60.268611996853615
-51.423428789387124,4.610380318007195
-98.05659500883843,-53.81939611806152
15.978783419777345,74.00284722697579
-54.66137840888241,-36.98461596244955
-55.87141150190497,-49.37859078090839
-40.26236582278241,7.321330951206485
-15.267489824759691,-80.66736655431357
63.76642635681241,-52.864170287369014
-2.6856260694080114,-46.48610156599381
-14.590257454031546,-82.05302661029206
-15.510801257546508,-81.01348820974756
73.7147894158098,-21.386160528909695
62.48438686581983,-2.219714572832275
-53.2479164412833,1.3030347504658533
-54.83206108046936,2.597546300526045
-22.22136902247907,71.21567286320175
10.023399489258574,78.60541788079344
8.139092577251867,54.61643058875622
4.122194011668722,73.42745354668595
-20.484555254372484,51.063699327612966
7.9439820263808745,62.72711610368043
10.731094194555038,42.048828773926694
-13.23028528409771,55.63413565629826
30.808138105050137,-31.436008434610176
-50.70263938854682,7.500214110322922
52.56666640685673,-39.76094637238084
68.27301273690689,-21.18061967087289
55.68085820864746,-33.34509488098203
30.48922471288304,-30.71142932995634
66.50452644863236,46.10557955722061
32.28472335053565,-30.13536279739743
5.400332794234584,-28.74906414543696
42.01081119949657,-40.788022769871056
77.27548499199017,-22.900885690043065
-77.46025425774995,57.340715217220975
43.201434706567305,-33.81745462594777
26.136386906729555,-65.36196877270523
79.16491826858463,-19.06194094018361
100.25102362752166,20.29387386344655
99.09041832781277,16.488675863174112
98.35170694003078,17.29453177395114
101.58228330044548,15.97198658643626
102.7465982067204,17.142693345028185
100.5609308096715,18.885082892903228
55.63079711262488,-33.41336066950609
64.9276844809637,-37.59698432062415
32.01620554531419,-95.06468277982633
32.407296063206104,-94.27975180134645
31.427850377613737,-97.78438774134356
31.919086757269177,-96.40322294868719
34.03534576586096,-97.58693088777777
33.12430122698948,-98.42785105203734
33.407765442454654,-98.21132306941647
33.09254719774619,-97.63167475803036
30.749744625368375,-96.28258822768674
29.98449658787242,-96.56488482210808
48.42541631032164,-10.263123267134775
84.88694565231991,-23.71904700532999
87.46004359567608,-25.528360894862388
82.95861870107555,-27.77254848608751
85.82448301460575,-24.117796105543736
-85.36311418298317,46.9772016729741
-81.72217913585527,47.523241367478214
-81.9803298481141,48.82455597864639
-82.8635289120564,47.470166671591414
-81.18333134176557,48.49658520326861
-92.84294568806911,45.25717839905482
-83.76845750817488,50.18757318200029
-79.65417196630824,49.84270080226603
-4.398870362736254,56.11577099596615
10.776236673370127,58.31013939605595
-55.600213675247105,-46.496859315504445
-63.859008880611974,0.025390209470585044
-52.93797105700516,0.8511969777784699
-58.87160426835167,-17.994901292128556
-72.45907657019968,3.2201804272400874
9.387830699739295,64.3280834254274
32.2309713265217,-46.73109799308837
31.263278250316088,-1.4398520504657082
50.601056799675675,-46.43908157551541
6.839535186029148,39.83601691482586
82.9449679951239,-24.66527143313736
55.93117670525262,-50.16817452116236
-77.89963289046564,58.90353939901138
-75.43523573347414,-12.434381590404481
-14.893142095717966,46.76880203234905
7.145888798880479,40.437006839577194
-0.948501139412878,57.461821630923204
-69.08809734245966,-15.307910577129855
-67.32653291338009,-6.352444200893971
11.486940956845169,64.34560456619096
1.8355456509574728,70.77550367163836
2.403310960869949,66.96815698578455
15.970271835147573,67.00487046248976
93.15728317994876,12.226618308981482
93.1265395121197,11.416490577672784
94.42136508081657,13.309157922096139
92.51726006641717,12.500568980517153
9.263799426713579,-29.051380873517648
47.52821843269872,-24.51104353464936
53.41610740261556,-26.698311445526425
76.54669496658317,-27.81625554424052
-45.93360665391765,-54.54469986331452
2.1010303564556603,85.79524781870936
-15.981167715569667,47.30366512471251
12.245670452145001,70.64621434745871
-48.92065008383129,14.510343319060075
-51.39545131970627,3.3839801768986377
-66.32043053909884,-17.670076955509774
7.002612780702077,54.90413397301645
-46.81658403006307,3.1298328229674373
-25.861567248445773,10.026932222404751
67.16487547477674,-59.0298913261521
65.01236540562026,-58.90319521613281
33.16822869416283,0.12414217560569404
67.70559761806706,-59.78447990784734
68.452482843044,-58.76313930549112
61.72121075508212,-63.110895128528554
68.95445885407575,-55.66272184180323
65.82334779810597,-58.752516388773486
66.60911023973088,-57.02509866469163
65.8276996542129,-58.82083282732458
66.82466326665642,-58.32355136175042
33.40623281254709,-2.7524170810811186
64.75739077016927,-0.415763508892539
68.68099265583533,-20.39909120465356
-15.350786676301686,-81.7758718745069
-14.544423936880799,-81.3246784128782
-12.151864587181146,-82.80852487238185
-12.935704879011166,-83.40865556558127
33.29246405793332,-24.14008449029978
26.344250532789406,-64.54636388754554
38.79577751748966,-38.15365309350156
-38.95783427240877,7.948266032974847
-65.19394693608211,-19.035850711438727
-21.853275825408613,53.333395486666966
-46.055332439971124,13.788052261752098
10.16260928774682,70.35590972275266
4.791465033815961,82.76254405033521
-3.530822293144536,73.18457106049193
16.674494803314484,58.83120950108376
-18.59675397456416,63.93444140725865
10.109297204575501,66.1185432063823
-49.76786449522168,-44.53906308680499
-48.25855824295376,-48.92382295522704
82.19174728120936,-24.942920090689842
-73.45735054556893,3.410320975794499
-70.2592241242528,-8.244088090050079
-50.492005479915626,-50.893710207916875
-12.925131534639668,69.5512673391917
76.15979885222825,-24.305797641979364
12.097312103326102,63.58490013519449
6.9154785733662605,66.07710732359291
55.27002075232877,-38.821049394536175
-7.8580743658949554,48.64652085433523
20.032672440441743,-33.07917294305612
-9.713460400340779,-79.06721699249678
71.14534132107617,45.466354460559444
70.48805792396813,43.84992654167815
69.58754786285219,47.6980821483375
70.68722828900223,43.12459094067303
46.90038186663694,-44.003435059987524
46.917446806369405,-26.590946958267217
6.303325509943928,-29.474431178994386
86.68982442001405,-22.921066177324846
85.25942333165519,-22.622206225024872
85.13506850494831,-24.472438149545763
83.62776684857259,-28.541325762622673
84.37666318732015,-25.362731534489633
87.08598058889369,-24.719678882396604
85.37117060627259,-26.900274721124475
-69.03143835138174,57.37044766510676
-69.8418524705194,57.359717599343604
-92.60605573070649,48.384038810529724
52.61939483813148,-30.582459081489876
-80.55272852514827,51.000702181971555
-82.65280951221615,46.061476354242316
-94.17658259506577,44.566991550695576
-81.42627238395153,50.387719490749895
-23.97478005704449,65.23672026044872
-52.17590245124767,-3.507200379278118
-70.86470755779696,56.520059171294115
12.553018871546488,65.55938439325986
33.46448096273119,-47.97410659396057
55.628125662357306,-38.76570393507956
64.41963633702578,45.56551109860132
-50.31145241988836,-12.95366869512
-68.86700333853197,57.26775425535368
-33.59392245772461,10.271882379881141
3.6412572030129895,72.62143144244892
13.397636634119305,59.83674669472458
-8.02007014585332,67.84205861357938
-49.409906631551415,15.226169072396344
18.67916874782412,64.93734671744147
-74.30667721657939,-12.63906852831779
-18.404115688993816,60.49550588731654
-61.02689410223998,4.99843921366635
62.646016238788235,-3.6615991395456096
-22.030707780275367,69.57355280202773
-52.19940860996904,10.087941396462199
-17.53221857928494,51.346946895264786
18.3286842606757,63.927432201852156
35.514263843346995,-11.627424275291668
32.72738430985741,-3.9257693478626225
-71.2053846139635,4.482831323659834
-50.055581338261945,-25.733919066926326
-60.227510418900394,-13.109403028909732
72.77872941284751,45.746787693327306
29.533436096438592,-3.4248776695271785
4.531355094286584,53.26146625815456
-23.248030514964235,10.740965085605996
-6.5608157474750435,39.48939668156844
-50.479319346299945,-60.911756298789115
-47.99503029732605,-42.13742160289286
-47.04799406138403,-39.69222014663895
-62.57462590470095,1.562072533630047
46.284251561043945,-23.37858362745378
52.73528550392075,-38.94581260370143
64.76073500392165,0.2681009291740785
73.66209960682671,-16.448196075535762
26.103736272540022,-64.12335864715813
-54.35812433817926,12.792527307200807
-22.071234330701433,70.01860096785127
46.42146520820849,-33.267284985959726
-68.18131014696144,-6.914457229659429
-9.065752161272387,77.47312008528641
-12.756473274545609,74.34531289142221
88.02788141491534,-24.459626651286683
26.214337001393584,71.4492240274024
15.892933805299009,60.176154052560896
-60.39503961613908,7.8958657669673755
-22.41072770706579,60.306474990580476
59.799615791377015,-22.63716399683412
30.20953211881,-9.530724069035534
22.664081823440895,-23.021895978664592
-6.336604873064967,39.43858645692342
4.844403904942003,39.269626777153924
-96.35166618148313,-53.816194468644426
-4.704112126901981,83.77502133273066
-4.352174087406955,45.38662555368584
-34.433303269390144,-9.194481130034484
-46.42025718147895,-15.460005252850987
3.48680251082649,82.44676262551468
-46.429356097093994,9.257943240190734
-63.742008350611094,9.11579915908146
-8.192562026986232,51.95331733281784
-77.8793088653577,57.23538059745052
-78.97478598963002,56.870910260744296
-12.795894671964723,-85.8178088086761
-13.873260374424508,-85.58652908281334
-74.85762785013232,-0.16771975332515895
-12.475934498895946,-85.04809271622841
-35.44151816141757,12.23688207176532
42.02784396305202,-57.472690541257734
41.87147905734661,-70.70827036384787
30.736073898761454,-11.400883699809615
-83.53088436533194,51.62719878902815
-81.90981129766489,51.0734948517697
34.84864778130713,-42.02563638961932
-80.73980764157298,53.563263059216126
-93.9020896919803,44.68851495908994
-81.7728251574158,51.688170183984994
41.15965733003474,-29.581441134293332
-93.57273343380673,45.14962156882933
-82.52746571008697,49.638545986663274
65.40517684439077,45.26920587052392
32.453607974125,-1.2046784893455833
-9.723359928738171,-78.984452202737
20.900789046872788,-32.32884993950027
79.28061847266345,-16.024056650477824
12.561565226338752,64.25773746989348
-20.534152832402945,57.11005768886449
-18.514839370657366,51.85040651177954
-62.037500563699346,4.510384620604463
-25.771559687905174,12.765096116936023
19.029984957362903,81.02129137816088
-56.459475660778985,-45.1112608741978
-15.464255522936512,64.4164617398961
3.178688399764056,79.23990368969335
15.143905344274247,64.06507960250033
-45.041534403699636,-6.619927934273563
-8.947884361081403,-80.96395454746315
-38.03622050608841,-0.13120359240864682
-30.261794271477434,12.49363372497472
-50.70330274716983,3.8447013575817115
-63.53636044559827,-3.935354170583439
3.3637113333237147,40.124752404095695
-38.262293670795515,-11.618872518029162
19.65322382045408,74.64003849296094
-59.67486108765186,-9.592056147415118
-4.053544787534282,71.39830451629913
25.38654434373878,72.1802617816708
44.987827218487126,-42.43083703117656
32.91501317167979,-24.123136219972004
-51.073986601307304,-16.399303679107316
-8.168244804281098,63.33094553181939
30.35779401369249,0.19397688784909076
-53.64997912697428,-54.60564956972853
-47.255403756827896,-1.8105352228279075
-50.00333314210794,9.661471095418516
-45.36676564815871,-31.188944836717894
-37.64294364587293,-12.007371796799141
-49.493004595746484,-42.64661792172422
-51.27586671829892,-19.165486742352392
9.193326368414782,-48.665857457171356
-79.27715763775753,64.03570340284764
-49.62221252613242,3.242026474685065
65.56017330803972,-54.295028792775085
-3.4821054884223805,-46.66236529058045
-10.273537998880727,50.576543247130374
11.552011967755684,50.165341969957105
9.098344075396648,55.484913172920784
-59.95652827619128,-17.75696286450772
-23.271723771240172,9.41211646683185
-23.77331252819639,10.94089933932622
-52.682213074628,15.590181996064466
0.23412127926741264,81.59587459555796
18.2541619415874,51.56953445014241
-54.64797408798726,-14.684108006154132
6.49125952825132,83.19945555402231
-51.91142835896329,12.976214177707368
4.04127101424974,79.54477670842584
3.3102322879357198,84.30072870052717
-51.38614589005338,13.356465624302688
34.3299669199383,-22.395032773870657
-2.9633227992096187,-48.47030956649525
0.3132135151252872,49.28503426383726
18.321852010335522,51.498834278363496
14.597393232511306,65.93595203589113
-12.832613117274628,71.37719799872671
-45.89320750823558,9.739455820288867
-57.4734102650969,-5.691424093826439
-76.55929764540952,-13.122236037916986
0.6237527783256425,59.32575920941597
3.08624030133557,41.33710736627266
-64.65268606973245,1.1615038960771462
-20.386204512951657,72.25255264558304
-48.84386585908103,-59.72687643190176
76.08094810579867,-14.359077004511622
-45.02473341511877,12.046041519254059
-54.53866093460639,-57.152634344586424
-8.887584313993365,71.17154592780305
-46.935601021103636,-49.28527295397509
7.361464858683366,79.12906393863074
-43.176355712107814,-44.2611085903903
54.14919667863139,-24.62418341330203
8.319569886971596,87.09266081430911
-8.002412463359478,60.75217028514055
-50.92025783387277,-8.048270739600556
11.682437216271328,71.52097508635815
7.0092877560835065,36.618958832787854
-6.880866041730966,39.546580827887944
-40.342897122168075,-6.057659943609831
-39.42813157239525,-10.66963978790835
13.902868168912395,52.684189447487086
-37.842807488012106,-5.768022617713497
74.86603844160454,-26.7516758971701
18.109220806752184,-33.01902477760645
65.48107781307935,46.003446148739826
4.382142966860147,-29.19606439875372
59.097258546245534,-22.839763575605875
69.31847850003507,-21.40504442865803
-51.29574506963859,-24.685469959580534
-53.280016184523056,9.867061513169881
-56.23436374245606,-3.9849559191301194
-26.274495333794736,8.362426116264553
4.330464091638158,85.91593741688165
-94.69795593116366,-55.142552993139645
-17.910517038624896,59.953403973899775
-66.13956534578301,4.301708701123623
-19.666396916790003,56.383734253754064
75.86956754968767,-26.888873073923993
13.359627855973601,-31.686614761459793
17.53533132804522,-36.71302430898983
42.54460179984722,-39.44479534801636
52.65312610877096,-24.93032149844465
49.4190254478907,-49.06210465556844
47.27031695808945,-48.9880606136052
48.979190340424175,-48.9101426041672
49.1649931474787,-48.61860037123758
66.69910622825401,47.67544353211652
20.83620956387517,-22.44051338619036
9.05326239066109,42.428217871321856
71.72058012307569,-17.93260791872093
-59.960302324380955,1.201868798291028
20.08522307212747,79.06586117903332
11.927896671982678,75.11817647541231
20.31870937259513,57.11911649289993
24.70271948246338,72.2983279071359
-75.37014005907098,-1.991518306229126
-51.26164592749223,-19.138385010543356
-72.95919497428252,-15.226339117545917
33.811170838196325,-41.43557121617287
-92.9208240179634,45.11216024396329
-11.32438722677425,69.52737794792583
15.041647774363257,57.60382217987428
-63.82405871209119,4.421781623725982
-97.83122437168366,-51.785962673543246
-62.73514515235616,-11.47186688084743
-48.35990430372681,-1.1405995659668562
-25.02657980035611,67.81460316127989
-56.549772380052296,-47.8057696583161
20.678045724166665,58.58481045173049
5.089146607408332,76.88342707423179
-2.2107091285479528,-47.560898058546236
46.67488639777696,-25.432197862202916
48.0194603809318,-31.90666288793045
46.997634403601836,-28.246529955322757
53.19426331543525,-27.210937910905812
4.888772287435397,77.35629821168858
43.17228062909323,-58.146276001426756
-12.615439159627485,58.704502725117685
-4.270547789383293,58.33390289318834
-70.79272351738723,5.2434852233490155
-66.44479078291,4.767912263433875
78.61423236675735,-20.440409064376006
-3.449938125390813,76.85427436719421
0.061122103453435404,83.12252210458635
-31.860510166035485,11.515878698841606
-50.850464552721455,-17.246182729072732
-64.92379881435525,-19.090846470106797
-24.82486098014991,71.04440098933472
-51.34397779529199,-59.6593858167576
-17.965037972719728,67.72919496673798
-76.003789547086,-8.737227466145109
-6.286862407766451,69.80204610980103
-79.63644871023543,59.75433358259149
-3.305299213703392,67.53407484787654
18.123026321052837,58.8776702333827
-18.030576689065086,66.92819446861948
14.728034972552004,55.36892363448158
-23.97773818439401,68.332316160425
-53.307627416485936,11.701255863171145
-40.831357529266775,-47.585989085888436
-65.56140042901139,7.9396939253958685
17.794618704795145,71.3016529679614
-52.649192937139595,-11.577849221714002
-47.303842138079006,5.383282472537637
-14.464319864244207,58.952629432016
21.581740804401747,-22.943047010645415
-15.916748098953887,68.08831389164841
-78.35845605190092,63.71961155612834
-80.43995613193647,60.434439865945286
-68.2745164445428,-0.2801160397846096
-1.3586819058265944,42.45077196001768
-27.180210033980046,9.589269328337172
-51.26558028011237,-14.040672021219425
-50.72913225801162,1.3055626397397435
19.71383971264015,74.6642990716345
18.921710269941332,72.36832345379939
3.825063193951879,63.0069113190311
-37.63047920334248,6.660285932321233
-47.38978667119636,14.830127035773277
-70.56306212221352,-2.4167485967598297
-45.414819960417276,-55.72982214981012
-50.96277992688538,-25.083190358019785
-24.40427983845618,11.630140798283405
-44.12395862363605,9.699823702239483
5.121313086952006,58.86760668489274
-39.66459084867993,-9.493526240523721
9.316997048396892,38.61433823736137
20.686721104270724,67.70881028029498
-13.918055582990696,71.24888995147703
42.184722957157774,-73.0006287727178
16.855274333103388,-34.36404911895314
-99.2802414290818,-53.746827665627315
26.612497975620958,-64.68850022368089
-10.23518824398747,2.5661765362510587
41.77567048894991,-58.32911894331403
-14.324521755177104,0.7440390684608792
82.1539982262881,-16.126247578349375
81.80262739856454,-22.587282601239902
-12.007548222421715,0.842365570138787
-12.392970174996739,-1.425473947076372
-11.827128063674653,-0.7184264650778879
48.018583969747645,-26.227663170255884
30.827962893515995,-47.11560356659816
11.6164408602308,-45.91460500126761
-70.35025832831198,56.661674046337716
-69.80806064866877,58.23119488144229
-69.28390976976962,57.90670042958201
-14.059612622043236,63.218167780960336
47.34024107685792,-24.364814204051708
33.31482666948743,0.828270319117636
1.4345515689662824,70.49534730509129
-54.03776981271565,6.144551889781445
21.318002669446496,-43.88899083848045
34.33560964286038,-29.580216136556576
33.20880829697063,-45.0110877951084
-96.90968814548262,-54.36523231005048
4.90409530960607,-27.75454433733052
-49.83651936724833,-58.641917134414506
42.71646700392934,-73.45008080702661
9.417822802184471,-48.740547984284056
-50.019772911673805,-30.903391885779367
-48.43752146835102,-53.01450969730443
-57.374674411801855,-48.4741125795309
-46.79330983674386,-51.893639300463235
-44.26002495316724,-49.06039816184513
21.65245228470351,70.49678313865263
-44.24505587512882,-7.171245074659727
-44.52395078045219,-48.52136627660758
-23.298055806950615,51.367453392330766
-0.1893817009509842,65.31459928564279
-7.483557019939575,67.74457277135714
84.14362812804352,-28.972703810622267
86.49882487704892,-28.220535089777773
16.655529268400556,-50.57377159672564
68.83775311869829,-15.947502012719843
68.56287111216673,-15.864028109486226
22.37302167407561,-24.02380995794293
21.786994254476948,-22.859983319032057
11.579845336498856,-45.93698966101814
76.67975732126591,-18.782052785261126
0.7208077805994507,59.38061117147001
7.936968498347562,76.13216267147283
-45.85523208717516,-47.16846637238519
-59.73805177942151,-10.994129717817266
-8.71574808957784,67.98292592632988
-51.39876497974382,-29.700707168431478
-19.706124679927747,61.964138969502905
-6.011527105004308,13.01769372099899
-5.800641692458173,14.556732640716541
-37.11390620996683,-4.798803947122126
-47.01076799623887,2.9010872762336577
11.450512232977603,82.583056196891
-57.309386450107404,-5.044731343808188
15.463666553925092,70.14593180591426
-3.950205032225812,70.60589261527286
-40.00885137528735,-8.997190318032866
-47.4826631230973,-17.807153645010096
-47.95943136027292,11.561894928341756
-9.453968716623894,52.431556184521064
18.98309368049666,72.19692295668995
-57.59604098555248,6.4329777899483025
-58.0739707672254,9.505285272643725
19.23903180700694,-34.85258451865174
8.082851601966416,87.18609534706452
22.385915171370034,-34.426434149959974
-57.294438329837504,10.435968526953161
-2.0495165573766405,67.4155018211471
6.898184756090744,81.07939457575853
-72.95086510289845,-11.82567053016776
-73.67870799685777,-11.75157344341778
-23.405116154022927,55.723619441018464
11.639372455968953,74.04945350637821
-29.99197476288579,10.125651639625156
-1.9210124538577094,79.13115330427588
-60.06208479543002,8.067872772021456
-11.02864656169362,0.8997309821043156
75.90609172713813,-20.468120108561322
-96.40931016192228,-52.42878941571695
43.56870270930309,-46.12213961121263
14.436246549149725,-50.45871799523726
18.78318034974993,-35.78077354922383
-82.31865017329002,53.51862977678045
-95.45513264489941,-53.204521917478566
21.75866998571408,-21.674454952255562
-67.03205023595721,-5.7216987200363345
100.88723602541444,19.539867338716494
101.11204542798232,17.653512464245026
-93.69512343395115,-54.066374332145216
-97.47983934406592,-55.59561383585254
16.9111212185717,-49.52357776570002
12.51468551198646,-32.07915655115581
47.46853781254792,-10.718011035905812
-12.424264265181737,-1.6917526986649558
-59.15536316714045,-20.216753886045385
65.48337511050381,-38.14208178601374
78.53123365529443,-12.938958933410742
6.0226158437570385,-27.658913862829426
13.26848181826331,-32.40905264739303
26.446894737140653,-96.1486448621056
15.980521609596495,-97.75210963925342
27.45456090748613,-94.99165534626752
17.274914663100983,-98.23120380486908
69.79461545543062,49.34887108485071
-77.45253428942966,61.771614709642336
-77.91668745586763,62.9712875803129
-78.97508761448852,61.591948125058536
-80.63299825798683,58.654568462644505
-80.18260314523113,59.4282194311513
-78.18760045576148,61.05234698395893
-80.37578777536305,61.229717294063015
-78.38065261476386,62.18914950679391
77.27464450345714,-14.401321690489114
70.08850307313257,50.932313903362974
61.39023349791744,-0.6620454298784271
50.70633944578872,-37.55468919405216
-97.55933946429393,-51.10654865618567
57.03996482604309,-33.79916485470867
65.1769305354928,-17.927740141798417
57.2057647284176,-50.38275518438568
14.270058928258525,-49.60652577378459
72.29607954616874,-16.74745278743002
10.4572719650226,73.29346993759117
-47.19467850676149,-51.89303193020217
-54.30137073574107,-47.124255827018565
-9.595217760735748,73.19578701334542
-64.18590599330928,-6.052425070344293
-2.5521651800125396,81.66454731686086
-47.493587171884386,-16.65037292911341
-45.52927282715389,-40.65251308429551
51.215146369637864,-53.54768867863673
42.88595501703695,-72.15585984836895
19.17796110834887,-34.49498556223769
31.005774606905884,-35.9789857185353
14.975908495894599,-49.508462828018956
64.00779864616719,-39.59830460520263
31.503623718400167,-3.733434088190529
-43.3702213862472,-9.729967053064978
-72.87024870251551,-17.692920340545253
-50.620230240086734,-57.73473511754195
-28.423030679459885,8.84602743070068
35.31885975963009,-6.250934943971207
14.308199198970929,67.05436401951948
-48.180985258238245,-46.37060993645599
-49.09456372056953,-47.117895419439186
-51.84874656473705,-48.83591048589852
4.172016225281437,63.10823739920663
5.676677024789875,50.23236223510579
-74.1612928008019,-0.8356550591678767
-66.96128868186837,-10.223091226031572
2.4093634569419535,62.125354409586336
0.18501351522803813,48.73811375246891
5.751508863172128,54.270805502491605
-73.8361206334892,-2.7785757061386267
16.6986779728636,55.310497867861876
1.0525503980598747,55.79780463826894
5.196382283809626,58.67104332367822
22.852027247976686,-21.667770201431434
-52.00937290712825,-53.711606326141975
-54.18480176033531,-36.338224998442655
5.54625904555262,39.751450436274354
4.596574813010965,43.36843412921855
-53.58120885571277,11.993670929746285
22.19285357888873,75.05125793727197
-23.826084679983243,55.145893880659465
-27.452335849843866,14.245069229670927
1.1433331264130213,78.9057589923756
-37.7331207855733,13.439794115210713
25.801116972752205,-65.32526428452648
-11.34483408709677,76.12878662310119
42.57401506970352,-58.146470063363665
-47.76126676877492,-58.10370592630739
-56.03272706704298,-54.7153650026813
-44.12452818932404,-50.72155480150319
-7.186102253007945,60.35970543761904
-42.68686691988604,-49.48283958718472
11.380435896955975,71.87633164542216
15.799753350950612,57.20483472234263
8.672738889884014,72.55595838547083
10.069782538379162,84.12393648760174
-48.6357785208834,-59.5778377761754
-7.996082767048937,48.16560974235271
-21.47861325659465,60.66912735728406
-40.654083511663366,-6.394605071703928
2.3589953832097534,40.02225288897619
11.88621613887959,50.77761919555391
-63.07221519943379,-9.733784582354001
65.30704228827696,-39.377546097319254
17.939450621781397,-35.360190353297654
74.48297323222607,-23.55493113696806
-98.61124751130994,-52.70169467914518
0.10678786089434707,47.446644528728356
4.169086019732611,65.669273909145
63.8247680481662,12.566719061465028
64.51415188702194,10.565649118894264
-99.53190564160742,-52.526801284026774
41.67654779140997,-70.46733657025527
64.99906087878294,-15.906093462325392
37.108873151498585,-42.77065753993207
11.151255680663406,-31.74436993781035
41.94366047420827,-70.25227685335602
-8.619514629237075,3.056875818994222
-14.351872304575451,-85.22302294390158
-11.638891429717958,-82.90997422329471
-11.905457455862262,-83.84479945213882
-13.171790325096264,-84.81947264799392
-13.993757484715251,-84.18018566546999
-11.811705028415497,-85.07098162991832
-13.547853195026681,-86.24884560565467
65.14603464576612,-17.96718038352133
-2.3779217965220627,-48.412399166154145
15.768025506118352,-35.833729249082275
32.45913036906834,-44.40795189103689
65.29808847207701,-16.007154324537805
71.35081531209559,46.520628556505265
68.53549781425937,45.880337044573324
-80.09719266636162,63.61484967768774
-79.05002616353052,62.98952322285509
48.16974673307347,-47.26250650382313
-53.441915002847935,-7.8468627168389045
70.454478149726,51.376276516248645
71.2915937647278,48.969046300603836
71.28357386310168,51.02014821448136
72.12184612804832,49.69762984421421
69.94998784887339,45.608810518359945
69.94293699078762,46.46341229303566
71.73547784102254,46.821484194403695
68.00013558181409,45.476032756749525
-11.737320253465187,-81.16241900946956
54.4793037764405,-50.11119423225576
81.53141172569137,-27.67908149747371
47.229054383511404,-30.161430095033335
62.544860746841756,17.846202550482648
64.40554406909125,16.39963503980609
63.33883871744138,16.169197736514988
63.69687092983415,18.914064965796463
63.50938823543368,17.41963102355337
66.06090428273676,16.535362528543583
65.07639442081528,15.932162497102421
66.22623585047222,18.144572498284518
63.141870893255806,18.106763478929533
50.813584870556866,-32.732122747883935
79.94581220438627,-14.865899980340908
42.98285961956315,-28.933486421826306
83.28168983362431,-25.46226361268526
-95.9725852265561,-54.85206628705529
34.94708293082476,-2.3316607613877807
4.72711567873512,-26.261811441959775
66.9099462709816,45.23883727933847
0.0952314155646513,65.27632497121019
7.119497558580521,71.2640152867772
-11.327508484305161,67.74179511703893
43.65932434952319,-46.11261147397061
-44.521451809992115,5.563416343382327
-31.16745341411194,11.102771859982612
-58.642804638869265,14.015881008884099
15.166516680251034,63.61117847593768
7.9041427275851195,43.51029430360514
20.398881144427552,57.3606791877243
-48.99973504374205,-54.2255568910032
-53.44320478246367,6.294290265602839
-73.72146621420464,-10.109276091466361
-72.23094004848926,-9.757385094751758
4.4615847853672905,86.9307872953417
-7.038413932397839,74.19851814266352
-64.00918416668041,-11.4763310551239
-45.858028144584985,-52.01130841329841
-42.055033458891735,-45.631319231359
-44.62759591638122,-48.41964210254136
-11.075062535186605,69.30405222563051
7.950374099610452,76.13507573723956
32.23444527100492,1.5455852368162766
35.68704573564118,-13.857053269974795
59.67243709712937,-39.981408566182076
23.54060017178789,-24.368890660183247
-54.74718042263534,-56.34379407715811
-42.17460670157365,-13.816969460536633
21.403059944390375,79.27523341106946
-22.98361979458708,59.676454519446025
-44.73932097290719,6.693376316860569
-38.9020989757745,6.902100349448219
6.325794241215879,42.7273129366488
4.580429290367953,73.99418240126465
10.736036110322507,68.38289467554992
16.72040003668437,69.64418873127713
45.42344372922422,-34.76498025585342
-6.376690243929407,71.6157789425827
22.52343209168292,-23.975246753286594
62.30442017167676,-21.99448220593984
95.51876172760178,14.09936372875454
-8.239711263957181,62.764611105031435
-23.540447808056488,10.47274297892739
-24.598397050283992,61.12425282981461
-37.59463098426512,-7.272058055693903
-7.350410968030536,63.54872322305397
-57.7762236742671,10.820468938905218
-35.477653495252994,-7.599436539715898
2.3986526228039975,45.858800797171995
-20.581008665214927,71.18200677084815
-55.10230970144583,9.1389889578843
48.08950994875723,-25.491871189630658
25.843794899566642,-91.04758358933607
-97.7754645078964,-53.0228994645963
52.198656571440544,-28.928096161443314
19.5670657586449,67.79751286269854
-3.843753488609944,58.84772038906893
69.1380236673481,-57.662123763460514
22.937188331676435,-33.446326322594295
79.1705604129964,-18.180843014904724
63.26470583252084,12.00562002706723
65.82014662524213,20.306906355277864
63.90326907773896,12.438584661036062
64.65952747537257,-21.677244351052238
42.894762706703524,-34.60565512136999
48.93778391330058,-47.69736172824587
-78.75066269718434,56.01580286453013
-7.123828503400739,76.95788969612161
-1.9382528953407074,8.352779387253236
-2.3058978683381586,7.7335601148450985
-0.010189619334606256,7.731150285701342
-1.9409468511345342,6.641251814262454
-1.8332285319614177,5.8886858950038645
0.5317743723706608,1.3128356567560082
-0.2716494775308699,7.819193695485909
-0.5028668945592045,6.748414318826884
14.01487534571767,-31.455068865904487
33.759005440951746,-30.737999045066395
34.633970019213315,-47.170442204540876
42.78062562585896,-56.95904941177185
30.43728995097995,-48.62480700459282
33.954169625900285,-47.51642687582614
62.85053361986987,-39.58493826202881
58.23715277988017,-50.50291067099959
51.41800101593816,-53.52857193977392
52.032996683417494,-53.134854664984076
51.651853708011366,-53.56375543578772
65.4576508139962,-38.124634553389505
42.98372286842143,-74.20862006662817
5.806030567600679,-26.27524580542807
27.392004265112075,-29.215553921823407
42.12439988382446,-69.79460761223477
8.732723911681624,-27.7632832748111
52.77362507349857,-24.113415778943594
54.37458007106439,-25.309440800313286
-58.34007246947032,2.4775823595086957
-77.32513215294478,-9.648666072121348
-50.59239416217128,-40.037751121947444
-50.40966281726798,-34.83368647378349
8.047744498125091,45.96708982600305
-23.862908542343444,9.176033590184302
6.743707967262545,36.99847866771983
0.9758947311411801,38.57963588262719
21.247069926571484,60.204335423624826
-43.791168063316825,-54.894952052682534
-53.675107364050376,-8.658896015963926
-50.25832301218702,-42.544666494647274
-28.722301361406338,11.356916586412646
-40.326683589186864,-12.834982128346923
-44.94257362533953,-3.275952893597049
-59.39889552615985,-17.332752220382243
-0.26498862578232935,56.78350057589469
-56.769505642087175,-50.71725708117139
17.042559281633302,75.58481702332638
-57.12670560882217,-7.924189971539752
18.87489359002067,68.05859357755809
16.754732307633624,74.77773303183697
22.28910990561146,-21.986628422146325
-61.7367499715569,1.4298473954004263
-59.24142446695574,1.6416697115411087
15.60767281625047,76.80887137410494
16.738676895875884,69.21455011154058
-15.742167547247544,58.22665091857032
-61.1662972732895,-2.537009599657778
-73.34340057014252,2.3252475944364788
-21.128389954402884,60.86065849650292
2.0591195959355395,82.63692836537187
-77.99360660729606,-9.894819819456616
79.2713340883291,-23.758756532718806
61.10411875132579,-62.22892482039532
68.14730985295641,-55.085829878279895
59.01145173115283,-63.536452260644786
60.07703088207079,-63.494162410327206
59.672300155795824,-63.283717862565965
61.47739802109989,-63.74823629560637
61.0053261434651,-64.15077577847566
74.08031808056555,-19.11686387943968
63.580249189431754,-40.07782635618305
-4.037019066030038,80.29996125060573
-51.77708639963906,-1.2366010232950786
-68.28343642552328,-13.482247532825147
-6.697396601771104,72.01982090002926
-1.0585643430637177,66.28428105035856
-69.62444951928074,-6.748728699400226
-65.1146158689415,-8.610752690493808
0.45289192679198526,82.2739405516872
-6.261868454991227,73.07831799313263
-59.78817076898732,-6.883372529859871
18.41404542387066,-33.73711034992722
-1.9620967711555704,64.83677801516596
65.87801708765477,44.46066704267143
-71.68597316999501,-11.230219740939214
37.03047047516398,-43.1148557149636
-63.00291700779315,4.981276837104646
-55.082663758646326,2.856832730728975
81.11004191750256,-16.526323090266565
-57.80783397252511,-15.811323627392353
-4.889569983315349,48.983245464312226
-12.004814028250639,62.385962732706545
-68.80177119498975,-8.997678106866408
-48.987885101671196,-56.930355609012516
-58.691612660517244,-15.811984186745883
-70.63487610530478,4.427098363633868
2.9094877392112477,5.558265856757162
3.8942415962368186,1.0357677754188215
6.064562943379234,-0.9309264653565112
-37.267861283888685,-3.088615390221051
2.7631639154726853,5.334987297094587
2.5089595063042283,3.848421389848143
1.3651806858404913,1.785110608892408
3.193722218465702,1.7457063943550997
1.2122714702276043,6.108989535304275
27.30074439559722,-93.80117960455539
24.541473182753485,-92.91866649362073
27.16228458887731,-92.83382617073853
25.54604612404163,-91.40539735174254
-10.831205467640089,59.983967290791725
-52.06077169033266,-3.182879711052711
73.57576918422825,-18.125251201500785
-77.58062532913354,59.10351339229827
13.57627271696031,-50.974220658366214
32.33645726342705,-2.582534509867706
-96.77008750836552,-51.55299774334893
-97.45324797203007,-54.81616993542983
16.654101956074115,-51.5600940345725
32.358833449076116,-0.4223104429444057
42.962659503011025,-74.1654296415971
-41.146929130748646,-46.48837450038153
7.334113714669156,57.19005482167057
15.133356281433095,55.07068028572837
-30.365678217791118,8.742279666412895
-70.55999203446343,-7.047585094001793
-5.172236111744127,47.855090700831724
-39.134680862210715,-9.708059798967312
0.916782139421173,84.85056230200657
17.033655612089042,55.35305355409905
22.698614146928215,77.2272178568442
-46.583346111448606,-30.912347150897197
-28.02443829322354,12.306506694049723
-43.39413132915861,-50.57527738095553
-2.8629378923028805,77.7313631357877
62.4792045995233,-38.89378819323496
16.979015457814096,-35.20540246235572
6.252172206387586,-28.246081420385288
9.093794921741322,-48.633128473660605
16.15709203444191,-51.87260653913262
22.67818562476237,74.10910340901488
8.6194027252219,70.29006512572788
-38.165303320211954,-0.9493467506446037
1.415476259059289,41.568892600816476
-60.22374891087194,-14.39190736739914
-39.283323402931366,-3.621552678842171
46.409811216622636,-44.92420417929113
13.38453345134133,56.911628606749254
-9.956140620673255,43.110677047152244
-5.80046742102597,14.54448418696426
2.498241415554817,46.04047887370625
-54.04417188824651,-5.409194890739759
-50.390194492770554,-0.7236084663087988
-66.30635173609083,-7.704279274628023
11.24921325763353,41.301728251837545
-58.460396440250975,-1.5659904761610381
-51.587678438004126,-46.25883955286049
-60.28160980795328,11.03902295859109
-14.35178146162735,75.26774096695365
32.110778593094174,-26.28423749543219
45.493903164185404,-43.202101482191644
50.77152793742277,-51.51096799304992
61.542711785767914,-0.8085908764339028
10.569314697327803,57.71876891154119
-47.00988038205972,-45.77462902852811
11.477880247071456,65.36375445957094
10.991895109014543,39.657341972930524
-13.998281039936558,59.406991294458294
34.892862882597335,-0.24808342123424806
-39.31557206678044,8.842733084494755
-36.58259848706518,9.664304996242999
-56.389561363164006,-57.427025462279374
-53.68736616947176,-1.2659584750506903
11.811973915643476,79.70181112151326
-54.31236680871771,1.6648975273455502
-6.781474308637088,59.7084730133639
10.039630443316664,84.16910282191789
-1.9448910262353258,61.472036001632446
-23.48828112044074,70.6800345000439
-61.59711024229902,10.09389275868114
-69.48667264379033,4.049542371790933
4.501342341830004,80.97215351192781
-20.154104657580064,72.99444735233317
30.22591749017869,-9.596144262323547
76.94650627992756,-18.614002559570768
30.749817983570097,-36.219171066961785
26.70666348072627,-65.99802085159273
78.0030459339951,-15.67118970907849
69.38442032159715,-55.236434764914435
69.40803651021685,-52.787597489403915
43.091988519370744,-74.22975060505982
-47.732950672728855,-23.87901067048094
61.08213548170475,-21.72104739767409
7.207696655045141,-29.75473481999572
-73.66133903862183,-1.729039117356236
26.24074020007203,-65.74721443301675
-67.84407062628938,-10.62448993450101
-4.581162290425594,46.07437169886676
27.70168077375818,-30.530183451088057
-6.741665780021426,1.0562450248330644
-26.837124715959053,11.759857737924692
65.50946017222446,47.152585874171415
-45.87267231075575,-55.020031338784925
-52.940560328958064,9.305761916859476
-36.02688881811206,-8.836081236093586
23.79720186291289,72.55354212045366
-76.87716122454916,-12.419031253405983
1.0557503350735198,69.97329548271047
-68.85271508161821,-10.33272399640615
-14.41845544000299,66.16069414921684
-2.8769062892881085,54.210920604775836
-35.843611084152066,-9.015539526385561
21.313628255079546,-43.88815747131389
29.179337827313454,-29.882009916012
40.607253274691104,-29.19587652908645
-77.23709024697594,56.582905991342905
68.52500267656094,-53.37870355122083
67.60280315132368,-52.04760737004293
66.4936678889165,-53.89742970937084
62.40979042271356,-3.1716794152091157
8.62541552286816,-30.28883100604151
33.41020559539032,-40.81977327774528
8.06783123315299,-28.232724859445238
46.68796380808576,-13.728661975149194
31.234349249285,-31.79522524988795
32.066016601542536,-47.43276443740763
-55.5225083193719,-46.44622462078324
56.249139185825136,-38.74106135623069
-75.92044505965796,56.52807625976353
29.865283245155396,-47.49651594706152
11.069927296840484,-28.03377632827471
31.283373475344185,-45.057725085434775
12.981119189361948,-50.092082753650324
-49.844797348923684,10.64194816643418
-52.539246014305306,-51.91422802560377
16.8783451318029,-36.549272105747896
-95.370852950799,48.01726302349779
-93.8852799404984,46.27184484064826
19.279892692770837,-97.72379459416528
-3.8466512663183074,-46.9735999006734
-65.69561313922172,-16.947245335668036
-31.18771205897835,9.171355956116479
-57.3850051928571,-1.1962310356330468
-9.148839304027343,77.36087696708239
4.573243132568465,43.45468433263397
-52.07007539878255,-56.951267845006726
-44.891710348789765,9.681261754516894
8.79647425327399,80.09134336828293
-26.835565571517627,13.335523847706943
-45.7191540307366,-14.516784335804214
6.433673240766538,74.75921476927599
-17.62971736266348,48.64421342150989
-71.85371251260182,-5.587021324021342
-58.99506074770022,-6.916698728972276
-54.247035212721684,-57.5822481855801
18.02862233028834,-99.4135518246904
-0.5606260426505479,-48.082278228316895
34.12084379611475,-10.19881470255413
34.375522469845606,-4.0213519471820325
63.256208675402405,-21.879640348781706
33.46430729145496,-9.162419274218726
33.2177018434869,-8.79181064572428
