499
3347
10008
12724
13882
3347
94
12618
12802
12757
13967
12757
319
12757
304
13664
13664
13018
479
12951
12933
437
661
12806
12724
13120
13857
51
1393
304
147
304
304
571
304
304
304
571
571
571
581
304
581
571
1351
304
304
304
304
304
304
12629
13314
304
304
12486
12820
3278
3278
12629
13855
13405
10032
13048
13107
13068
13041
2465
2465
2465
2465
2465
2465
2465
2465
12705
13149
889
2465
13013
183
1825
183
183
183
183
183
183
12850
13428
94
2123
3496
3496
12744
10104
3496
12693
13469
609
13025
9994
963
13107
1825
13956
13973
13997
1218
13429
2105
3702
12523
942
13316
13633
1287
118
13353
12824
12577
13165
14051
13226
3281
13477
10008
1825
2683
13479
143
12498
12586
13993
1488
1825
12759
437
1061
168
2683
12052
603
13517
1361
13093
13633
13336
13329
2465
1490
2465
2465
2465
2465
2465
2465
12775
2465
2465
13011
10032
12241
12724
12453
10097
13456
13429
1490
12629
12512
10032
12635
13998
12757
2123
367
14094
3281
14070
13018
12902
3586
3586
13379
2465
12629
13586
2465
3586
3586
3586
3586
3586
3586
3586
3586
12512
3278
12836
13347
3278
3278
3278
3278
304
12498
12618
159
571
13068
2282
2282
13351
2282
2282
13190
13456
94
94
2523
2336
1503
13577
12644
1816
94
94
94
581
94
24
9843
13084
571
12779
9848
12759
14140
44
13329
581
785
785
12729
785
785
12724
785
12074
785
12425
12775
12896
1825
1825
1825
1825
1825
1825
1825
1825
51
12644
51
12683
51
817
817
11844
51
51
817
817
226
94
94
10008
12521
94
94
13347
94
94
94
94
12759
581
12841
13352
12863
13143
24
792
2465
13
387
13962
13313
12934
145
13496
13347
12577
304
304
304
304
304
304
304
304
3290
304
304
581
581
9825
3278
13914
13393
13143
12363
9796
10008
479
1218
650
13237
13997
12629
12759
13471
12773
2465
259
259
259
13646
259
259
259
259
12618
12820
9848
12701
12577
13351
2470
13073
13479
552
148
123
482
9789
13664
2470
10097
12701
12668
13351
2118
12724
2470
784
376
13582
13477
54
54
54
54
13882
3281
13351
1823
9805
482
12701
581
963
581
12858
1825
1825
14027
13352
12674
11858
1825
1825
1825
1825
1825
1825
1825
1825
12577
13998
13896
2465
2465
2465
2465
2465
2465
9790
2465
2465
9790
12863
2123
12705
367
3496
12935
13405
10097
13629
367
21
13116
13018
374
12701
21
21
10011
13188
145
145
145
1825
13119
581
14027
788
13238
145
145
12131
12784
13220
12506
788
12131
94
94
13107
94
94
2465
2465
12674
2502
12724
13188
2465
2465
12747
2465
792
13347
10032
1427
1427
1427
1427
1427
13190
10097
3214
3214
12806
12390
499
3214
3214
13107
3214
13045
3214
13376
12757
13444
12791
579
94
579
579
474
474
474
94
499
9789
13120
483
13405
13429
12629
1825
1825
1825
1825
1825
1825
1825
13022
1825
12425
13973
606
606
13435
13428
13379
606
606
606
606
606
606
606
606
12724
12512
12445
12683
94
581
12618
12604
13435
12824
12453
143
1427
12506
143
143
143
13093
143
143
143
143
12972
12618
12794
13336
12722
12021
94
94
1361
1592
94
12721
12744
94
12861
3583
461
13275
12074
669
12074
376
3583
3583
13993
13586
2118
12863
13967
13107
12021
13030
661
661
13031
13967
13956
374
13248
13882
374
13380
13347
12453
10097
13435
9917
2129
1428
2129
13998
13479
13435
13998
499
12053
13352
12460
13516
12604
1518
13058
13313
2041
12498
12629
1218
2086
12131
13452
13313
12896
12744
13025
12629
12902
12902
746
409
13649
1332
1332
391
391
391
391
391
12902
391
391
391
1247
13136
1247
2282
2282
12668
409
9825
12701
151
12021
13258
12955
2282
1332
2282
13190
12744
12429
13302
12618
12784
1427
1427
1427
9913
1427
13545
409
347
1075
1075
13882
1075
1075
1075
1075
1075
13998
1075
1075
13474
13314
12824
13993
13882
409
12802
151
13400
1818
13351
151
12597
13314
12513
12856
12597
13405
12759
10008
989
1518
603
151
383
383
788
13992
12757
12724
383
383
383
383
9789
13030
9796
606
338
1518
1825
12724
13314
9997
2029
13496
13238
13238
12597
13238
13238
13238
13238
13238
13238
13238
13238
581
13379
1825
304
304
12902
304
13142
304
304
304
304
304
304
10097
13143
918
1155
12445
505
12757
2107
21
21
30
51
13664
21
21
51
51
51
51
51
51
51
51
1825
1825
1561
11849
1825
12626
998
998
1825
13516
12618
1428
1428
1428
1428
1428
1428
1428
12618
12647
2225
376
13347
3671
12744
12719
13238
12618
13882
12445
12445
1825
12604
12629
1825
1825
1825
1825
13347
1825
1825
10069
12724
12021
10032
13429
13136
12486
13401
13911
10008
13629
13238
13521
13104
13093
14027
13586
1825
12757
10097
1551
1825
13152
12629
44
13435
12512
13646
12577
9973
11849
13479
12629
2431
13206
2431
170
12841
1710
2431
12467
12453
13998
14033
12759
12759
364
785
364
364
3192
581
2465
12021
1673
364
364
13882
785
259
12629
12683
3278
12506
12635
785
12902
785
785
785
12757
785
12863
9862
2118
785
13351
13479
2282
51
51
51
12683
51
12053
1673
3273
3273
13516
3273
3273
3273
94
3273
3273
94
581
12604
12512
3363
12951
581
12425
12453
13998
12629
13314
86
13515
785
785
581
13989
13515
785
785
785
581
785
12759
13400
13314
1825
1825
259
1825
1825
3271
1825
1825
160
95
1825
160
1825
160
160
2336
2336
94
2336
2336
2336
2336
2336
13405
14148
13127
94
12757
13073
13261
12824
12513
13347
13569
3528
13405
12683
499
13119
14070
347
347
347
581
581
581
581
13586
581
581
540
9769
13880
746
13162
12074
143
229
13882
13479
1518
13930
1534
10069
13956
13025
304
1287
1287
12701
11915
145
13196
13452
12602
13190
11844
13219
13942
259
2465
13633
12674
13248
13989
10009
371
13435
12759
12744
2465
479
13329
12933
2465
14070
479
12460
12486
14027
12836
13882
13969
12908
12757
13036
581
581
961
581
961
961
961
961
961
961
12445
1825
1825
1825
1825
1825
1825
1825
1825
1825
1825
160
12460
1503
2029
13896
9845
144
144
144
2465
144
144
144
12453
13969
2431
144
144
3278
51
51
51
51
51
51
12
10011
12856
13149
94
13969
3278
12
1247
94
12791
1962
12806
3278
14049
12779
376
10032
13190
12705
30
13224
2465
2465
581
12618
12523
12773
2465
2465
2465
2465
782
2465
2465
785
13275
10023
13275
376
13049
3278
13329
13351
3586
12759
13379
94
12053
13435
13405
2107
12445
2465
12858
2107
2465
12629
13206
94
1534
3583
13314
13093
3583
13022
581
11
13350
14051
13882
14076
581
1825
1825
1825
1825
1825
1825
1825
1825
143
1825
1825
13973
581
13515
283
283
283
283
283
283
2431
143
143
3583
1727
12021
12053
9843
1351
12591
30
12967
1825
482
13477
2431
11858
1690
1690
13998
1690
1825
1825
1825
1825
782
782
1825
1825
782
782
782
1825
1825
3583
94
3583
3583
3583
364
3583
3583
3528
3583
3583
482
482
13997
13347
13127
13969
9760
3496
10009
13226
1816
12635
11
12721
1825
1825
1825
1825
1825
1825
1825
1825
1825
1825
13599
13989
13599
12759
12021
3496
12586
9769
13093
13444
12850
13998
984
12841
12635
9760
12445
13380
13036
1905
13471
13374
13435
12644
13190
3528
1332
12902
13314
21
13882
12074
409
409
12705
12629
13351
523
13998
1247
12604
1247
1573
1247
1247
13265
1247
1247
409
2282
12577
1937
1825
409
581
581
581
1825
13127
581
581
3528
13127
12519
13031
13011
30
785
13
499
791
782
782
782
782
782
782
782
782
12701
782
12629
13238
145
13265
183
13238
13238
12724
13238
13238
661
13238
13238
13238
13238
746
1825
13238
13238
13238
13238
304
13238
12988
13405
9997
13238
2107
2107
12759
12445
12651
13844
13047
2107
650
2107
2107
9789
3214
2470
13479
13073
12757
13646
13882
13444
13025
12626
13347
12863
13897
1962
12930
13532
12677
13532
13374
10011
13989
23
23
226
51
23
23
23
23
14001
10097
13314
13031
9917
10097
10011
380
785
143
143
785
10011
12802
143
380
380
785
259
13316
650
12521
9994
13352
13988
1825
13238
9848
12355
10051
2118
1825
1825
1825
14140
1825
12629
10097
13967
13099
9805
12775
320
13435
13149
13959
13351
2465
13477
13165
13405
12601
10032
3347
3347
3347
3347
3347
3347
3347
13664
3347
3347
12618
12693
11833
304
12453
12864
2465
44
9769
12498
13313
13018
3496
13380
12629
13974
10097
581
12988
12957
479
13351
1825
482
13515
1825
1155
13479
12474
13038
669
1825
669
570
13030
12724
13400
1825
220
1825
13353
13108
1825
603
1818
86
12601
9994
10008
12602
12668
94
1905
1825
13435
8
8
2021
2021
2021
2021
2021
2021
13998
785
86
51
51
785
51
785
1825
570
785
1905
12053
13401
13120
13093
13473
13265
3273
3273
13238
3273
3273
3273
3273
3273
3273
3273
3273
30
1905
669
1825
12629
13956
12629
13612
11849
11849
11849
11849
11849
1834
1834
11849
11849
467
570
570
570
570
570
570
570
570
304
304
304
304
304
304
304
304
12644
2336
54
2336
474
474
2336
2336
474
474
474
474
474
474
474
474
10069
1900
581
13857
12618
9841
145
12618
12902
12604
482
11904
13983
145
1503
13149
12902
145
13379
1727
13107
12602
13560
581
12759
499
499
499
12784
581
1825
304
1825
1825
1825
1825
1825
1825
12074
1825
1825
12757
12820
603
12618
669
581
13049
364
13351
12759
364
12523
12601
364
13429
13401
467
467
467
10097
12052
467
467
467
10069
12602
364
13897
13997
13347
483
483
483
12629
483
483
483
483
483
13599
12629
1592
1592
10008
1592
1592
1592
1592
1592
11858
1825
1825
1592
1592
13314
784
1825
12724
474
474
474
474
10011
138
13586
10011
650
12719
13149
12724
12724
1247
13099
12930
1825
1673
1673
10097
1673
1673
1673
1673
1673
1673
1673
1673
13313
13998
2465
13073
13052
12527
2465
2465
12957
2465
2465
12589
2465
2465
581
1351
13351
304
889
889
889
13152
12858
13238
595
595
595
595
595
51
51
51
51
51
51
51
51
51
51
1155
13127
13093
11904
12629
751
13011
581
12523
12724
12053
1834
12806
12278
3192
9843
304
304
304
304
304
304
304
304
13477
581
1551
304
304
13897
523
523
12721
3586
12577
13188
12635
2465
12453
12486
12802
9845
12635
965
12701
12506
259
13477
13629
12701
150
1287
1287
1075
12453
1287
1287
1287
1287
145
1287
1287
13025
1825
13883
13107
12629
1825
1825
1825
1825
1825
1825
1825
44
3192
2282
2282
2282
2282
2282
2282
2282
2282
2282
12021
12841
13068
12902
12759
12618
12486
499
12390
13351
13084
14064
13309
2021
14064
11
13882
571
13973
3583
3583
259
44
2123
12
12824
2465
12802
12
13882
12802
54
54
13479
54
54
9862
12
12
13989
143
13633
13190
3583
13983
3583
12858
13974
259
13351
12759
13329
654
12647
13347
13376
13429
168
13
13
13
13
13
13
13
9843
13058
13068
13479
499
13586
12841
3192
12390
2465
13577
1823
13073
13099
12053
479
12896
10023
13477
13025
13238
13479
10032
12523
12988
581
12775
12701
1825
13504
1825
11904
1592
1823
2336
13629
299
12635
13882
23
13997
12629
13429
9917
12967
13990
13104
98
98
98
12053
14070
10004
581
581
12527
13347
11858
11844
581
581
581
581
581
581
581
12677
581
12629
14096
12784
12861
13405
13049
12074
13429
12863
12523
23
12724
13969
338
746
746
746
746
23
12453
9913
12934
12757
13347
3299
13855
3299
3299
11849
12512
13093
13314
1351
12759
14022
13969
2465
10011
483
483
1351
483
1905
13989
13989
1905
1905
1905
138
581
1905
1905
1905
12021
12775
12618
12618
12021
13265
1351
12850
13479
2142
581
1534
1534
13197
12618
1534
1534
1534
1534
1534
1534
1534
13041
94
12721
13861
581
13405
12757
12445
989
9843
12668
12363
581
12759
13351
1825
12390
989
12724
12486
13183
12618
10069
123
123
123
9841
54
12820
376
12629
1592
10004
139
139
139
581
139
139
1825
12618
1825
1825
1825
1825
1825
1825
13238
3587
3587
13405
13013
13038
12802
13149
3587
3587
3587
12724
2465
2465
1708
1825
2465
2465
2465
2465
2465
2465
13664
12724
12757
12521
12425
9843
13022
14051
12701
12719
12972
12757
14051
12775
9963
2465
2465
374
374
374
374
374
12629
374
374
1905
374
594
1727
12390
570
482
12933
13226
570
12618
10097
13880
12972
1825
1825
1825
1825
1825
1825
1825
1825
1825
12757
13107
13429
12512
12021
13213
1818
12021
12512
13899
380
380
13238
12701
12635
13998
380
13967
12779
581
12425
13238
13429
376
12625
13238
12512
387
12879
1825
13347
581
2001
2001
12629
12601
12896
12577
13093
13633
13238
13882
14140
13238
12453
1823
12453
12453
482
11849
54
11849
11849
1834
11849
13633
13479
304
13612
13983
570
570
2984
2984
2470
12604
2470
2470
570
570
13435
570
10023
13093
570
570
11849
2336
2336
13107
12074
2336
9841
12618
2336
2336
13882
13577
13099
957
371
371
1727
371
371
1727
13169
371
1727
1727
3290
3290
12674
14064
3347
13998
13099
792
669
13067
669
669
13169
792
1825
1825
12722
543
1825
12460
1825
13998
1825
1825
1825
1825
13998
13018
957
1825
13099
482
13989
12521
13897
12951
44
581
13428
13115
13452
13238
12967
13376
364
792
1710
13452
3281
3281
3281
338
3281
1816
12604
21
1710
14148
12618
21
12902
1825
1710
1820
1820
1820
1820
1820
1825
1820
1820
11833
1820
21
13474
1825
12951
12577
3214
12759
785
13896
12693
12668
581
1710
51
1525
51
12635
3192
12701
13351
13351
746
746
746
746
746
746
2465
12390
10097
12849
10011
13896
21
12951
13969
183
51
12908
13136
14027
12724
581
13238
581
10023
304
304
304
304
304
304
304
304
13190
581
581
145
12701
1351
12629
13973
13183
13429
12934
12933
13347
367
347
12
12604
12629
12239
12933
9862
13405
304
581
12390
1825
1825
785
304
304
304
304
304
304
304
304
3490
94
3490
3490
3490
13350
3490
3490
13224
989
3490
3490
13444
1825
13880
13152
12534
13405
10032
13351
785
2465
2465
2465
746
2465
2465
2465
12021
13265
2465
2465
12074
13973
12802
13882
12794
94
1825
13093
143
889
13018
143
13093
12744
143
143
143
143
143
581
14027
12523
13025
12618
9841
13107
13197
1475
12021
13998
12390
14064
13882
148
470
2465
14064
12759
14076
13351
12629
12586
2123
13347
13380
148
13428
12796
12731
9841
13496
13429
12486
12577
12724
13444
13882
12629
12486
884
284
581
12604
12052
13393
1825
13882
12635
9790
29
380
13143
12629
143
14148
13882
13073
14140
1825
11858
12635
12602
581
259
11
13025
13471
11
11833
1825
1492
13041
9760
12724
1825
380
785
13022
12589
3271
3271
9845
9769
13882
3271
3271
3271
3271
3271
581
14070
10008
375
1825
570
12390
2282
12724
1673
12604
13882
13220
12841
13435
581
13989
44
44
44
44
2984
44
44
1393
12908
13586
13998
12512
13646
581
581
151
151
151
151
151
151
3586
13880
13351
1155
12561
13067
12722
13880
3496
13429
1825
13238
12841
746
746
746
746
746
746
746
746
13586
746
746
13973
13238
304
304
374
304
304
304
304
304
304
304
13586
581
2107
13379
2465
13314
12452
12602
1351
499
13959
785
12808
13645
13473
13882
1825
12363
12647
9994
1825
1825
160
12841
13351
12626
1825
1825
1825
1825
1825
1825
1825
581
1825
12759
12773
581
13107
14027
10011
12618
12757
13018
13314
13165
581
1825
1825
1825
1825
1825
1825
13352
1825
1825
1825
1825
13025
12523
13013
147
13352
12602
13352
13959
13314
3496
1825
13405
705
13165
12363
86
86
86
86
86
86
86
86
12796
581
12724
1825
86
86
86
1825
38
12534
13973
13973
1287
11833
13435
1825
1825
1825
1825
13351
1825
3587
3587
3587
3587
10097
1825
3587
3587
3587
10008
343
2470
13252
10032
13127
3281
382
3496
10032
12757
3496
10008
183
2431
14001
13405
1825
374
374
609
13479
12390
374
374
374
374
12629
374
374
374
13107
13018
12791
9789
12577
13149
12802
13405
13880
12934
11915
12802
12988
2431
989
1825
1825
1825
1825
1825
1825
12604
13275
1825
1825
9994
13504
12757
2431
1825
12629
374
12701
12900
12629
12629
13962
51
13136
570
13314
11904
86
1727
1727
1727
1727
1727
1727
13190
1727
13429
13093
989
1727
229
12521
581
10011
10097
13248
12856
13880
13998
13998
10032
13998
14094
12819
13380
2118
11
148
12757
2107
12629
12053
13577
148
2470
2470
150
30
30
785
2470
148
2470
570
570
570
13238
12605
14051
13136
13107
10032
13374
594
13062
11833
13314
1825
581
581
1218
13313
1727
1727
1727
965
1727
1727
151
3290
151
151
13998
151
1727
1727
1351
3290
3290
14140
3290
3290
3290
965
13120
11858
10097
409
13401
12683
13401
12635
12759
12972
13394
13347
13219
1825
1825
1825
13073
1825
1825
1825
1825
1825
13352
14070
499
374
499
149
374
13998
374
374
374
374
785
13084
13379
13018
13956
3528
13110
338
12618
143
226
12705
581
13577
13880
13083
13479
226
12390
581
226
669
669
13379
669
226
669
669
13352
94
713
12453
13629
13429
13073
1825
579
961
13314
145
13435
10011
12747
13196
364
788
226
788
788
364
788
13599
12824
364
304
13099
12021
3363
364
1534
10011
13351
12674
13351
746
746
746
746
746
746
2029
746
12796
13989
13586
220
12757
579
12601
12824
10097
143
474
363
12724
13238
2142
581
304
12498
304
304
12930
304
304
12498
12498
12498
159
13456
13110
304
304
304
304
304
1825
304
304
304
138
304
1825
13314
14096
12820
12857
2465
12635
12605
13405
12856
13067
94
2465
12523
12453
609
13456
581
94
13351
94
2465
13347
1615
13896
12626
13347
13049
9937
13093
12445
13220
13025
11844
150
320
13068
13238
13047
371
14027
371
371
371
2064
1825
2064
9769
2064
11684
1428
371
12683
12779
13329
13162
12425
3583
2465
10004
461
13062
12705
12930
13897
581
785
3583
12683
482
482
143
3583
143
143
143
482
13989
12605
12605
13405
482
482
12850
3583
12856
12683
13351
2282
13989
12635
3290
13429
12863
782
12635
782
12856
12759
2470
13880
13351
2142
2142
2142
94
10032
12577
159
12527
2465
12972
12647
2336
3496
12693
13560
2470
1825
1825
12486
13190
229
13265
1825
1825
1825
1825
1825
1825
1825
1825
12791
94
94
13435
2470
2470
21
2470
2470
13107
2470
13515
963
482
51
2470
963
963
13041
367
13190
367
12498
13429
942
367
367
367
367
13577
12683
12759
12757
13093
13479
13882
12506
12635
13967
1155
160
11849
12053
13136
12021
2118
2118
13374
2118
2118
13136
2118
1727
1710
13084
12757
12701
12933
13844
3363
12724
3586
12759
3586
3586
12729
387
989
989
581
989
989
989
371
94
2465
989
1573
12604
1573
1573
1573
1573
1573
12775
1573
1573
12486
12775
3363
13025
12629
12635
11
12635
3363
338
12693
13577
12934
998
3363
12731
12867
13997
3363
13352
12824
10008
12605
86
86
86
86
13238
13238
86
86
86
13238
581
581
785
1825
1825
3290
1825
581
1825
12863
183
13599
2064
12677
183
13351
13969
30
13223
1825
13569
13025
143
14096
1825
1825
30
30
30
30
30
12824
13265
30
12902
581
13882
12759
13206
1825
581
581
13429
304
581
13993
581
581
1825
13882
1247
13265
13998
160
9973
1825
13882
376
376
13882
13599
10097
13429
1825
12618
660
746
13314
13857
12863
13031
1825
1825
1825
1825
1825
1825
1825
1825
1825
1825
183
183
183
13353
183
183
183
183
12759
12618
183
183
10011
320
13633
12808
12651
12647
160
13429
13018
13220
2107
13351
13047
13350
13973
13444
54
13973
884
12577
2118
2118
2118
2118
2118
2118
86
2118
2118
86
86
3587
86
86
86
989
13983
14022
13428
143
143
143
143
21
2102
13115
581
13261
160
12452
13302
12561
13011
94
9760
1247
143
168
168
12512
12317
168
168
168
168
14050
168
785
12021
2465
12498
2465
2465
2465
2465
2465
304
2465
2465
12527
13897
304
12972
54
304
13238
9805
304
13022
13473
13989
12802
304
13347
1825
304
12988
304
13629
12512
12705
1825
13516
3528
1825
785
1825
51
51
51
51
51
51
51
51
13479
1825
51
51
1061
3584
12605
1825
12635
1825
1825
1825
1825
12724
1825
1825
12629
889
889
1816
889
13973
13973
13974
9963
13532
12731
283
13025
2683
746
9841
12841
13107
1825
12486
304
11844
12618
10008
13401
21
21
1710
13379
21
12724
21
1710
12693
12744
1710
13998
13973
13351
1332
13393
376
364
13471
11904
13646
1900
376
12879
11833
942
11904
12445
9848
13093
13022
12683
13107
13018
989
3363
12618
9789
1825
1825
1825
1825
1825
1825
12971
1825
371
352
1825
1825
9997
151
12988
151
151
151
13190
151
1351
1351
1351
12759
1351
1351
1351
1351
1351
570
570
570
570
304
1825
1825
1825
570
1825
1825
13969
581
2465
12988
13120
12629
11904
581
10023
483
13649
14140
13479
12074
13314
12577
13352
482
10008
12053
13880
3290
13352
3528
3528
3290
3290
3290
12629
409
3528
12705
409
3528
3528
3528
14070
13329
13351
581
13911
482
13265
581
9937
12445
11833
364
12629
13496
12759
11849
1825
13352
371
371
371
371
12629
2470
30
13196
13220
391
581
12824
1825
3214
13136
13313
11904
989
14076
12824
12668
13252
1825
2470
12142
13143
13429
1825
13882
12729
13073
1503
1825
2470
12425
12693
11
13302
11
11
1247
746
746
746
746
746
1825
13116
746
746
12629
1825
13405
13429
13568
581
13084
12486
13084
13265
304
304
12498
12498
304
304
13116
12861
304
12498
12498
12498
12498
12498
12498
12498
304
304
304
304
304
304
304
1825
1825
595
304
1825
13314
13883
581
12512
13041
12933
13429
1825
12390
13959
13183
13435
13452
12701
12445
12486
12841
581
13899
1155
2282
13347
2470
12724
12796
13352
3192
13165
12824
13469
13
785
12724
148
11915
10097
371
371
12701
371
1332
371
371
1825
1825
1825
1825
1825
1825
1825
1825
1825
1825
13400
13169
11833
13599
371
13045
12647
12701
160
1427
784
95
95
13882
12587
13070
1825
13314
14094
12794
143
1518
13857
12933
1351
12618
13351
2001
12858
2470
13045
364
9862
10032
12625
13429
12021
12824
13435
12453
13993
9848
12683
13477
13350
13586
10097
1825
1825
436
13405
1825
1825
1825
1825
13226
1825
1825
1825
1825
1825
13275
1962
570
1962
14070
12908
2470
2470
12850
13599
2470
2470
2470
2470
2470
2470
2470
2470
12601
12239
13248
12808
12618
160
12693
168
12142
12142
12142
12802
12142
13897
12635
12512
12527
581
13380
13136
788
3214
11904
13083
1518
347
13496
12863
581
12498
13183
2984
2984
12705
2984
2984
2984
2984
2984
2984
965
13429
3271
13504
3271
3271
3271
3271
581
12644
3271
3271
581
482
2465
10023
12721
482
13405
2683
12453
12618
581
1503
12722
12629
13545
13586
1820
1820
1820
961
1820
13313
961
13990
961
13314
12618
581
581
13962
9994
581
12775
581
581
376
581
581
2029
13967
168
2465
12618
13456
13314
9997
12988
13882
12863
13590
14094
226
13143
581
581
581
581
12618
12724
12021
12597
13213
12521
13351
14070
54
12474
13351
13142
12604
304
12715
12604
1075
12677
11849
1351
13983
12744
989
13998
13599
391
989
965
2465
160
12759
13352
1825
989
13899
13314
1825
1825
1825
1825
1762
1762
1825
1825
1762
1762
1762
1762
183
183
1762
1762
10011
1825
13143
13997
1825
9790
989
1825
1825
1825
12498
12605
12498
12498
12498
12498
12498
12498
12715
1825
1825
1825
12629
1825
1825
1825
1825
1825
13352
13196
138
13336
965
965
965
13428
160
13405
13093
12794
12635
12794
1825
1075
3290
10097
746
13107
13435
259
13070
1825
13261
51
3290
1561
12577
2465
12724
12863
2465
2465
2465
2465
2465
13429
12863
12757
94
2465
2465
1825
12908
12759
12724
13
13967
12618
12629
12759
13351
12601
13248
12824
961
1825
12775
10008
13568
14070
12701
9913
1825
13401
12629
13206
785
13930
12933
12635
961
12824
11877
1825
13350
12802
13073
13093
14086
12618
13599
1825
1825
1825
1825
13590
1825
1825
1825
94
1825
1825
13379
226
94
94
10008
12635
12131
13352
12722
12902
12453
12674
569
13646
12724
13897
13219
338
12850
12802
13435
12896
2878
13882
304
304
13956
9848
467
13646
304
304
304
304
304
304
2102
14148
13633
1823
1428
12856
12445
378
1218
10069
1937
1937
1937
1825
13136
13883
1937
1825
13586
11844
10069
11844
13237
13313
367
367
1825
12724
12512
1825
12858
1825
12390
1825
12355
13882
304
1825
13646
1825
12759
1825
12635
13882
1825
1825
792
1834
1834
14050
13045
12452
1825
338
1834
1962
9796
3299
12425
785
12879
1823
51
3299
123
499
13352
792
2465
792
12618
989
13248
13058
14070
13545
12486
13646
12757
1351
785
12521
1351
1351
1351
1351
12722
12674
13998
13107
12587
13350
9779
374
13882
12850
13997
12988
13351
479
13586
942
942
11833
942
942
12861
1428
11833
11833
38
21
12604
1825
13897
785
51
95
13882
13261
12021
12756
13474
12474
9917
14064
2465
12460
13897
12773
1823
1823
13473
13265
2465
304
304
304
304
304
304
10008
304
304
304
304
304
170
13855
785
2465
13314
10069
9790
581
148
581
746
746
746
581
13067
12134
12747
13309
13052
13577
304
391
581
12390
338
10007
13022
1825
13477
581
304
304
304
304
304
304
304
304
13998
304
13479
1825
304
12498
1825
304
304
304
304
304
352
9848
14137
13565
12850
12841
12693
364
364
364
12363
581
364
12850
12701
12757
1518
13989
10097
13067
9848
1825
13022
1428
12142
12626
10023
785
13401
785
12629
51
51
51
51
51
51
51
51
51
51
1825
1825
1825
1825
1825
12629
1825
1825
1825
13190
95
95
3271
3271
95
3271
95
3290
95
95
12512
581
54
1428
12635
2336
54
54
2336
2336
54
12908
54
54
13405
9973
9796
2064
965
965
965
965
13560
13190
13224
12629
13059
2142
13405
479
1673
13314
2465
2465
12902
12775
2465
2465
2465
2465
9937
2465
2465
2465
2465
2465
2465
2465
2465
2465
2465
2465
2465
12933
13568
12618
13983
12693
12719
12693
9789
10011
785
12951
149
1727
1727
1727
12683
9789
12629
1561
9789
12618
499
13496
10008
13599
1336
581
12241
12719
13956
12863
13967
12802
3583
1825
12784
1428
13052
12618
1937
160
160
160
499
13261
1825
1825
1825
1825
1825
2118
1825
2118
2118
2118
2118
1673
1825
1673
1673
12988
437
11858
12629
13067
13248
12779
13067
11916
963
2984
2984
2984
2984
2984
2984
2984
2984
2984
3271
3271
3271
3271
3271
3271
2336
2336
2336
2336
2336
2336
12074
10009
2336
2336
1825
12724
1710
86
13238
9841
474
1708
12722
1518
1518
1518
13474
1518
1518
1518
1518
13223
1518
1518
581
13347
1573
13351
12863
889
13496
9789
12759
391
391
391
391
391
391
391
391
391
391
1075
1075
12021
1075
13914
12863
13052
13435
11824
13238
12802
10009
304
12604
13058
12841
13428
13882
13347
367
13452
13452
479
13127
13314
13313
10032
2029
12651
12647
13190
474
13428
474
291
291
1825
1825
1825
1825
1825
1825
1825
12460
1825
1825
24
12512
2470
10062
13309
12486
482
12519
2944
13115
1825
1825
11849
1825
1825
1825
1825
1825
12951
13664
13633
12977
10011
10011
10011
785
12647
13560
1825
13265
581
1825
13329
1825
984
13586
304
12512
13435
10008
13998
12849
3273
3273
3273
3273
3273
3273
12241
13018
12629
2064
12951
10097
581
13314
13238
13314
94
13261
13093
12527
3496
13967
10011
12683
1427
12820
12021
3496
12618
1332
13352
3496
13238
746
13435
12363
13238
12635
12629
1427
12824
2465
2465
13516
2470
12724
2465
13664
13664
2465
2465
2465
2465
13351
13429
54
9993
12052
12512
13093
2944
371
371
371
371
371
371
12724
12775
1820
12390
1427
1427
13350
1427
1427
12635
13405
14118
2944
12759
1551
12757
2282
1823
2282
2282
2282
2282
2282
2282
10097
12934
2282
148
94
9841
2142
2142
2470
2142
661
94
3496
12724
12629
94
785
1825
12744
10069
12784
11858
1825
12967
2944
12445
581
12841
12902
13646
12902
13545
2683
371
371
371
12460
371
1825
338
606
606
1825
54
13590
12759
13532
12512
13560
10097
12577
10011
10011
12486
961
13224
12586
12604
13956
13265
13882
12934
581
12021
13967
12757
3290
13586
54
12577
12445
2944
581
13633
13170
338
650
650
12604
650
12635
650
2150
3290
419
419
9825
1825
12390
419
13149
12977
13283
11
13380
1287
2470
3290
13313
54
13197
12759
984
12618
13899
1351
8
30
3290
12902
13238
13238
13238
13238
13238
13969
12683
13646
13093
1823
13107
13435
785
12644
12955
12683
13351
13314
2142
12618
12577
12618
13394
12629
581
13025
13030
13998
13127
12577
9994
3290
11844
1825
12836
1825
2021
2021
499
13022
1825
1825
12908
1825
1825
1825
1825
1825
1825
1825
13165
12629
13116
581
11849
13336
283
13031
11844
12802
1762
1518
13022
374
12849
374
374
374
374
374
374
374
374
374
374
13429
2470
2683
1710
12355
13989
304
304
304
304
304
304
304
304
2029
581
2029
9997
304
304
304
2029
220
12759
13880
12512
371
371
12239
13352
13998
2465
371
9944
371
371
371
371
13897
2001
13496
13477
13496
12724
13998
13998
304
94
11858
13586
12626
9848
13469
12721
13265
13107
12957
12759
12429
12841
12802
785
746
12757
13093
13316
13444
170
12668
13169
1518
1825
1825
1825
1825
1825
1825
1825
1427
1825
10011
13479
13309
12618
785
13444
746
12021
1332
229
1710
13104
11904
12629
581
13599
12900
13473
10097
13347
499
12460
1825
1825
95
95
95
95
95
95
95
95
95
95
3496
3496
1708
2118
2118
2118
2118
13516
12779
2118
2118
2225
13162
3496
3496
12604
13265
12808
1393
12693
13265
785
13265
13265
13265
13190
13265
13265
13073
13022
479
12934
13038
785
1825
12618
14070
13351
3347
482
482
1825
482
2683
12759
9937
1332
1332
1332
9843
1332
482
482
2465
2465
2465
13213
2465
13025
2465
2465
13560
12278
13351
13969
3347
2465
2465
12278
13030
12513
12802
13248
1825
10069
12586
13379
12784
581
14049
12757
347
10097
12142
10097
1336
12142
14070
2523
12142
3273
1905
13316
13314
13569
1937
13220
12142
12724
13041
234
10004
3273
12644
234
1937
12561
1825
1825
1937
2225
12724
1825
1825
1825
1825
1825
1825
12604
11
13882
1710
94
12629
12131
2102
2102
2102
13238
2102
12618
13882
9796
12241
94
14084
13504
13351
9796
94
30
13969
12724
143
13930
304
143
143
143
143
1573
1870
13314
143
143
409
13314
12867
170
2683
2683
12779
13989
713
713
713
713
713
713
713
12453
12512
1492
1492
12601
3528
13973
13429
942
1825
1612
1492
1492
3528
1492
1492
1332
1332
391
391
51
391
391
391
1332
1332
1332
1332
1332
1332
1332
1332
13022
1825
13973
13496
1825
8
1825
3363
1825
13238
1825
9963
1075
1075
149
304
364
14064
13956
183
13025
1825
183
13099
1825
12498
12759
567
13479
13314
12604
183
12677
12988
1825
13220
13302
12808
1690
183
145
12841
2118
183
11844
1825
1825
1825
1825
1825
1825
1825
13599
13289
13882
1825
1825
13
13265
283
1518
14051
9760
2102
13265
13401
13265
13265
13265
13265
13265
13265
12683
963
12390
14051
1937
13479
160
229
1490
364
10011
160
13313
13329
10023
2502
2502
12629
13435
8
13265
12683
13998
150
2502
13070
12802
1823
1219
9917
12747
12683
12951
3192
13165
3192
3192
1825
3192
3192
51
51
51
160
13142
9825
151
151
151
151
151
151
12577
12802
3363
52
13190
14118
12988
13058
376
12512
13314
144
14051
94
144
94
144
13226
2470
13314
13313
2470
705
13041
13998
12757
14027
304
12363
374
374
374
13108
304
94
304
94
304
304
304
304
304
304
304
304
304
304
10069
12498
13405
304
918
1075
10011
961
1825
12757
54
13967
1825
367
367
304
13599
13990
12486
13646
2944
2465
2465
2465
2465
2465
2465
2465
2465
2465
2465
13435
14064
12626
54
1825
13049
13025
12629
1825
304
1825
1825
1825
1825
13883
1825
1825
1825
2123
13469
3273
3273
3273
3273
3273
3273
3273
3273
3273
3273
12486
13896
12445
12513
1825
304
13479
94
13220
650
1427
13104
13429
13516
145
13351
13336
172
13925
172
13646
11849
2878
1825
1825
1825
402
1825
1825
1825
1825
1825
606
606
606
606
606
12561
606
606
1490
606
606
12053
1825
145
2470
220
13646
1490
11684
2470
2470
13380
2470
437
2470
2470
12561
650
437
650
12759
650
13428
650
650
13376
2465
9769
12053
13577
10097
12757
13351
13238
13560
1825
1825
1825
1825
1825
1825
1825
2465
13444
12977
234
1825
1825
14051
437
10104
12836
10069
13059
9825
12701
30
10023
482
12957
13428
13093
13018
1492
12701
13883
12474
1825
12757
1825
160
12757
13
183
183
13429
12486
183
183
183
183
183
183
13998
14064
12597
989
13142
1825
1690
1825
1825
1825
1825
1825
1825
1825
12759
1518
391
581
13031
13351
595
13116
13974
1247
13048
9825
13070
12534
1247
13880
1247
12722
10007
12577
13136
1247
143
1247
304
13496
304
304
304
304
304
13896
304
304
304
304
581
581
581
581
581
1247
581
10008
581
13165
13401
371
371
371
371
12744
371
371
371
13314
9789
13025
371
371
13196
12819
338
12629
12577
13471
13107
13405
12074
13116
54
13107
13068
12486
569
10023
11904
12957
582
12602
12577
12824
12930
2465
12664
2465
314
1825
13664
12724
12757
12618
13314
13314
13379
1825
51
13352
12021
12701
1825
785
22
13504
13104
9790
2683
12635
1427
3586
13314
2683
2683
13068
12445
1825
1825
1825
1825
1825
1825
1825
1825
1825
1825
1825
13899
51
13629
2465
2465
2465
2465
2465
2465
2465
2465
2465
2465
2465
2465
2465
2465
2465
1531
13073
13073
12651
9789
14027
12577
13149
12626
14096
304
13013
13038
3192
746
746
746
746
746
13059
13351
159
10008
12819
1332
1332
1332
1332
1332
1332
13093
2336
13314
957
1825
13599
13435
12802
1332
3496
13444
13143
13059
12587
13521
12967
3496
1825
1825
1825
1825
1825
1825
95
30
1825
1825
12759
13351
320
13073
13133
12629
13226
12512
2470
10097
149
13925
13314
149
149
499
13405
13352
12759
13429
30
13646
1690
138
792
12629
12021
1569
10097
12021
10009
12021
12635
581
13068
12957
13073
581
9825
13925
12972
1937
13238
10032
12629
13206
13352
12724
2465
552
12604
9944
12724
2118
30
12390
11849
11849
11849
2086
12791
12602
13599
12241
13206
12933
9848
13107
12856
12577
12053
12850
12802
12021
12724
143
143
12791
143
143
143
12618
143
143
2470
143
13479
499
1900
391
391
499
499
391
1573
391
12644
391
51
12486
13018
51
291
8
12955
12794
13973
13959
13379
11833
11833
13959
13162
13479
11833
1336
13238
13067
13238
144
144
144
144
144
144
10023
14051
30
144
13998
143
13560
12605
1219
12861
12577
13018
12604
150
13238
13429
12390
1247
1503
9789
12142
13882
1825
1825
12604
1825
1825
1825
12731
1825
1825
30
1825
13629
12453
989
225
12498
13314
13143
785
785
785
785
12731
13496
785
785
13025
13435
785
785
11904
2142
12759
12806
13857
12791
29
1247
160
10009
12784
343
343
343
343
343
343
343
12908
1900
1834
13099
13347
12664
2142
13352
12857
13030
304
304
304
304
304
304
304
304
552
1825
304
304
12597
1287
13206
13238
12759
13238
13521
436
13314
13405
14022
13897
12756
13664
13664
13664
13314
13664
961
3192
3192
3192
12841
148
961
482
482
13393
482
13238
482
482
304
13586
304
304
13261
12731
304
304
86
86
86
86
304
304
86
86
13352
581
2282
13993
12519
13896
310
310
12534
143
13252
310
12683
14096
13314
12618
2465
2465
2465
2465
785
374
12629
2470
788
13013
12074
2465
2465
12724
13629
14064
159
13962
13352
13646
160
160
2683
13405
13405
12757
2123
2123
12744
12597
2123
942
746
1351
746
746
746
746
2336
1351
1351
1351
1351
1351
1351
746
746
13091
94
12705
13899
13586
13206
12635
1825
12759
12674
304
1825
13133
12601
13393
12390
1825
94
12972
12757
1825
2961
11849
1825
13238
13479
13206
12759
10097
12902
12452
12635
12635
2465
1825
2465
2465
2465
2465
2465
2465
2470
2470
2465
2465
3363
1825
10097
13347
12445
13261
13988
535
13429
1825
13068
304
1428
12719
1825
12719
14094
499
12390
1825
13347
1825
13142
12021
13068
13136
13586
14022
2118
2118
2118
13880
12486
10032
144
13220
12850
13469
13213
12602
12757
12635
13479
347
581
144
12131
10004
12474
1814
12618
13586
581
12819
1825
1825
12836
13351
13049
10069
12977
12896
13844
1825
3490
10097
1727
581
12635
12701
2470
482
10097
785
13897
1825
1825
1825
1825
1825
571
1825
1825
13400
1825
13380
304
12629
20
1262
12759
21
2470
143
1710
12724
13989
11858
2470
12605
12053
12757
13093
13379
374
1870
12452
2001
2470
12867
13496
10023
12512
304
304
304
304
304
304
304
304
13329
304
304
13379
304
12604
581
13302
1428
12561
13022
12744
12587
11858
12744
12988
12390
13347
482
13219
12757
143
13376
12668
13
12701
12021
13379
1825
1825
581
13405
957
1825
1825
1825
1825
1825
1825
1825
1825
10097
12053
94
13038
13025
12972
123
13226
2470
13314
13120
785
1061
785
581
12756
11844
13275
1825
1825
12902
1937
1825
1825
13405
393
1825
3192
2470
12757
13107
12683
1823
10097
1823
1823
1823
1823
12729
1937
1351
13474
785
3278
143
1428
2465
12864
13149
2470
13149
10011
1825
12629
12724
13435
11833
12604
1825
11849
11849
11849
13196
2465
1825
2465
2465
12951
13428
2465
1825
2465
1428
11833
1825
1825
13309
2041
13428
499
1825
12863
13352
1351
13967
12
13107
2064
168
12527
13190
10097
13883
12930
13435
9917
313
1825
12861
1287
13435
387
13
12390
2465
2465
2465
2465
2465
2465
2465
2465
13861
2465
2465
13022
1825
1825
12486
12605
12589
1825
1825
1825
1825
1825
1825
1825
1825
792
1490
13394
13992
13565
13351
13882
13025
499
13516
12988
12453
11844
12629
14094
13314
499
12724
479
9825
479
12467
479
499
13197
479
1825
123
785
785
13068
86
785
13022
12629
499
54
13013
13646
13376
259
1825
259
1293
1293
1293
1293
364
364
13351
13226
1293
1293
12757
364
11849
14070
11833
12534
2086
13577
9789
483
13347
9845
12775
13313
9997
10069
12445
2142
13405
1825
11833
11833
12744
11833
11833
12971
11833
11833
9789
11833
13190
12053
11904
785
12021
2118
144
12724
12724
12390
9796
13314
13380
989
9973
13068
989
989
989
989
13897
989
12802
13025
2123
2123
2123
2123
13428
989
338
12759
13238
2029
12390
13165
338
13058
44
13998
13989
338
12850
12597
304
12629
10097
12577
792
792
12988
13352
13532
792
792
13119
12577
792
1825
792
792
12512
12820
12021
30
304
13352
13347
411
10051
1503
12757
12618
2470
12602
12957
785
13115
12757
12512
13351
785
54
13353
12824
785
785
785
13351
13248
304
12513
13456
1825
1825
13473
13127
304
581
13190
12601
12618
3496
2282
2282
304
371
13351
13664
13664
1825
2282
2282
12724
582
13405
3192
12908
304
1825
304
304
581
581
581
304
304
581
304
304
304
304
304
581
581
13238
581
12759
581
13599
581
581
705
10008
3496
10009
2431
13479
581
12629
2431
2944
38
2431
2431
12629
13925
2431
13882
13223
13400
2064
10011
13149
13612
13428
12635
1490
86
86
13586
86
86
86
13206
13969
11916
143
1825
1247
12971
13882
1075
10097
13314
1823
13429
13350
12604
12635
13025
12498
13882
12498
12498
12498
12498
12498
12498
12724
2465
2465
2465
2465
2465
2465
2465
1825
1825
1825
1825
1825
1825
1825
3290
13
1825
13515
10023
13127
10097
1825
2431
13485
499
14051
13018
3583
13629
14022
12836
1825
1825
1825
1825
1825
1592
13314
13052
1825
12460
12701
13018
13428
9760
12724
581
12701
581
12390
3363
13942
12759
395
3363
961
3363
9843
3363
13289
1825
12460
13068
1825
1825
1825
1825
13190
1825
1825
1825
147
13314
12683
13896
581
2465
10097
12967
12902
2465
2465
2465
2465
2465
2465
9790
2465
474
11904
12629
13599
13379
9790
13577
14070
13347
12719
13998
147
13353
12278
174
3586
3586
3586
3586
3586
3586
3586
3586
3586
3586
12131
467
1075
2064
13664
2683
1870
10062
12705
10097
10032
12705
2465
2465
12644
13283
12802
2465
3271
2465
3271
2465
2465
2465
2123
13380
13093
2001
38
2021
13515
12796
1825
1825
13956
13213
2683
13471
1825
13329
14051
13452
13238
234
12460
13379
12053
1825
1825
1825
1825
1825
1825
1825
12724
1825
380
11858
14070
12604
13629
14033
12604
2465
13196
143
479
12841
2064
13314
12802
13974
10097
13969
12858
942
13435
12512
13265
11833
304
304
2064
13401
581
581
304
304
304
304
13629
304
304
304
13351
338
1825
11849
12824
12626
149
13992
13116
23
13314
13238
12775
12142
12390
13169
1825
1870
1247
13629
13914
13568
12445
13429
942
1825
1825
1825
1825
1825
1825
1825
13646
1825
1825
143
13405
143
8
1825
2029
13882
13379
12756
12759
11904
13664
13586
1825
13664
9760
13664
383
383
383
1825
383
383
383
24
3192
383
383
13190
13429
123
12879
12651
12602
1825
12651
1825
13882
12425
13997
2465
147
11833
12445
2683
13093
13347
1825
10032
12629
12629
13880
12757
12527
13169
2465
2465
2465
2465
2465
2465
12951
10011
10011
1825
304
9937
304
304
304
304
304
304
304
304
13316
364
13374
11858
13314
12757
12775
9769
1825
13629
12618
3583
474
474
13429
474
474
474
474
474
474
10032
12757
12618
13351
13393
785
12453
3347
12460
304
304
304
304
304
304
12460
304
304
304
467
12425
13238
12971
12933
9848
14051
12591
13532
1493
13190
11
581
12523
13897
12605
12453
3528
13219
12453
94
13428
12724
13429
446
12453
446
12453
13380
12453
2683
12635
94
12390
989
10097
13265
13093
13911
13599
12724
13855
13989
12445
94
304
12724
2029
44
304
94
143
143
143
304
143
94
143
143
9841
9843
94
143
143
304
12808
304
13329
147
304
12635
13861
13197
170
13429
12819
170
12850
13878
170
12390
13998
13084
12512
13882
499
499
499
499
3214
499
170
2878
3496
12796
220
12701
54
12053
220
13238
12021
13897
220
13405
817
12506
12896
10097
3214
10023
579
571
571
13973
571
571
1825
12605
12759
220
1825
989
13882
183
2336
2336
2336
2336
2336
2336
1825
13313
2336
1825
12486
12629
13471
12759
12513
989
9845
94
12863
1561
2878
1825
13142
12651
229
1825
1478
11
1825
1503
1825
13504
13942
1351
9769
12021
12604
12863
989
9825
13068
13031
10009
12863
9769
989
12021
12629
12629
12629
13997
2878
13084
785
2465
785
13452
785
1825
13013
1825
13405
1825
13041
1825
570
12935
14094
13351
1825
12677
499
12701
499
1825
499
12759
499
13067
13435
499
2465
12808
3528
13435
13882
13882
12757
13351
12951
13
3496
13
13
12683
13183
12225
499
13429
10097
13110
9825
304
304
304
304
304
304
304
304
12773
304
304
304
304
13586
304
304
304
13586
304
304
1478
581
1962
13590
1490
13238
12841
13261
609
13973
1490
1490
1490
1490
2431
12908
3281
12747
13062
13998
2336
13882
1351
12935
12988
483
11833
13401
1825
13347
12519
12390
3496
30
13116
12701
283
12721
13351
11904
12841
12629
1592
14096
10011
13532
13350
304
2878
3496
12587
581
1825
1825
1825
1825
1825
1825
1825
1825
1825
1825
13857
1825
304
143
1825
1825
603
13599
1825
13629
12896
13351
1825
11
13599
11
11
11
13989
12757
12757
2683
437
1825
10097
1427
13577
304
12604
259
3214
1825
220
3214
12498
13645
220
3214
374
374
1825
13930
13998
3214
1825
1825
12460
13646
12021
581
13120
12425
10062
12967
13352
12498
13068
13022
11877
2105
13599
14137
12605
12802
2683
2944
785
304
527
603
603
603
24
24
24
24
24
24
24
24
24
24
2470
12629
2465
2465
12849
2465
12629
12635
2465
2465
11849
2465
13914
12972
12701
2465
12802
2470
13152
13882
12425
2465
12757
1825
1825
1825
2465
603
1825
1825
1825
1825
1825
13149
13025
2470
95
95
12626
14070
14027
95
95
13515
95
95
95
95
12512
1247
304
304
304
1727
1727
1727
1727
1727
1727
499
12933
12644
150
2465
2465
2465
2465
13882
10007
2465
2465
2465
1825
21
13329
12719
10032
12724
13149
1825
603
12604
2683
1825
12577
12629
12791
13013
13496
13112
13997
54
13127
13997
13380
12705
13435
788
788
788
788
12602
788
788
788
788
788
1962
12731
13545
13882
11858
13347
13962
12626
12744
12618
12957
12841
12618
12724
12513
143
2118
13152
13998
14070
13116
144
1332
13329
1247
13400
13265
13265
13265
13265
10004
13265
13265
1825
1825
1825
1825
1351
13882
1825
1825
1351
1351
10011
1351
14140
13265
12724
12604
1247
13455
13479
466
13093
51
174
174
174
174
174
174
13022
1825
12390
14027
13314
9790
11904
362
13380
12841
12618
13110
183
12021
13041
13352
1825
1825
1825
1825
1825
304
1825
1825
1825
13219
1075
1075
13314
12747
581
1075
1075
1075
1075
1075
1075
1075
13429
2465
3496
581
3496
2465
12802
1834
10097
12791
2465
2118
11904
13473
2465
12453
581
13226
13351
2465
12820
12635
13238
38
581
2142
12701
2465
12902
2683
13143
14118
12850
13998
581
12757
12577
13073
2465
2465
2465
2465
13992
13998
2465
2465
2465
2465
2465
2465
2465
2465
304
304
304
304
304
304
304
304
13899
304
259
98
1816
13590
1816
1816
705
13629
86
1478
2282
13314
168
12841
12618
13
2282
2282
2282
13213
12724
12506
13261
13108
2465
2465
2465
2465
2465
2465
2465
1762
12626
3271
54
13612
1247
13275
3271
11849
30
54
13316
54
95
54
54
1825
1825
1825
1825
1825
1825
1825
1825
788
989
989
989
1825
1825
989
989
984
12635
95
12721
13405
13067
3271
13959
10097
13224
13206
2683
13645
13252
12635
1825
12664
10051
10097
12460
14136
12972
10097
11833
338
10097
13646
13401
12074
13444
12757
13116
13041
160
13352
13351
291
13220
13899
12701
9789
474
10097
12731
13022
13861
123
14118
10104
12775
13025
12625
13882
12512
2142
13351
2142
2142
2142
2142
13165
14022
13532
54
10011
12577
12791
54
14094
12759
12850
12759
13347
13329
13238
12635
24
24
24
13142
24
24
24
13190
2118
11849
13238
13041
9843
13351
13206
12625
13997
304
12849
10051
13352
10023
13586
3290
1825
12864
3214
51
12879
12074
12850
636
3583
1825
13586
1825
278
1592
1561
1561
1561
12577
51
661
12857
12602
13998
51
1561
1561
3583
1825
13084
12705
12363
957
13962
942
2282
13313
338
2944
482
12053
13149
13882
2282
581
13586
1478
13956
13143
338
13190
304
2683
579
12705
785
291
13521
14051
785
785
581
304
304
304
304
304
304
581
581
1953
581
304
304
581
13645
13351
2282
11844
12756
2282
2282
150
150
13435
150
12577
150
13220
150
150
1518
14140
12486
13989
13313
12724
12967
1336
581
13896
9843
581
581
14140
581
581
13380
581
13882
2470
2470
13993
10032
13093
12802
13882
13049
13998
12863
23
13664
13045
13435
2465
13405
338
13504
13058
12618
2465
2465
338
338
9848
1287
1825
1825
12802
13142
10023
13093
13351
13899
1393
13517
12796
10097
10097
942
2465
259
788
11904
12629
13213
9848
13857
13073
12744
12757
13444
446
2029
24
14001
3347
320
13058
320
3347
12908
3347
3347
3347
3347
3347
3347
12724
2465
12796
2029
13405
123
123
1825
1825
1825
12724
1825
1825
1825
1825
1825
1825
13380
338
2465
9760
13428
9845
364
12577
746
9769
2465
234
2465
2465
234
9790
234
234
234
636
2465
12724
2465
12604
12757
14076
9937
2129
2129
2129
2129
2129
2129
13351
12705
11833
10097
606
9825
9841
942
13998
11849
12715
14148
38
1137
12861
364
364
364
1825
364
785
13989
9841
347
347
347
347
12644
347
1825
12759
1825
1825
12021
10097
95
95
13133
1287
1287
12629
9963
24
24
13165
1592
12757
13104
13882
12243
14022
2944
12724
9796
12724
13165
581
10004
13401
12988
12841
13213
12512
13165
10011
10032
12759
304
12486
13479
13068
1428
436
12841
9790
436
13577
10032
13897
12131
13107
2683
12967
13261
13136
13983
12674
304
606
29
12629
13018
9825
13107
14148
1710
3363
14051
12757
13093
1710
94
13018
1351
9963
13911
1710
10011
13196
12757
10011
13629
14140
12674
13456
9789
12802
23
1336
14051
23
3496
234
13435
3347
12759
13265
13560
13998
13
13
13265
13265
13265
13084
13265
1825
1825
13452
1825
1825
1825
1825
9843
12074
14094
13599
234
12861
12363
1825
1825
13104
374
1825
12577
1247
12683
12486
12445
1825
1825
1247
1825
1825
12629
1825
1825
1825
1825
1937
13206
12512
13599
10069
12933
2470
13351
12867
13265
12775
12527
523
13068
1825
1825
12453
12629
9841
1825
1825
1825
1825
383
383
1825
12486
12618
961
12512
2465
10097
168
13314
13379
13883
785
147
11849
12131
11904
13401
785
13190
12618
1428
1351
1518
13997
581
13351
13998
483
13351
13633
13025
168
3496
785
13897
13664
1870
1218
151
2465
13664
2465
11849
2465
2465
1825
2465
2465
94
12724
12930
304
304
13479
304
304
304
304
304
304
304
304
13238
13238
581
13238
581
581
581
581
2470
14148
581
581
9997
13855
1825
12577
10011
13353
13590
989
989
44
989
1825
12445
782
9789
581
13220
2465
13025
13314
13275
10011
10087
13047
13351
650
13599
143
12498
304
304
12856
304
304
304
304
304
304
304
304
3273
3273
13068
13093
1825
12523
12577
3273
12635
13405
13238
650
1905
364
11849
9769
13896
13479
12867
13455
13022
14076
12757
2029
2029
1673
13
399
13586
713
713
713
13248
10097
10097
13347
13226
143
3192
12486
13429
14022
13329
143
143
143
13992
143
13882
12841
374
2118
9848
374
374
374
374
374
374
374
13428
12902
13428
12902
13120
13136
13429
13401
12445
13352
9825
13429
581
12957
12808
13127
9825
13374
9843
13093
12453
12561
13429
12486
13455
13219
13374
12933
13127
12604
409
13197
13108
13646
409
3271
11844
3271
12445
12445
150
13882
13073
13997
436
3271
13479
13998
10011
3271
10011
409
13107
1293
12635
13997
12779
338
2021
2021
14051
2021
2021
1287
2021
1287
2021
2021
2021
13861
13329
12849
12453
1825
12951
606
13190
499
12724
12513
499
499
499
376
499
13084
499
499
95
12629
479
9917
13059
1075
118
12021
12601
9917
1825
13989
13238
13429
2336
13022
11844
12635
13998
14094
12757
13379
13925
1393
13899
13018
581
581
581
10008
581
581
581
581
581
581
3587
13275
13068
9913
12651
13351
581
13882
3363
13314
12902
30
30
30
30
30
3347
13429
13990
13882
13013
13265
13084
13011
13504
13969
13479
3583
14086
650
650
259
581
259
259
13973
259
259
1287
12693
148
581
581
259
347
3496
13959
3496
12744
13142
12757
13073
9997
13142
9997
3496
12390
9994
12759
12841
364
2878
2878
2878
2878
13429
12602
13969
9825
1432
2878
2878
1393
10011
220
220
220
11904
347
364
13435
1825
9796
479
13351
12486
12467
13165
12757
2465
2465
2465
2465
2465
2465
2465
636
9796
2465
2465
2944
3347
1825
746
3347
3347
3347
3347
1825
12243
9843
3347
3347
220
1825
12587
479
1825
10011
2683
1825
1825
1825
1825
1825
12453
1825
12629
374
1825
1825
1825
2465
2465
13646
12724
12806
1816
2465
2465
2465
2465
2465
2465
12967
13022
1287
1287
1287
1287
9843
9845
1825
1825
1825
1825
1825
1825
1825
1825
1825
1825
669
3214
3214
3214
30
3214
3214
13599
3214
3214
3214
338
10011
1818
13190
12908
13479
13516
581
13275
13516
12512
2118
367
367
12701
13629
1816
12512
1825
1825
1825
1825
12425
1825
1825
1825
1825
1825
1825
1825
1825
1825
12644
13897
12806
12644
13997
9862
12021
14051
13990
13429
13930
12629
13435
13880
581
10097
12629
304
304
304
2470
304
1427
304
304
13517
2470
2470
304
13265
13855
13265
13855
13855
13265
13855
12512
13855
13649
12021
9994
220
12390
13590
12604
12604
13351
12629
364
12841
13099
13479
226
12841
3583
12775
12053
12701
1870
13265
13973
13313
13347
13329
13646
12701
12021
13252
2465
2465
2465
2465
437
2465
2465
2465
10004
14050
13882
10009
11904
12757
13048
13998
13428
320
2127
9997
13238
13599
13435
14096
13882
12512
14070
2465
13083
1825
1825
1825
1825
13452
1825
1825
10011
86
1825
1825
2465
13083
143
2465
1825
1825
1825
1825
1825
1825
1825
1825
1825
1825
1825
1825
12759
10009
1825
1825
1825
1825
1825
1825
1825
1825
1825
12957
11858
11904
12601
13093
13969
12445
12934
12512
2118
1247
259
8
2470
1247
1247
13998
1247
1247
13314
13314
12802
95
13165
13444
364
12618
13629
11904
636
13586
12784
479
13646
12241
12629
479
14050
1905
1905
12604
383
3496
3496
1905
3496
3496
12747
3496
13038
13989
12757
13545
12849
10009
13213
12802
13880
13435
785
1518
12605
3347
3347
3347
13882
12908
13456
782
3528
3528
3528
1478
3528
10104
12577
785
13313
3528
13896
13219
12775
13351
579
304
304
304
304
12425
304
304
304
581
581
304
51
746
581
581
13883
304
2282
304
304
304
10008
304
304
304
304
13911
13989
13517
14137
12629
13405
13998
1218
3583
374
12486
12629
13930
12629
13347
2465
2465
2465
2465
12701
2465
2465
12618
10011
2465
2465
12935
138
138
138
138
138
138
138
13347
957
13612
2041
13351
13213
376
376
376
9841
581
13108
12902
636
12664
13048
13645
9862
13997
9825
13238
1825
291
12701
12021
94
12626
12021
12021
94
1332
143
304
143
13084
143
143
10008
304
13
13258
11824
143
304
2118
13048
12757
304
2123
304
12757
2431
12757
304
10032
2683
11824
14076
304
13314
13314
13084
304
13314
13143
2465
2465
2465
2465
2465
2465
2465
2465
2465
13165
2465
13973
13956
12705
3214
12802
13058
13112
220
13048
581
1825
1551
12683
13313
12759
12453
581
13353
2029
13093
12635
3586
3586
3586
3586
3586
3586
3586
3586
12701
11824
12836
220
3586
3586
12618
12724
13316
446
12722
12864
12724
13455
3278
12724
13238
2465
12604
9769
11849
13238
220
12513
12935
11849
9779
2944
54
10097
94
9997
13351
1825
523
12644
13107
94
1825
94
1825
94
94
12759
12988
12629
2944
13515
13093
13099
446
338
12635
2944
1727
1727
13073
989
1905
2944
1727
1727
1727
1727
1727
1727
1727
1727
1825
11904
13313
13329
12933
1825
1825
1825
1825
1825
1825
1825
11833
989
13479
51
51
51
51
160
2465
12644
12618
13878
12784
51
51
12586
14027
94
13206
94
94
12604
94
94
9790
94
467
581
582
304
2465
13568
12605
2465
12577
12988
2465
1825
2465
9825
581
581
961
2465
2465
13314
581
12618
13353
581
570
817
13477
13586
2465
14027
11877
2465
12577
9796
9789
12951
259
13036
2142
12021
9825
2336
13429
2944
54
2944
364
2944
13116
2944
2944
2944
13093
11833
13206
338
338
338
11849
54
259
10087
2336
13577
467
12977
12757
482
371
54
12757
9790
12784
13586
10097
10097
13664
13882
12775
13038
13351
479
479
479
12142
479
479
479
13452
13401
2502
54
12453
2336
13516
13380
13197
13143
482
12908
1490
1490
3496
12724
13882
1490
1490
746
1490
1490
1490
1490
12757
11833
11904
12498
13896
12512
12902
2465
13206
1287
2465
2465
2465
13206
2465
2465
2465
13629
13969
13149
12
13882
3496
21
13351
21
21
12635
21
12053
21
21
14027
1825
12722
13025
595
1825
1825
1825
1825
1825
1825
1825
1825
3496
12701
12836
11858
12988
2465
2465
2465
2465
2465
2465
2465
2465
2001
2465
2465
13084
343
12849
12225
13143
13108
10011
12618
13633
13515
889
1768
12784
12794
13313
13018
13882
3214
12618
9805
12757
1061
3214
3214
3214
3214
3214
3214
3214
3214
13136
13405
636
13136
12629
13882
13479
1816
12278
11
13516
12724
785
785
785
526
526
526
526
13152
44
13350
13226
1825
1825
1825
1825
1825
1825
1825
12512
14070
12775
13226
11833
13645
12635
14148
143
12757
12425
143
143
12390
143
143
12858
150
13059
14064
2465
2029
13882
13998
13956
94
94
94
3496
785
1155
9841
13998
499
12601
12602
499
3583
3583
3583
3583
3583
3583
13351
13435
1870
9796
1870
12841
12808
1825
12955
13577
2142
12802
12757
13336
13429
13031
2683
9848
12467
13022
13629
474
474
474
474
474
474
13347
13882
12744
13586
1825
1825
1825
1825
1825
1825
12601
1825
1825
13882
12021
12779
13405
13974
343
13084
9825
12626
13997
13969
12721
1825
669
669
669
669
12577
12618
669
1247
12445
12902
13435
86
86
13031
11833
13238
12934
12390
13352
12972
13479
383
383
383
12957
347
13405
13314
1825
1247
138
138
13435
138
138
9790
1247
1247
138
138
1247
10097
1247
1247
2282
2282
2282
2282
2282
2282
2282
2282
13351
2282
2282
13031
13068
181
12791
12988
13899
338
499
338
13213
581
338
338
338
13882
13896
338
2465
12933
14148
2465
11849
2142
13107
12701
14084
581
13452
499
2465
23
12933
705
12486
12683
338
338
338
2465
338
12796
482
23
14148
13880
13252
3192
1825
12791
13351
13544
12683
9843
13314
12824
13517
12635
13041
1518
13883
13664
13283
13577
12629
2064
13956
12724
13238
746
746
746
746
13238
746
746
746
304
304
13896
304
304
304
304
304
13897
304
304
1287
1673
13532
13405
12841
13645
1673
12668
2465
2465
51
51
2465
10004
2465
2465
2465
12618
2465
2465
12957
13073
13401
9841
183
1503
183
183
183
183
183
183
13347
3496
12757
13347
10097
889
3496
3496
95
3496
3496
3496
3496
13329
13429
12577
13897
12651
23
14076
347
13456
1825
1825
1825
1825
1825
1825
12629
1825
1825
13038
12757
12757
12757
13206
13429
12021
12802
12629
24
3192
13
12802
54
13883
13099
12390
12900
13038
259
2470
54
13038
467
54
14086
1427
437
259
54
13646
13405
1900
3192
1427
10008
12775
13127
2129
374
21
12967
12988
12591
12521
13374
965
965
965
12957
965
965
965
12445
12724
13429
12864
12724
12759
10097
13313
12635
364
12850
3586
3586
364
364
12053
364
3586
3586
3586
3586
3586
3586
3586
3586
1518
12506
13435
13646
12849
1825
785
785
12445
785
2282
2282
2282
2282
2282
2282
13302
51
12757
51
51
51
51
51
51
2336
1825
12445
2336
2336
2336
2336
12957
3273
3273
3273
1825
13352
3273
12779
13136
12724
13110
3363
13099
3363
9841
3363
13878
13352
9913
13435
13258
3363
1825
1825
1825
1825
1825
1825
1825
1825
1825
1825
160
12759
12629
13899
12867
160
160
160
160
160
12683
160
160
380
54
54
13515
12757
12486
12618
13314
13127
13855
3496
13143
12729
13165
12629
13136
12629
13143
12629
13496
13896
581
12757
12724
12724
13313
9825
304
505
304
304
304
304
304
304
581
581
581
581
13165
304
304
2142
13022
12586
12618
12074
12577
12074
94
2142
10032
3192
338
12863
12618
13429
12701
12858
13351
12902
338
2465
2465
13025
581
581
581
474
581
581
581
581
581
581
2683
482
13532
30
94
13238
10069
376
13664
11849
11849
11849
11849
482
2465
13107
13405
482
54
54
1870
54
259
3347
13374
12856
143
54
12722
11833
961
11833
11833
11833
11833
961
961
12317
482
961
961
961
13997
1870
2225
1825
1825
1825
1825
1825
1825
1825
1825
1825
13586
9841
2465
10104
13073
12577
10032
1820
12486
2465
2465
13073
2465
10011
2465
2465
2465
10011
2465
10032
14094
13969
13973
12618
174
13352
13224
12512
12629
2683
145
2465
145
145
145
145
145
13646
9769
10097
145
145
13190
12701
603
9973
12701
12445
1673
13515
2465
2465
2465
2465
2465
13
2465
2465
1287
2502
11833
2465
1816
12498
9796
9825
12796
13313
12794
12618
371
13989
12757
160
474
474
13190
2465
1823
1820
1820
2431
1820
1820
1820
1820
1820
1820
1247
499
13861
12561
713
12693
9789
2465
12604
11824
1825
1825
1825
1825
10032
13896
12629
1825
606
606
1825
13206
12724
606
606
606
10008
2282
2282
2282
2282
2282
2282
13997
1518
150
13967
1518
13133
1287
2465
12972
499
12967
367
13967
661
13036
1287
2465
94
12767
94
94
1727
13646
1825
13093
94
13998
13504
14084
1351
13224
13351
13911
3583
3583
3583
3583
3583
3583
581
3583
3583
3583
499
499
12724
13504
13997
12629
12512
13969
13897
13882
581
12644
28
13226
299
499
13351
3281
889
183
13025
12759
13515
11844
785
12863
9843
13031
581
13515
338
13084
13224
13120
12757
13956
13025
12896
12802
150
12527
10097
14033
13882
1503
11858
942
12589
12731
12856
942
13452
12841
595
984
13405
13351
12705
13120
1332
1332
1332
1332
1332
1332
1332
1332
1492
9790
13196
1332
1332
788
391
391
391
13998
391
391
391
523
523
523
523
391
391
523
523
13352
13599
13599
12721
13099
788
12951
788
1825
1427
1427
1427
12775
12857
11858
2107
11877
12841
1762
14022
13351
387
12629
12577
143
13989
13351
13993
1428
12867
13073
9913
12425
13238
13238
12972
13238
13238
13238
13238
1428
13238
13238
13238
9841
12597
13238
13238
13238
13238
13238
13238
1816
13302
2064
499
9963
13314
13969
12635
11858
2107
3528
13226
12701
143
383
383
383
13882
13261
13127
12586
2465
2470
13969
13496
13067
2029
12
11904
13496
13998
13897
12724
12577
304
304
2465
581
304
304
304
304
304
1825
304
304
12618
13143
499
13350
13428
13882
13532
376
13206
12523
51
51
51
13351
1825
1561
1825
1825
1825
1825
1825
1825
1825
1825
1428
1428
1428
12618
1428
13599
1428
1428
581
13170
1428
13226
9963
12796
13093
12933
13882
374
12629
1825
2118
1825
1825
2118
2118
2118
12629
2118
2118
12527
1825
9789
1825
12597
229
13058
2225
12453
13973
14094
1825
13352
3347
3347
3347
3347
12602
3347
148
817
12629
12390
10097
1690
2118
12629
2470
13956
2470
2225
12988
12618
2225
12967
13206
1551
12757
2984
2984
12757
1825
2001
2001
13352
2001
2001
13998
12724
367
10097
12824
13190
9862
13031
13133
3586
3586
3586
3586
3586
3586
3586
8
1427
13515
12802
785
785
785
12626
13226
785
2465
1287
12577
785
785
13577
12512
13379
12053
13351
446
13586
3273
3273
3192
10032
12605
94
94
94
2465
94
13633
3273
3273
51
51
51
51
12731
12933
13878
12429
12604
11
2465
467
785
12604
13998
143
785
1825
785
785
785
13882
785
229
570
570
570
570
570
1825
570
570
570
570
499
12677
1825
1825
12635
957
2336
2336
2336
2336
2336
2336
2336
13646
364
2336
2336
13083
2465
13352
13351
12724
13059
13045
138
1503
12841
13444
12902
12724
1336
13036
12701
13456
13347
367
1825
13496
2336
1825
2683
2336
13347
13313
581
13127
13897
12784
1573
1825
1825
1825
1825
1825
9825
1825
1825
1825
1825
13143
1075
13196
1573
1075
12724
1690
12683
13238
581
54
12635
581
12629
13586
13452
12820
13352
13238
13120
13022
13479
160
13011
11844
13998
13473
13018
283
51
1592
1825
51
51
51
1592
1592
51
51
12747
13569
12486
13394
13969
364
12806
259
12629
13068
788
12759
10008
10011
10011
1825
13352
12453
13314
13314
10097
12757
13219
12759
12722
1825
2465
2465
2465
2465
2465
2465
144
746
12527
13477
9825
12850
581
12858
595
595
595
595
10097
595
595
595
145
145
595
595
1475
12053
147
147
147
13314
1673
147
12721
12858
13
3281
13127
2465
2465
143
2683
2465
13238
2465
2465
2465
2465
2465
2465
338
12850
3490
12806
3490
2123
304
304
304
304
304
304
304
304
12757
304
2336
12604
226
1478
12722
13532
1478
13997
1247
13405
13405
11904
12841
13973
13093
338
523
523
523
523
523
12857
523
523
10011
338
1823
2431
9841
1825
13112
2683
523
523
523
523
523
523
523
523
523
523
12744
12744
2282
2282
2282
2282
2282
13313
2282
2282
143
143
9862
30
30
12705
13896
13351
13104
957
291
14096
14064
10008
10011
12512
10008
2129
2129
2129
2129
2129
2129
2129
2129
1825
782
782
782
13586
782
782
12629
13914
387
13959
2064
13959
13190
13220
3583
3583
3583
13190
482
482
482
482
482
482
482
482
13857
13136
13289
12724
661
13959
13068
13127
12577
13127
12824
12635
11833
10032
13
13
13
13
12635
1825
12808
1825
12759
1825
1825
1825
1825
1825
1825
1825
581
2465
2465
12850
12701
12988
2465
13379
21
1503
12933
467
2465
12512
13351
2465
10097
3583
499
13599
2336
12808
13190
13599
2465
13190
2029
13586
13989
2029
13882
12604
2064
13018
391
12724
391
391
2123
170
12021
1247
1247
1247
12808
1247
1247
1247
1247
13351
12775
1247
1247
581
581
581
13314
581
581
581
12
654
581
9917
581
581
2064
650
12512
13599
11858
785
149
9760
12784
13474
12896
13456
13911
782
782
782
782
12053
13997
13136
12724
13351
13351
12757
13170
13351
2064
13351
13351
13351
13351
13969
13347
654
12629
785
581
160
581
2107
13314
2123
785
12779
13314
13586
13336
10032
2465
2086
9825
13479
13351
13099
13352
10087
24
2465
12701
9779
13197
13196
1075
1825
1534
12796
320
21
21
14033
13435
3347
12390
229
13238
3583
23
23
13169
12635
12757
10097
3347
12618
10011
380
380
13456
380
380
380
143
12618
143
143
143
143
143
13314
581
13989
817
9825
12604
817
291
94
13429
1825
1825
14137
9841
1825
1825
1825
1825
13645
12629
1825
2118
2118
12908
12629
2118
2118
2118
2470
376
13444
2118
10023
12724
13058
12724
13429
304
2465
2465
2465
2465
2465
304
2465
2465
13401
304
13405
10097
304
12677
13429
12626
13047
304
13989
581
13989
304
13224
304
2502
304
14118
12629
13223
788
13120
788
788
788
788
10008
482
12900
581
13197
13646
2086
12486
12523
13401
10097
13969
13393
12587
10097
12972
12683
581
13070
3347
3347
3347
3347
3347
3347
3347
3347
3347
3347
13990
790
12512
2118
1825
13633
14070
9848
12021
12683
12635
1561
1561
1561
1561
123
785
785
785
13516
785
13238
13183
12759
11849
123
259
1825
12021
13084
123
94
13405
94
94
94
11849
94
94
12626
12577
94
1825
1834
12453
13989
11849
785
13967
12131
1825
12759
11849
11849
1834
1834
11849
13428
12957
11849
12902
1834
1834
1834
1834
1834
13428
1834
570
570
570
570
570
570
570
570
2470
2470
304
304
570
304
3347
12527
2336
474
12644
2336
474
2336
2336
2336
2336
2336
12618
13857
12618
12445
12701
886
13119
13238
13646
1690
13314
12757
13223
9790
234
12604
12977
2465
12759
12705
2470
13011
9937
2944
1727
234
12705
1592
792
12618
3347
2105
234
12635
13351
12635
11844
12053
746
1825
1825
1825
1825
12605
1825
1825
234
13998
570
2105
13474
1825
1825
1592
13429
13992
2465
12802
225
13882
12757
2336
12604
12629
13435
13429
9913
817
13474
13031
13058
13897
13314
788
12850
225
705
13258
9769
13220
1428
12453
581
483
483
347
12824
9841
1825
1825
1592
1592
1825
1825
1825
1825
1592
1592
1592
1820
1592
1592
1820
1825
12802
13629
10069
12519
13352
13857
942
12724
467
1287
13400
788
14064
12759
581
1573
14137
13456
10097
12629
788
225
581
2107
2465
13108
788
3347
13347
13022
12849
10032
12577
10097
2029
2465
2465
12724
13073
2465
2465
2465
2465
2465
2465
2465
12724
13018
9913
13136
12757
11849
581
13116
13265
259
12759
581
581
581
12902
13314
581
581
581
13351
367
13477
499
14051
9789
13405
13
581
12629
304
9848
12629
3192
12757
2118
3192
13599
13038
3192
12626
3192
1825
1825
220
12512
942
304
304
304
304
304
304
304
304
13143
13882
13165
12577
13133
13352
10009
13183
10032
225
12629
12629
12806
13633
12021
1823
12629
13861
12731
12757
13143
13882
10097
12693
13435
9848
3192
12629
12824
2001
13283
1287
12757
817
13093
13104
13989
143
143
143
143
143
143
143
143
12601
2683
13261
10097
2683
13880
14076
13084
12802
1825
13974
13313
11904
669
3192
12724
1825
143
482
482
482
160
482
482
54
54
54
143
54
2470
12605
499
1908
14050
54
606
606
989
13599
1427
12021
183
581
12629
12629
12506
409
12523
1427
12896
12715
12425
1503
13577
1825
13265
886
10097
3347
1427
13219
1825
10032
581
14033
44
44
44
44
44
44
44
44
12512
989
2336
11858
12629
13093
11858
364
364
13479
13882
13962
12629
12863
9913
2150
12618
1503
13237
1825
12635
2102
12486
3271
3271
12513
1825
3271
3271
3271
3271
3271
3271
3271
3271
13998
1825
1825
13569
14027
234
1825
13314
12896
374
143
13599
9862
609
98
98
13405
14070
650
13093
98
98
98
13962
581
581
13380
14148
581
581
3347
2465
172
581
581
3290
11904
12486
13471
95
11904
13036
13380
12724
12808
13162
12724
544
2465
636
2465
363
13586
13882
746
12486
13983
13275
304
304
12724
304
304
304
304
304
304
304
304
30
30
30
30
30
30
30
30
12794
13116
581
2123
13645
13925
13969
989
138
138
138
138
138
10097
138
650
11904
1825
12021
1825
2123
12701
1825
13479
13116
1825
13452
10007
12074
1825
12626
143
1825
12618
12
10087
13224
2123
12534
609
1673
13073
526
12629
13882
1825
1825
12824
13599
1825
1825
1825
1825
1825
1825
1825
1825
12759
13351
2123
13516
13169
13351
12445
13025
13165
12951
13093
13973
10011
13973
12967
13107
86
86
123
123
2123
123
123
123
86
123
86
86
13469
86
86
12587
13152
13220
12724
1825
1825
1825
1825
13380
13479
12629
3587
3587
3587
3587
3587
3587
3587
3587
2465
2465
2465
13959
10051
2465
2465
2465
2465
2465
2465
2465
2465
13022
14064
12683
409
1765
13350
13880
482
54
13041
10097
13989
150
13162
581
13629
581
12629
12629
1287
13
13380
1287
374
12820
13136
13400
12602
1561
13515
483
13861
13265
817
12972
817
817
51
51
51
12715
54
10097
12935
13031
1825
1825
1825
1825
12629
1825
1825
1825
12729
1365
1825
1825
499
1365
12757
13855
28
409
12802
12705
12021
13226
12701
2001
13329
13220
13220
1825
13855
12900
13170
1825
1825
12861
467
13401
13110
12629
12724
12759
13993
14070
12759
746
13336
1825
13350
13265
139
30
297
12779
12879
12053
13633
94
226
1820
2470
1825
1820
9769
9805
2984
2984
13925
13352
2984
2984
2984
2984
2984
2984
2984
2984
30
30
30
30
1816
1816
12074
1816
1816
1816
1816
1816
1816
1816
1825
1287
12935
10069
1818
13275
482
1727
1727
1727
12863
399
1727
1727
1825
151
570
9789
2001
13998
12972
12701
12587
12453
13646
13252
376
13452
12577
1825
9997
9789
13329
581
482
12841
9848
1825
1825
1825
1825
1825
1825
1825
1825
1825
1825
13429
11858
12683
374
13068
374
374
374
374
374
374
374
374
13213
13599
483
12957
788
788
788
13428
788
788
12453
3281
792
376
13336
12724
9760
3281
3281
3281
13956
12453
13474
1825
170
2470
13997
12512
12601
13025
13025
13352
12486
1825
1825
10097
13896
1825
13302
1825
1825
11
1825
1825
2465
1690
13914
13314
304
13479
474
474
12519
13183
13989
13379
14070
1825
13059
13586
9845
2683
746
338
12856
13351
12724
746
746
13351
13989
609
12724
143
11833
13352
14051
13474
12930
1825
304
12498
12498
12498
304
12498
13586
304
889
12705
304
304
12779
12841
338
12512
13107
13025
143
785
13997
1561
13959
51
581
12933
1561
12445
220
12933
13190
12757
13073
1573
13517
1573
581
2029
13376
9917
13577
12930
9769
12850
13011
11904
304
304
304
304
304
304
304
304
304
304
3490
13107
3490
3490
581
13107
371
371
371
371
371
371
371
371
13857
12731
13110
371
367
2465
2465
2465
12618
2465
2465
2465
581
13380
2465
13568
1937
13022
1061
482
12857
13599
581
13474
581
13429
143
143
143
12701
12519
581
13998
143
143
13633
11904
2465
12618
12757
12618
2683
13107
13455
3363
1518
12278
13314
13479
12808
13405
13
1518
11858
13517
12988
38
12972
12453
376
364
1518
12683
302
14064
12425
13545
13401
12757
12724
581
159
159
159
159
159
159
159
12445
12759
374
1825
220
1825
12589
1825
143
12683
12602
13220
13127
12486
14148
13428
2470
2470
2470
13967
2470
2470
2470
2470
13380
12724
367
367
12445
1708
1708
1708
1708
1708
1708
1708
13238
12577
13882
12988
2961
12721
13030
12021
1336
13136
13058
13374
581
581
12635
13435
12849
12802
12896
10008
13380
12908
13435
12
581
12850
581
785
2336
2336
2336
14051
12701
3363
12759
1592
13107
12644
12602
606
9790
13314
409
12629
1937
12858
13265
1937
13347
13265
12664
8
13313
8
8
12896
13238
8
13351
13238
13646
13238
13238
13238
86
86
13969
86
375
13265
581
86
581
581
86
86
12715
13473
13380
581
12972
13969
1937
225
12053
13220
13119
10007
746
746
9841
1825
13352
12021
13405
13496
12647
2470
1332
13444
1332
1332
1825
9973
13897
13405
12930
10011
123
376
376
12744
376
376
376
12587
51
376
13959
1825
2470
13093
1825
2470
12794
13599
13347
13882
12701
13568
13314
1825
1825
2107
2107
10007
13169
1825
1825
1825
1825
12705
1825
1825
2944
2944
367
2944
2944
13116
2470
2944
2944
499
13861
9790
11858
1825
12604
12802
11849
13149
145
367
13435
12824
11904
581
13882
13169
12577
13882
3587
3587
13962
9789
13997
1825
13897
12724
12390
13283
86
86
86
86
86
86
2129
86
86
13261
10011
12841
13973
9760
1825
12577
1247
10011
374
13973
13973
13973
13973
10011
13973
1825
12724
12791
2118
11858
1569
2118
13998
2118
12390
13314
2465
2465
2465
12453
2465
2465
2465
2465
2465
2465
14064
12731
2102
12824
13070
13059
13313
10069
304
13469
1615
304
12701
12390
374
374
13149
374
374
374
374
606
12629
374
13569
13429
12759
10097
13190
13314
13516
1825
13314
570
1825
12902
21
817
51
51
51
51
51
51
1825
1825
1825
12523
1825
1825
1825
1825
1825
1825
1825
13959
13532
13052
13149
12467
817
12683
1825
12900
13329
1825
13429
13352
11915
13405
13401
1727
1727
1727
1727
1727
1727
1727
1727
13997
13515
1727
1727
13577
13882
10097
1825
10011
12820
12757
12977
13435
1825
13969
9963
12604
12604
12618
11849
38
661
12074
143
11858
11
2683
2118
13586
2470
12988
13882
12902
13401
13456
12791
12683
13504
12856
12053
12618
13265
12074
1592
1825
1825
1825
1825
1825
12863
1825
1825
13220
1727
12674
1727
1825
1727
1727
13429
13347
151
13030
1351
1351
151
151
1351
1351
13190
1351
1825
338
1351
3290
570
570
570
570
570
570
570
304
12759
570
581
2470
3299
3299
3299
12701
581
419
419
419
12635
12453
234
13093
9843
1825
12074
12021
374
2029
13314
12701
374
383
13314
10008
13405
13136
3528
12602
3528
10097
3528
3528
14070
3528
3528
3528
12604
1825
12618
13351
13452
12604
669
669
669
669
570
2470
10097
94
669
12021
12759
14033
10011
12635
13967
13314
13393
12577
143
13025
2470
13962
12577
13974
581
13380
12715
364
1534
12757
1534
1534
1534
1534
1534
1534
9993
11
11
12759
1361
11
13058
11
11
11
11
746
746
746
746
746
347
13959
746
13142
12519
297
1825
2470
12724
143
2105
12724
13136
304
304
13351
13405
13351
13351
13107
304
304
304
304
12498
13206
304
304
304
304
304
304
304
304
304
304
338
13857
338
13314
304
304
338
229
3528
12601
12601
1612
12836
13351
1503
1518
12512
13165
12445
14050
13265
12618
13882
12722
10097
12967
12390
13599
3528
3528
13376
391
13435
13261
12241
9917
10032
13400
12523
13314
499
13073
391
10011
1823
12629
51
9862
650
499
12779
12802
12721
138
150
51
12453
95
95
51
95
95
95
95
95
95
95
95
12908
13646
51
2142
2142
13444
2878
965
965
2142
2142
2878
499
1351
1351
374
10097
13067
1351
1351
51
1351
1351
1351
13998
12722
13162
10032
2878
13973
581
225
12506
13104
2878
1332
12731
225
474
2878
13428
13350
225
13429
11849
12779
225
11858
12664
10032
1825
1825
581
1247
13073
1825
1825
1825
1825
1825
1825
1825
1825
12512
12629
12618
453
13149
2470
12053
581
2470
2470
12635
2470
12759
12858
168
2470
2470
1825
2465
12618
13882
12902
13350
367
13930
13882
3528
13093
13025
13998
13646
2465
13998
12053
12561
12021
2465
14022
13099
143
10008
380
380
380
380
380
11
10104
3586
3586
1365
1592
2984
2984
13969
2984
2984
2984
1251
2984
3271
14118
12644
3271
3271
3271
3271
13030
12605
12605
13107
12498
12486
11858
13329
13206
10032
13351
1825
220
12759
12053
376
3496
9994
12629
13352
10032
12802
12587
12486
784
380
13
9789
784
581
13265
581
581
581
581
581
581
14033
172
13352
784
581
2225
138
581
581
11844
9917
13379
3496
713
713
713
713
713
713
713
9790
13517
226
713
581
1962
13997
12701
13444
2118
13351
13329
13314
13969
581
581
1825
581
581
581
581
581
581
581
13479
10008
302
12498
12577
13041
9790
12577
785
1825
3496
12629
12618
13190
14064
13351
13456
13165
183
183
1825
1825
183
1825
183
183
1825
2465
13855
183
12618
12836
13265
3347
2465
13560
12577
1825
1825
13062
1825
3347
1825
1825
1825
1825
1825
2465
1825
1825
3587
1351
3587
3587
3587
3587
3587
13379
12632
12759
3587
3587
965
965
965
965
965
965
965
965
13336
13973
12724
13479
13084
304
12683
12757
12802
14094
746
746
746
746
746
746
746
746
11
1825
1825
1825
1825
1825
746
746
785
304
12863
12757
12757
13196
304
13983
989
11858
14137
2465
2465
10011
2465
2465
2465
2465
12849
13347
10069
13429
2465
2465
12757
10011
12390
13477
581
12651
12858
581
12618
12618
581
13633
785
13073
13314
483
12757
1825
2470
581
581
13973
12534
13213
11844
304
13405
12802
12074
13314
304
13351
12626
12724
145
13599
581
1825
13350
12629
1825
1825
1825
12425
1825
1825
1825
13052
12808
94
94
13047
785
94
13206
94
807
94
94
12705
12757
13974
13352
13429
13275
13925
13844
13429
12677
9843
11849
2102
13379
13405
12635
12863
551
13586
13165
12841
9917
12841
10011
10032
12779
13084
9825
2470
12729
304
13435
581
143
13429
12053
13882
159
1287
13974
1825
12074
13351
13599
12021
13379
1825
12934
12577
11844
581
9944
12744
1825
13577
30
371
2470
13974
12390
482
12604
13956
785
669
13107
54
12775
10008
12934
13428
1834
12759
12021
12719
581
1351
1351
12747
2470
2470
12724
2470
1825
13998
2470
10008
1825
570
13206
1825
1825
1825
1825
1825
12683
13586
12724
12604
606
12759
13018
12644
12644
13068
12074
12759
581
13496
1351
1351
1351
1351
1351
1351
12863
1351
13136
12604
1351
1351
12618
13496
2336
1336
12957
12445
998
998
942
998
1503
13031
13265
13048
13302
13646
12683
13983
10104
2118
13882
13882
13452
13452
13429
13030
14064
12951
12142
14064
9796
12930
12820
12721
12715
170
13084
12693
13379
12618
746
746
746
746
746
746
746
746
364
12757
13857
364
364
746
746
3587
13997
3587
3587
12908
12527
581
12724
3587
304
304
304
304
304
304
304
304
304
304
304
304
13496
304
13206
13496
12498
12453
942
304
1825
304
304
304
10011
304
12498
12425
942
1573
13997
13861
371
12618
10097
581
10097
10011
2683
1592
12363
2683
13882
3192
1834
12683
13116
1518
13496
12930
1518
1518
12527
1518
13351
10011
12591
13170
479
13165
13599
13238
12629
13107
10097
13018
10097
51
13532
51
51
51
51
13477
51
51
1825
1825
1825
1825
1825
1825
1825
1825
54
1825
13400
12933
13983
13142
95
13073
95
10004
95
95
95
788
11858
2470
12605
12724
95
95
10008
143
456
13347
13351
12683
12841
13149
10097
3281
12629
13067
2142
13213
10032
1937
12722
9973
13265
13456
143
482
13120
499
13197
12701
374
12841
12587
10097
13351
12757
13314
12967
24
13997
12589
143
149
12759
1428
12757
12719
172
14027
13143
13351
10097
13226
13633
12021
12705
13352
12074
13599
12618
12902
1428
2470
12635
10008
2470
2470
12773
13265
1710
12602
12802
581
12759
581
12445
13351
3273
3273
3273
3273
13206
1825
1825
1825
1825
2118
12635
2118
220
2118
12635
2118
12651
2118
2118
13882
2118
12561
2118
2118
13022
86
12802
144
94
8
2984
2984
2984
2984
2984
2984
2984
3271
3271
570
3271
3271
3271
3271
3271
3271
3271
3271
11858
1825
12719
13664
12131
9825
1287
13998
143
13347
13429
12724
13504
13347
12867
1825
13093
13577
13351
12867
12957
13380
13265
12791
581
95
374
961
961
13586
961
961
13351
581
581
581
581
581
13997
581
12775
479
304
12523
2470
1332
1332
13162
1075
1075
13664
12604
11844
746
1247
13897
581
12074
1710
581
1900
12604
12512
581
2142
13435
12390
12618
12521
12521
13350
2107
51
581
788
14064
13532
12604
220
499
168
13897
13989
12453
12587
12390
474
474
13992
54
13110
14033
12498
12498
12498
12629
2105
12498
12498
13058
1825
1825
1825
183
1825
1825
1825
304
13969
13025
13969
13238
1825
53
12757
9845
13018
12390
1779
10011
2225
13352
1825
1825
1825
1825
1825
1825
1825
13646
1825
1825
2502
2502
2502
2502
2502
2502
2502
13376
2225
12802
13352
13068
13405
12951
13882
13882
12445
1573
2041
13165
13011
889
10011
788
145
13038
12988
2001
1825
12934
13313
13351
9848
13882
12486
9848
1492
13974
13545
144
13183
1710
10032
3281
2465
2465
2465
2465
788
2465
2465
2465
2465
2465
2465
2465
2465
13316
942
669
13093
12512
788
499
13989
10097
1825
13133
9993
13629
13456
12445
13435
12957
2029
12453
12719
13220
12757
13516
12933
13350
2282
2282
11833
2282
12626
12618
12836
9843
1825
1825
1825
1825
1825
1825
1825
1825
13521
1825
13400
2029
2041
13252
1825
2041
371
371
371
12820
13429
371
371
14051
12902
13586
13110
3490
12791
12602
13401
10011
304
304
1710
1710
12759
1825
12074
13998
304
304
304
304
304
304
3347
12629
1287
1820
3347
13883
3347
3347
1393
1393
3347
3347
12506
14049
12506
1825
13067
12629
229
1825
12618
12618
12618
1825
785
14049
2470
1825
419
10069
14084
9848
961
13379
160
650
13393
650
12452
13882
650
650
148
12644
650
283
13479
13962
12802
661
13882
11844
12513
13275
1490
13190
9843
12604
1834
1834
1834
1834
1834
1834
1834
1834
1834
1834
9845
13352
13237
11915
13347
1061
13646
12604
13429
785
13093
12577
13429
12605
1332
30
13351
1332
12802
3528
13316
12577
12902
1825
9843
13599
2470
13545
12858
12759
650
1332
374
1332
12513
12629
12935
1825
12988
9769
9789
13429
14064
9862
13314
12933
13041
13989
13314
2123
12791
12445
12784
12721
371
371
94
371
371
371
371
12513
371
371
374
374
9789
12724
13314
374
374
374
13067
2465
12683
364
12724
13136
12824
13435
10011
961
304
304
304
304
304
304
304
304
304
304
304
304
304
304
2029
957
11849
12651
2465
2225
13314
12757
12824
12701
13998
13048
147
143
13586
1475
14148
12902
13275
10097
9848
2021
12757
12791
12967
12930
220
10087
12759
11904
2021
1287
12757
13265
13352
1365
1427
1490
13238
13143
12074
367
12820
13265
13989
13664
12796
13568
12902
13169
12474
1825
1825
1825
9841
1825
1825
1825
1825
1825
1825
1690
12618
13
13452
11858
13560
364
13025
1825
3290
13435
13107
13107
1825
13473
168
147
12674
1825
12445
12850
1825
12278
1825
1825
1825
1825
1825
1825
1825
12724
9790
3496
10008
95
95
12021
13351
10004
54
54
54
10011
54
13883
54
54
10097
9841
12453
54
54
1518
1518
1825
13455
14096
1518
51
11858
13107
13314
957
957
957
12724
957
957
13351
12724
14070
957
957
13428
13093
2465
2465
12957
2465
2465
2465
2465
2465
2465
2465
2465
12724
2465
2465
2465
2465
2465
2465
11849
2465
13213
13899
13018
12521
499
13435
12445
172
12629
12425
14027
13142
11833
942
13352
12467
12053
12629
12053
13018
364
172
2523
13275
2523
13351
13347
13998
547
13041
13165
13456
13428
12756
10097
13347
12445
12635
13504
2465
9841
1825
1825
12957
1825
1825
1825
12705
12683
12759
581
1825
1825
13911
581
12604
1673
1673
1673
1673
1825
581
13455
13073
12527
13347
1573
12635
13882
13238
661
13435
13997
338
304
13560
2465
13084
13857
2336
2336
2336
2336
2336
13998
11858
13474
143
143
143
143
12618
10023
160
13314
174
12131
1351
12757
2683
13073
13314
12021
1518
1518
1518
13083
12757
13351
13897
12867
12757
13496
13093
3347
12977
13990
470
1332
12425
499
499
1478
499
1332
1332
11916
13351
12635
785
12935
8
12744
13435
2150
13219
13897
13031
2470
11904
2123
2064
13452
364
12775
1825
160
2064
2064
2064
2064
1825
74
12602
2150
13352
12577
123
9825
12604
9805
1825
160
12724
291
291
371
13629
150
1825
1825
12724
1825
1825
24
12724
12724
1825
1825
12724
13405
10004
1825
12635
13213
12635
13452
1825
1825
13452
1825
1825
1825
1561
650
123
14136
12243
12933
1825
9790
86
746
13351
12802
12957
94
581
12701
13223
13018
13149
1503
1825
13352
12902
479
11833
12635
3192
3192
10011
12651
13091
650
3192
13428
30
383
746
3192
3192
3192
12498
51
12933
13883
51
145
13025
12674
1075
650
234
12820
12721
13165
13099
12635
1247
13429
160
581
12586
94
2107
13664
9994
12849
2465
12618
2465
2465
2465
2465
2465
12849
2465
2465
13899
13969
304
304
304
304
304
304
304
304
304
304
371
371
371
371
371
371
1825
2683
12775
1825
12933
12775
12759
10011
13352
10011
94
2683
1825
14027
13329
9963
12759
13599
149
12759
1825
13314
12841
12724
1825
13302
12863
11849
12618
918
918
9845
12794
12724
9769
1825
13152
12629
1247
11
11
3273
3273
12784
12784
3273
3273
3273
3273
12390
3273
3273
1962
13435
2683
13997
12629
13925
3490
371
12705
12773
13309
3192
12701
12802
886
10097
12683
13006
12390
1492
168
1061
10097
2142
168
12618
785
1825
1825
13226
1825
12629
1825
1825
1825
12605
1825
1825
12791
957
606
606
606
606
606
606
606
606
1428
13568
9845
1551
1937
2470
13309
12841
13646
13428
10008
13428
13238
2470
12460
12775
2470
2470
2470
12635
650
650
650
650
12757
3363
13629
3363
11849
3363
3363
2336
12759
2029
886
11849
13998
11849
1825
1825
1825
1825
1825
13252
1825
1825
479
387
2336
1825
11849
13504
479
13013
2118
2118
2118
2118
2118
144
2118
10008
603
10097
13347
9843
13515
11904
229
13456
13067
13969
1825
13314
479
377
1825
9769
13314
2465
13336
12577
1825
12757
364
14140
942
24
581
1825
304
13353
304
304
304
304
12972
304
383
304
1727
1825
1825
1825
1825
12618
1825
1825
12729
13351
1825
12759
143
13401
12618
12074
12759
12759
10009
1428
12824
499
12721
13883
581
13022
13969
1690
12977
9790
12724
54
220
220
220
220
12629
785
889
143
13474
143
13206
12759
304
304
304
304
304
304
304
304
304
304
304
304
304
304
304
304
12693
12486
12759
143
1287
1573
371
371
371
371
371
371
13998
12747
14076
371
371
12577
301
12757
11904
13283
13133
13568
9769
13496
13496
1573
13897
13646
10032
13380
1218
13116
1518
12722
10097
12278
12759
13405
1825
3528
1825
13025
304
13664
13989
13110
12967
174
10011
12967
143
1573
12453
143
1710
12618
1825
998
9796
12683
13352
1287
338
13336
9862
499
13969
1573
3290
1825
13107
499
12935
12796
884
12693
1825
1825
1825
1825
1825
1825
1825
1825
1825
2225
391
3271
3271
2118
2225
2225
391
3271
3271
229
13429
12604
51
13237
391
12747
817
13265
13265
13265
51
12602
9769
13110
1518
499
13393
391
9843
419
338
10097
419
419
12618
419
1825
2683
12867
13022
782
782
1332
1332
782
782
1332
1332
1332
1332
2465
2465
12858
13
2465
2465
2465
1287
2465
13142
2465
1525
11833
705
13213
1825
1518
12693
12850
1825
1825
13190
1825
1825
1825
1825
14027
1825
13073
9841
13226
13352
13018
12629
13329
1825
12452
1365
570
13336
570
570
461
13479
570
570
143
343
10097
1825
1825
12724
12453
1825
1825
1825
9779
1825
1825
1825
407
2683
13329
9841
13107
409
12902
12635
13930
11858
2102
13882
11915
12724
1490
13314
11849
13997
1427
13351
12512
13169
13025
2336
2336
2336
11849
2336
2336
2336
11849
13351
467
437
13504
1293
12775
1293
1293
13435
13435
746
886
1818
1818
1818
1818
1818
2336
957
2470
304
51
51
1825
9769
13998
1287
3528
13107
143
143
391
391
1573
13
13983
499
499
13084
51
51
391
391
51
391
1573
51
12757
2470
12074
11833
11833
12744
11833
11833
11833
11833
11833
11833
11833
13517
160
581
13517
12759
13107
13041
13127
1075
1075
1075
1075
1075
1075
1075
989
13401
1905
13314
603
13068
2470
12934
1825
1247
12586
13560
12629
13314
13882
1825
1825
13025
1825
1825
1825
1825
1825
1825
1825
1825
13314
13265
13265
12683
13265
13265
785
12731
12951
785
785
785
785
2064
785
785
11849
12802
10011
12902
12933
13314
13329
12957
12902
12647
13070
2470
13070
13265
13883
13110
12629
13911
12618
12879
12951
13265
13646
13435
2470
3347
13261
9825
3347
1488
304
304
304
304
304
304
304
304
12715
304
9913
13353
10097
13038
9913
13401
13022
3347
12757
13429
13401
13897
13612
13469
10011
374
374
374
374
374
374
374
13664
374
13084
13238
12724
13265
499
12902
14094
1823
14050
13149
304
304
304
304
304
304
304
304
86
13473
304
304
86
11849
13143
86
1825
1825
1825
304
1825
1825
1825
1825
1825
304
304
13568
13116
1075
13435
304
13997
474
304
661
13314
12577
12618
2465
2465
2465
12618
12724
1518
2465
2465
13405
13022
12626
13883
13038
581
10011
10097
12602
12850
160
12850
12724
13882
148
581
2123
942
2123
2123
746
746
746
746
746
746
12618
746
12513
746
746
1351
1351
12908
12629
12577
12629
1427
1427
12773
1427
437
338
13
12629
10032
13577
1825
474
13646
9796
1428
12757
1825
13169
2064
12759
304
13444
2064
12724
1592
13882
13882
13025
371
13374
13989
13142
446
12902
304
2470
12635
2470
2470
12460
2470
2470
12625
12629
2470
2465
2465
2465
2465
12425
2465
2465
2465
2465
2465
13974
12933
12824
13911
12647
14094
12586
12902
3528
12719
479
13428
12724
581
889
12664
12841
12618
12021
1332
13093
9796
2465
10008
13347
13969
10023
14148
11858
437
12759
12512
942
12053
9760
13435
12644
12644
11858
12618
12618
13025
3271
9790
11849
9790
183
12724
183
183
183
183
705
86
12486
13196
12425
14084
9848
1825
1825
12629
13314
1825
12644
1825
814
1825
1825
1825
1825
13959
12486
13190
13099
9963
1825
12618
12635
13352
13352
13989
13265
13989
1247
304
304
304
304
304
304
304
304
304
304
304
304
304
304
304
304
304
304
304
304
304
304
1690
581
1690
1690
1690
12824
785
12779
12819
12757
12863
13983
785
13143
12841
9760
12836
338
338
338
338
338
338
338
338
338
338
1825
1825
12074
10097
1825
1825
1825
1825
13998
474
12863
13998
1825
569
304
569
569
13997
788
12955
1825
12629
13429
1518
12629
12721
12618
13664
13169
1825
13352
12668
9825
10104
1825
3214
139
11858
13351
9796
12486
13025
12512
784
784
23
23
12722
10004
9917
784
784
784
12796
784
12513
13646
12635
13220
12759
746
13347
13030
1825
1825
1825
13646
1478
1825
1825
12668
1825
1825
1825
2465
2465
2465
2465
13314
446
13429
2465
2465
2465
12951
2465
2465
2465
2465
13022
13022
12626
12626
1825
13914
746
13188
12021
12722
12759
419
10097
12757
12806
13351
13379
147
1825
11844
12850
13959
2225
2465
2465
2465
2465
12618
304
13084
12225
13376
3496
13444
1825
1825
1825
1825
1825
12512
1825
474
12577
12604
13018
1825
1825
13314
12601
3490
12629
12629
13136
942
149
149
13925
149
13992
149
149
13314
13401
10032
10097
14051
13351
13974
1503
13190
367
479
479
479
10011
479
9841
13059
10011
13351
12577
2041
792
13429
989
12390
12053
9845
12867
12629
9963
12589
13405
1478
9848
1825
12701
14094
12021
2086
13351
2142
2064
12701
44
14094
12757
12523
10009
11833
11833
11833
11833
13265
371
11833
11833
12759
12779
13569
12587
1825
13586
9769
1816
1900
13127
13041
13120
499
499
391
391
391
391
391
391
391
391
391
374
51
371
51
51
581
54
989
989
989
989
13959
989
11844
12955
13379
168
581
12824
2470
2123
12577
581
13120
13084
144
144
144
151
144
12668
144
12705
13993
13329
1612
13313
2470
13350
13314
13018
13261
792
792
1332
1332
792
12604
12577
13479
374
12722
12629
2683
13223
3496
12674
2470
13649
12513
13599
581
13036
1823
1823
1823
1823
12724
1823
1823
3278
3278
12577
13143
12824
785
785
785
785
785
785
12701
1905
12972
785
788
13456
13428
86
13329
12759
9769
12759
10011
13283
13586
13962
13428
12784
343
9917
2470
13347
14051
12721
13882
13142
13599
2142
86
11849
431
86
10097
13351
13897
10032
2470
86
13314
581
2465
2465
2465
2465
2465
2470
3587
304
304
304
304
304
304
10023
304
13405
1427
13258
304
304
2470
2465
13238
1503
13206
1427
13897
2465
12601
1427
13238
13238
13238
13238
2431
2431
2431
13599
13664
12363
436
13238
2431
2431
10011
12674
11858
13220
12836
13170
13477
10011
11849
13347
13646
13197
13220
13143
12512
10069
12724
790
1075
884
13265
13857
942
13855
14118
13265
13265
2465
13590
13265
2465
14118
1825
1825
3586
24
11858
2465
2465
1518
2465
2465
2465
2465
12445
13238
2465
2465
1825
1825
1825
14064
1825
1825
1825
1825
1825
10011
13226
13347
3586
13265
1592
12841
12757
12841
13444
13444
14022
12784
145
13219
961
2123
2123
2123
963
12935
367
14022
13516
957
1825
1825
13428
1825
1825
1825
1825
1825
54
9805
13120
12731
30
13969
1825
12957
1762
2465
1814
12053
12604
1825
1825
1825
13190
1825
1825
1825
304
1825
1825
1825
13586
11833
12577
2465
13265
13073
12902
2465
2465
2465
2465
2465
9841
2465
12849
12850
2465
2465
9845
479
13093
12445
159
12757
1428
474
10097
9769
12635
13347
1428
1428
1428
1428
1428
13136
12053
14051
12577
3586
3586
3586
13452
2064
13062
3586
13882
13998
12701
13474
13925
13329
12802
13347
13110
9997
13983
12142
483
12467
2944
12512
12053
13586
13107
10032
12977
11915
2064
151
12867
2029
376
13967
9997
13314
183
183
183
1287
669
1825
13347
94
1823
1823
1825
10008
1825
13998
12629
1825
1825
1825
1825
785
595
2123
12629
9843
12757
12722
2105
11904
1825
13959
1561
1825
12861
1219
13025
160
2683
13351
304
13882
12841
12629
13401
1428
44
12724
44
12902
13107
12390
2123
304
304
304
304
304
304
304
304
581
581
581
304
304
12820
581
1351
13170
1351
12824
1351
10011
13068
3496
2470
13496
12053
13405
10087
13183
13429
13314
1825
1825
9963
1825
1825
13969
1825
1825
1825
1825
1825
2470
13435
347
12635
13038
13213
13998
13045
13633
12724
535
3496
889
1825
889
1825
1825
9789
13664
12577
11844
1825
1825
13473
1823
1823
1823
1823
13073
1823
12445
3496
3496
3496
2470
1825
1825
12705
13400
12701
13261
1825
12757
9997
12474
1825
2470
1427
13314
13261
13844
13435
12629
1825
12629
1075
10032
13599
12757
10069
51
2470
1825
2465
2465
2465
2465
2465
2041
2465
2465
2465
13022
13108
13352
13351
1816
1816
1816
1816
1816
1816
1816
1816
13353
9994
14033
12445
12618
12618
12618
499
12722
13283
1937
499
13107
14070
12908
1137
499
12629
13025
2465
1393
12618
13169
12701
10004
13351
12841
304
304
13025
304
304
304
304
304
304
304
12527
13973
13401
13521
12604
13018
474
474
474
474
10023
2470
984
13645
13645
3299
12757
2683
13897
13190
13084
12635
13120
12604
11833
11858
13565
12972
12693
304
376
13515
12629
376
376
304
376
1816
304
10097
13352
148
148
12390
13162
304
12701
12453
998
12498
13213
364
364
364
12498
364
364
12618
364
143
143
143
13084
11833
143
143
889
13429
12934
1393
143
1825
10097
13967
12498
1937
13238
12053
13351
13882
13882
10011
10097
10097
3583
94
9917
12629
10023
13116
2465
1332
12802
12863
13190
12935
12512
12053
12021
1592
13136
989
1710
13855
376
2142
1251
12693
13516
13646
86
1561
391
391
391
13068
13452
391
989
391
391
391
12808
12074
12909
1825
13998
376
12134
9843
338
13165
12486
338
13517
1825
13429
13220
9862
13238
13989
13998
86
13107
889
12445
13969
3584
10008
86
1900
785
86
792
792
12577
12604
13143
792
2465
792
792
12527
13380
1518
10009
9796
12021
13149
1518
86
12021
9796
2470
13882
2470
13474
13599
13405
12390
13025
13569
11849
13998
785
1825
367
785
785
785
785
13444
13515
785
785
1825
965
13477
1332
2465
13025
12701
1825
10097
13883
12693
499
13897
1825
12784
13190
499
1825
12577
12935
2465
13435
148
9769
1825
13435
14076
13018
889
889
14148
581
420
12683
13861
304
304
581
581
304
304
304
304
304
304
304
304
581
12759
581
581
1427
581
376
581
1427
12759
1427
1427
1427
12635
1427
1427
12775
12757
13429
2431
2431
2431
2431
1823
581
13428
1503
2683
2465
338
338
338
13969
338
338
304
304
304
304
304
304
304
12452
304
283
12806
13329
1825
283
283
283
1825
283
283
2465
283
1825
2683
1518
1825
1247
499
13350
13351
1825
13532
1825
1825
1825
1825
1825
1825
1825
1825
1825
9790
12618
12618
13265
1825
1825
1825
13093
13517
1825
338
13
12453
1825
1825
1825
1825
3347
3347
12896
3347
3347
3490
13347
9789
12625
10097
13142
11
11
11
183
12587
12724
12453
1825
1825
1825
13998
1825
1825
1825
3583
13997
14118
2086
1825
150
1351
13992
9937
12512
13067
13206
12021
13206
1937
12486
12759
13036
13143
3363
3363
3363
3363
3363
13429
12577
12604
1825
1825
1825
1825
1825
1825
1825
1825
13428
603
14118
603
12053
12808
13883
13226
1287
2064
9917
148
437
13127
13022
2465
13998
437
437
2465
234
2465
2465
2465
2465
2465
2465
12618
12841
12618
12757
1287
12445
13479
1332
12683
12724
12757
479
12053
86
13882
12053
3586
352
3586
3586
3586
3586
3586
3586
3586
9913
13351
352
352
1825
479
12744
12664
11849
1727
13067
479
957
2465
2465
2465
11
13142
2465
2465
2465
2465
2465
2465
2465
1908
705
234
259
13353
13238
12724
183
13956
39
39
2683
13444
12896
12577
1690
304
13897
581
784
13882
1592
11
12486
13545
13882
1825
1825
1825
1825
1825
10023
1825
1825
13084
304
1825
1825
788
13041
13998
13196
9825
259
12933
304
10069
785
13314
12724
12021
13041
12512
13896
13376
304
304
304
304
304
12498
304
304
304
304
304
13265
12759
13265
13149
13265
581
13265
13265
12744
13265
9825
361
1825
1825
9843
1825
1825
304
1825
1825
1351
1825
10004
1351
10011
1351
1351
387
12775
387
387
13973
2064
10008
387
746
1825
143
13025
1825
1825
149
1287
9848
14118
13969
13316
11
13265
143
376
9848
12957
12757
1478
143
13196
1825
1825
1825
1825
1825
1825
1825
13238
12802
1428
12858
3496
13516
3192
3496
13265
3192
3192
3192
3496
13405
3271
160
12908
746
9825
9805
9825
12527
21
13093
2683
147
147
14137
13220
183
13093
12724
147
12467
12724
13165
13401
12668
13599
499
12453
13093
12577
1573
2465
2465
12618
2465
2465
391
2465
2465
170
1573
21
13633
2465
2465
304
304
304
304
304
304
304
304
13429
304
304
12498
364
12629
9789
12425
144
421
13314
12519
12498
21
705
13882
12715
94
1762
1762
1061
1762
1762
1762
12773
1518
13025
1762
2465
13329
2041
12900
21
123
13973
1825
2465
1825
12759
2129
13532
1825
1825
788
989
1825
1825
989
989
989
989
13532
21
13374
2683
229
14118
13058
14096
13405
363
473
12759
14051
12724
12618
11833
12850
13897
12635
12759
1503
13479
225
13882
13577
13646
2118
1825
1825
13093
2118
12131
12601
13314
1825
13314
12757
13394
10008
1518
9789
143
12759
1825
143
225
13351
13956
13401
12021
10008
12604
1825
2142
13897
2142
2142
2142
376
13226
13169
13093
14094
12605
304
12561
12
9843
12
13351
13142
12796
21
12618
12021
12512
581
13456
12967
581
13127
13238
12724
12988
13967
12577
3214
3214
304
3214
3214
13586
13374
13664
2336
13897
12074
1432
12757
2336
2336
2336
2336
1336
2336
2336
2336
12635
12534
12601
12850
1908
581
304
1816
13515
12850
581
367
12131
12602
12601
12819
12635
13188
12527
12629
1825
13265
581
1490
220
1727
13586
304
13997
13496
9796
12021
13880
12021
2523
13379
9994
13545
304
2123
13428
13084
13517
13956
13998
13025
13992
12452
304
13883
12618
347
9825
304
304
304
304
304
304
304
304
12791
304
304
12604
1478
13025
13
436
436
13
13569
13
13
436
13314
13612
13612
436
13599
436
436
13989
1393
13018
13452
13265
13477
13336
1075
581
581
13347
13197
9917
581
581
581
581
581
581
2465
581
13143
54
13400
54
374
13238
13238
13314
13238
13989
13989
2282
2282
2282
2282
2282
2282
2282
2282
13882
12908
13352
10097
9760
304
1561
13136
13143
304
13496
2470
966
11833
304
1825
12935
304
304
12802
304
1825
304
13115
304
123
12757
12453
13989
12715
1503
12629
581
338
12618
12604
13165
13196
1825
1825
13516
479
13351
1825
1573
13883
13351
581
889
10004
581
1708
10032
12601
1690
367
145
1690
2123
367
13062
12021
13504
1727
2123
220
3214
3214
3214
220
13993
3214
12629
1825
220
12629
1825
1825
3214
3214
482
482
482
482
482
1825
482
13599
13093
9790
9937
13275
2465
12425
2465
2465
2465
2465
2465
2465
2465
2465
13238
12701
13329
785
12759
13347
785
2465
603
24
24
12802
1332
2158
12021
603
12618
437
14027
234
636
636
636
13401
636
636
636
13646
12513
13969
13942
12731
12802
12486
12794
2683
1825
1825
1825
1825
1825
347
347
347
347
347
1825
1825
13479
1287
95
95
95
95
95
582
9789
13569
13629
12744
12806
95
95
94
13998
13252
14148
12053
13
304
13248
13504
13479
13031
13973
12390
10032
8
3651
12719
13336
12757
12674
14140
86
581
143
13119
2683
12724
12604
2465
12841
11833
12863
12902
13897
13883
13351
86
3273
953
143
12241
12486
13352
11858
3273
3273
3273
2465
2465
13142
2465
2465
2465
2465
2465
13646
2465
12618
11844
12074
13633
12131
13998
409
371
12635
13136
12863
12863
1825
1825
170
1825
1336
1287
12604
13143
9997
9789
13998
13347
570
12635
13429
13313
13930
12933
1251
13880
1825
569
1825
1825
1825
1825
1825
1825
1825
1825
2465
1155
1825
12757
1825
1825
1825
12577
13265
1825
13058
12635
13314
12724
1825
1727
1825
1825
1825
1825
1825
1825
1825
1825
13314
1823
12021
1287
13314
12591
12957
371
12972
13018
123
12930
123
13569
151
383
12664
12486
383
1075
383
383
9790
13165
13882
13989
12744
746
151
13047
13314
1710
13599
13883
13329
13997
11844
13989
1247
595
259
12626
12724
12902
9769
98
3290
12635
12635
13136
12629
12722
13265
13107
2465
2465
2465
2465
1825
2465
2465
2465
2465
2465
2465
2465
12618
304
304
1825
13213
13599
304
304
304
304
304
304
304
304
13108
581
581
581
13374
13351
170
143
168
13314
2282
12618
9790
2282
2282
2282
2282
2282
45
13479
13880
13515
1428
13213
581
1834
13275
12629
54
54
54
54
2118
304
304
12629
12053
13093
304
304
304
304
304
304
304
304
12701
13429
13093
13142
13093
13093
13516
12577
12902
788
1908
13093
12651
788
9917
13206
788
13093
13238
2465
2465
2465
2465
2465
2465
2465
2465
2465
2465
14136
2029
2029
12021
13882
13351
13347
13599
170
581
259
12836
2683
713
10097
713
13347
1825
143
143
1825
143
13515
143
12561
143
13646
143
143
13351
474
1825
419
2683
2102
374
374
374
374
11824
13516
10069
13351
13283
13136
12806
13599
13238
788
12879
1818
13169
3214
13882
12629
12724
482
12
12896
12757
8
44
12453
1825
24
24
24
1825
13238
12506
24
24
2984
2984
2984
13586
2878
2984
12618
14148
12635
12513
784
12467
11844
13084
12724
13429
2683
12701
374
1152
9790
13962
785
12486
13429
12902
785
11844
3214
11844
21
21
21
13479
13108
12626
1561
1561
12779
571
581
1561
1561
1561
1561
1561
13353
13998
1561
13314
12425
3214
13880
13646
13313
12390
13428
12626
13093
499
13646
13116
13351
1825
1825
1825
1825
12683
581
13351
11858
12759
12021
12021
12021
13136
1427
10069
13022
1820
12724
581
304
13238
13238
13857
11904
13477
13347
12857
12705
1825
13599
13897
13265
1825
9796
581
9789
581
13206
581
581
1690
581
581
581
12759
13
13880
320
12486
10009
1908
12988
1247
86
3281
86
13496
467
13897
918
581
13911
12972
13093
13116
12731
581
581
12724
581
581
11833
581
581
14049
364
10011
9790
13133
12971
12604
13025
1823
12757
13664
12744
10097
10097
13586
12577
1561
9779
2465
2465
320
145
13067
2465
14136
1825
1825
1825
1825
2878
1825
1825
2878
746
13351
12759
1825
570
2465
13473
13316
13093
2465
13220
13170
13142
10011
1393
1490
220
220
746
220
220
1490
1490
13041
364
14136
12724
24
24
13351
12512
10004
144
12757
10011
2465
2465
1592
11833
2465
1592
3347
3347
636
10011
3347
3347
3347
3347
3347
2150
11858
2150
13351
479
1825
669
12635
123
12757
467
13646
220
220
13143
220
14050
9913
13405
123
374
1825
1825
1825
1825
1825
374
12849
374
12317
1825
1075
13997
9848
2465
2465
2465
2465
2465
2465
14094
12731
507
2465
2465
13059
13646
13022
12701
12453
94
12677
12486
13275
3278
1247
12759
12972
2465
9769
13224
2465
13629
13314
12512
12629
12629
784
12142
13190
13314
220
13099
11844
1287
13633
364
364
10004
364
364
12701
12791
12724
13336
12445
1825
1825
1825
1825
1825
1825
1825
1825
1825
1825
12425
1825
1825
1825
1825
1825
95
95
95
95
95
95
13612
95
95
12629
12629
12453
11849
3363
3363
3363
3363
9841
13314
13127
304
304
304
304
2470
304
304
304
2470
13084
788
788
304
788
788
788
13314
10011
12021
785
788
10097
13091
13633
13093
364
1551
13093
788
13084
13206
1351
788
13351
3281
12724
1351
13444
13226
12635
12053
12604
746
746
746
746
746
746
746
746
364
13238
12896
12802
13646
10009
9789
94
10023
13914
12629
12867
160
94
13646
13347
13405
13169
609
12806
13108
965
965
965
965
965
10011
1351
13220
12757
1900
12896
785
12977
12757
474
2123
1351
13127
13452
13206
13093
13452
12629
13405
13959
95
13959
1825
13223
12577
1825
12618
1825
1825
1825
1825
1825
1825
1825
1825
1825
1825
1825
374
1825
12605
9913
9769
383
383
1825
13882
12683
669
13401
669
669
12683
669
1247
13265
11904
12759
149
13629
1825
1825
12521
523
11904
12802
1351
2150
13456
12674
1825
1825
12629
1825
1825
12453
1825
1825
1825
1825
12629
383
383
383
383
13896
383
383
383
12841
13314
383
13022
13352
13452
320
12629
12836
1825
2944
86
12668
13041
12841
12867
13329
2944
13883
12486
12861
2944
376
705
1428
1518
1518
1518
13429
1518
1518
13314
12757
9973
3192
2249
12757
13599
10097
13997
13969
13878
304
304
304
304
304
304
304
304
10023
304
581
581
581
581
581
581
9841
581
13093
13599
581
13093
581
581
13649
13517
13
13444
1673
1673
1673
13226
1673
1673
151
1673
12629
12629
13645
12445
13405
13479
13479
13190
13048
2465
2465
2465
2465
2465
2465
2465
2465
2465
2465
13018
1351
138
12626
13380
138
138
304
138
304
304
304
138
304
304
304
304
654
13224
12841
145
963
2683
13612
12908
13350
12722
12453
8
13479
13093
14
2683
12498
376
304
13149
12498
338
12802
12498
118
118
1428
304
118
1332
12498
143
143
143
143
143
143
143
143
9789
523
143
143
12850
13351
364
581
1428
13633
2984
13351
12629
13380
13314
13646
989
13265
13515
13428
13429
12486
9848
12693
13897
12724
12134
13352
13393
12618
94
12967
1825
963
12577
138
12824
3490
10004
12824
94
13582
138
13599
13347
436
436
436
138
436
436
138
145
3586
3586
3586
3586
138
3586
13880
3586
12902
21
13347
13568
138
12930
12850
304
13993
10051
13880
94
13568
44
44
44
44
13025
12604
12629
1155
54
12902
2107
12626
482
1592
12779
13569
2021
2021
2021
2021
2021
2021
12779
13073
1727
1727
1727
1727
1727
1727
1727
13116
12601
14148
1727
1825
1825
12857
1825
1825
1825
1825
1825
499
499
499
86
499
2001
499
12724
338
12802
13455
12731
12618
13351
12512
13515
2465
13569
13599
2470
12618
9862
13599
183
13452
13560
2470
437
13351
13429
2470
12724
13314
2470
13477
2470
11844
581
9796
581
13973
581
581
581
581
581
581
2431
12618
2105
12486
12683
13998
13880
13435
13428
581
13474
1075
13973
13352
581
320
12902
13393
581
12523
13969
2944
2944
2944
2944
2944
13496
2944
2944
13896
2944
581
581
581
13914
259
13973
581
2470
12850
13435
581
581
13993
13405
9805
9963
2142
13473
1592
446
347
12757
1295
13143
9760
437
13664
12935
9848
3496
13429
13190
13452
13190
1962
14051
13099
12802
338
12577
347
1247
1287
13351
13314
1287
1490
1490
12674
1490
1490
2683
1490
1490
1490
1490
51
13664
304
12390
2465
2465
347
13261
2465
13664
2465
2465
2465
3347
3347
3347
3347
3347
3347
3347
3347
785
13967
3347
13084
12972
12587
123
123
957
11
123
13444
12635
145
1825
1825
13238
1155
12486
2465
1825
1825
1825
1825
1825
1825
1825
1825
12523
13018
338
2465
2465
12
2465
2465
2465
2465
2465
2465
2465
2465
367
13474
13351
12142
1152
12972
660
1825
1825
1825
1825
371
1825
12784
12618
2064
13479
123
123
220
1818
123
12021
13646
13429
1673
13444
13196
2064
12715
13646
2944
13629
376
13237
13973
2944
13188
1825
12618
12972
44
44
9769
13435
13435
1825
1825
1825
1825
1825
13143
44
1825
2944
12724
12635
13532
12824
13645
304
12724
1247
12701
957
12629
746
12722
785
12879
1365
2470
13444
9843
13351
338
12896
9769
12933
12021
13989
2064
12864
12363
2064
9848
12744
13093
94
10008
12604
12744
94
94
3583
12053
571
12722
3583
3583
3583
13351
3583
3583
3583
3583
1870
9769
1870
1870
1870
13897
13405
13116
168
12791
12635
13969
12486
437
437
437
437
437
437
437
374
1825
12021
12618
13351
12759
474
474
474
474
474
474
474
474
1825
1825
1825
1825
1825
1825
1825
1825
9997
581
1825
12759
13313
10097
11904
391
391
12512
10097
376
391
391
1937
1825
1825
1825
1825
13067
1825
1825
1825
13238
13165
10032
14118
1825
1825
1218
13897
374
259
12577
1218
12967
12902
12902
1218
352
14140
12635
499
12824
1825
143
1825
1825
1825
1825
1825
1825
1825
13974
12604
12867
12390
374
13314
13314
13084
374
10097
13351
138
12486
1247
138
13329
1247
143
437
1823
2225
12486
10069
12791
13188
12512
143
499
304
12534
143
9848
499
13031
10097
479
23
13469
13882
10097
10097
499
13882
13107
1825
12824
13474
12802
13038
13857
94
12498
499
9825
13213
499
12589
13252
304
499
13120
