1.289520895337674489e+01,-1.142031677825714198e+01
1.284764194398962900e+01,-1.097400131058991413e+01
3.498643885707668932e+00,5.166091769583564641e+00
1.311726744669239864e+01,-1.168519025197848471e+01
1.256411741880279820e+01,-1.090473587985598947e+01
3.583659707092516467e+00,5.321452794067027980e+00
-4.767355368315470798e+00,5.408600693509904467e+00
-1.133392713534559348e+01,1.289525191973537876e-01
-1.176720884647712673e+01,-3.752778865369987282e-01
-5.954894043941290072e+00,5.573071936601699861e+00
-1.166667512872625601e+01,3.805083256871735764e-01
1.526622946936292191e+00,3.691997971938599132e+00
-6.228367619017733503e+00,-1.113840490728936850e+01
1.351198459133158281e+01,-7.997717085461126807e-01
1.292344705500664936e+01,-2.287830865304106176e+00
6.851390587237524699e+00,6.887442972367810334e+00
-3.163592177112259485e+00,-8.269777863130423512e+00
-5.101307375921739329e+00,7.874676861742121448e-01
-5.684441813428304791e-01,-5.864334954819531376e+00
6.484363731883826532e+00,-3.913859943061382740e+00
6.945688551521669751e+00,6.889621711005542437e+00
6.494404318919410279e+00,-3.878612554386991373e+00
-3.348134821687594798e+00,-2.178365037350050493e+00
6.476367777203086540e+00,-3.955315365210482881e+00
-4.465077537123432805e+00,-9.654360639991507398e+00
-4.497770556116220675e+00,-4.943028115730031757e+00
2.874731624337041325e-01,-1.454820441703654055e+01
-7.506691021513761664e-01,-1.235779221798450678e+01
1.401217949369610771e+01,-1.169946579881810722e+00
1.349956588028778270e+00,1.258345004047254356e+01
-1.891349768194780845e+00,-1.587336422763672417e+01
-5.068696868818386214e+00,-5.907676625120536151e+00
5.504135823885155654e-01,-1.361295684246609072e+00
-1.143841054923396783e+01,1.121779958380995090e+00
-1.152236797995859341e+01,-5.697039590691001243e-02
4.009575692235967104e+00,1.797206208486930912e+00
-5.623020701906827234e+00,5.539917130348001706e+00
2.435724773822853351e+00,7.767163276904017088e+00
4.302016324316994655e+00,-4.330696870523247810e+00
1.644161863776881338e+00,1.049118582068957473e+01
1.795900275952338143e+00,4.125621262690913227e+00
2.224939782351039952e+00,7.983448430586705946e+00
8.843358789767464145e+00,5.204099912038123499e+00
-1.563229649347761985e+01,1.155794859514703399e+00
-1.566269900463055897e+01,1.298311393454782525e+00
4.738239499137482547e+00,7.450436251898252316e+00
1.359448379040003374e+01,-3.888555007521315332e+00
7.744085460430174095e+00,1.079714944695517431e+01
6.467029653910078224e+00,-3.905916012364222478e+00
-4.984799329810023494e+00,-8.498955884643445202e+00
-4.127038405775833585e-01,-1.302757835939806697e+01
1.345508000124129078e+00,3.451120347142936140e+00
1.816479297826818273e+00,-1.134220561376794656e+01
4.451782389284637986e+00,1.411419000063316709e+01
-1.050118066997187327e+01,4.611182516762878159e+00
2.668077871786212474e-01,7.919420357122019638e+00
1.897710815820089048e+00,6.987714670441331322e+00
7.259958905258588224e+00,1.110959043482588804e+01
-6.596469738999029886e+00,-6.446062360271910485e+00
-9.755296226572591323e+00,4.806338201433629109e+00
-8.729303720634538521e+00,-3.878170710874790927e+00
-2.190948843701132354e-01,-1.815480142041844402e+01
-3.135558076635972302e+00,-1.550583766799530139e+01
-6.080028460483247521e+00,-4.716430205868200609e+00
-5.773255710034067789e+00,-5.458746895500474317e+00
-1.703896989976595222e+00,-1.807353044076555193e+01
2.498054300775930159e+00,-1.139634645843715433e+01
-1.077885792281933069e-01,-1.501314644260612852e+01
-2.350829535079507870e+00,-6.872768573045309637e+00
-8.014501673725357378e+00,-5.528677894436795803e+00
1.471447246907376494e+00,1.333515044966337726e+01
4.177990660014990532e+00,-6.096813123095021325e+00
4.209851413573963086e+00,-1.352975297438044855e+01
1.160403106488248293e+00,-1.356107785961212642e+01
-6.988447637190799977e-01,-1.464321218381919820e+01
-1.538788363522116232e+00,-1.712202640892810379e+01
1.135923396024959509e+01,-2.138245369611559532e+00
-4.198059937622846682e+00,-2.281704313962637176e+00
1.096182934745789872e+01,-1.149032501359970260e+00
-7.467293812314270696e+00,-4.212729302568260614e+00
-2.058995769269234444e+00,-1.655178549516622510e+01
1.075823373874637845e+01,-2.806405278257341429e+00
-1.536200667059230796e+01,8.924737132722244226e+00
6.875719929675970121e+00,1.069000523671429725e+01
-7.733909577694666027e+00,2.280157201881062967e+00
-1.078187279511925034e+01,7.153898863595726798e-01
-1.145141475507074880e+01,-7.402774278093447735e-02
-3.540615787216536248e+00,-6.345161674612639580e+00
2.949576011303456369e+00,-1.343721109948318038e+01
6.934080171069485488e-01,-2.516517135069449296e+00
-1.464895111011011775e+00,-7.402713147267697913e+00
-7.760415142739697514e-02,-1.533007038796768207e+01
1.818939928102301096e+00,-3.898446390468240264e+00
1.262259852625855672e+01,-1.788476200075169276e+00
7.989112294981629780e+00,-5.385524179509459941e+00
5.018350216711192635e-01,-2.913530647670580453e+00
5.851168395117401388e+00,-1.037986952566351029e+01
-1.087935916395943359e+01,-1.608514942238274958e-01
2.463100816195541221e+00,6.187947670269561051e+00
-1.464852552718307699e+01,2.176550457918971837e+00
1.290035040541987321e+01,-2.380846436219672402e+00
-2.768743226087454712e+00,-1.334865018928628544e+01
-4.692603182916234017e-01,-1.329114698870131583e+01
-6.015987017849154128e+00,-8.146255607473998239e+00
-1.084449811434552435e+00,-3.579302581279257822e+00
-4.789227875658563782e+00,-1.550089507218294527e+00
-2.869252735706497415e+00,-3.257155950143616252e+00
-1.606273924624067373e+00,-1.279527300324176720e+00
-1.094840230539460002e-01,-1.405182555812805845e+01
-5.589403710781457590e+00,-1.362474180829798520e+01
7.604354926117782298e+00,1.223849738159299427e+01
1.404327147802279008e+01,-2.168220021797520936e+00
-1.009416643357399757e+01,4.672474313732448259e+00
6.990251535891730761e+00,1.050813770719714668e+01
1.302678032368624272e+01,-1.059171936772917277e+01
1.309219214539016818e+01,-1.070751845921422607e+01
1.244229184214897366e+01,-1.000903952443355216e+01
1.253012005570893983e+01,-1.070405903652082635e+01
1.260594107272529385e+01,-1.084044872142532157e+01
1.253576927557730514e+01,-1.068018060971426131e+01
1.266127300830186364e+01,-1.063212674331541763e+01
1.240407292190534960e+01,-1.060918742209502952e+01
8.685139191944688974e+00,5.484895984307740058e+00
3.232182600676629658e+00,1.059007416399956014e+01
-1.495571086789748705e+01,1.786570257614555679e+00
-8.707099879350771232e+00,1.022692181251856525e+01
-4.078106521386019589e-01,8.863552420602255566e+00
-1.048716085416448252e+01,5.348732305263971476e+00
4.499340190416167395e+00,-9.769992104178577108e+00
1.918684699135674965e+00,4.313125972373844874e+00
3.864142505168124408e+00,6.706431169599880171e+00
1.211118973711065827e+01,-1.239727832308577860e+01
1.212241627647612496e+01,-1.232523496551844921e+01
1.178894558330475206e+01,-1.192893156209055938e+01
1.196053038625818843e+01,-9.844545897435549975e+00
-7.192430979989075546e+00,6.576533884953656539e+00
1.180730694568713801e+01,8.691596629962639042e+00
1.185136605878733462e+01,8.699004481514959863e+00
1.153248159011905472e+01,8.728654374397811111e+00
1.109274360430758755e+01,8.758602835975414891e+00
1.134211973085510827e+01,8.714205189116938755e+00
1.174767326170725923e+01,8.719162917878417574e+00
1.171984064667567083e+01,8.715796285366252505e+00
1.699017335047578570e+01,-5.734176979093987825e+00
3.167569374995034437e+00,4.924121582294739952e+00
5.707745248880526034e+00,5.807067643238732479e-01
5.314323081182884323e+00,-4.860654242931189417e-01
4.756674356654697178e+00,-6.408882802563696801e-01
5.912717598423218313e+00,-1.097053081052576040e+00
5.480761199676435602e+00,-6.361864883526240355e-01
5.754212096784658392e+00,3.953313596422586285e-01
-4.431003087127661999e+00,-2.650370037814210100e+00
4.875500254642724407e+00,-1.691127130187227712e+00
-4.959255772663913930e+00,-7.775406111846435486e+00
6.130063433880899026e+00,9.909584007839576714e+00
-1.237815574393983098e-01,-1.698930054014239133e+01
8.441414157629201220e-01,-1.631794826683824340e+01
1.369962635956408192e+01,-3.566012665695581063e+00
1.719197645718619327e+00,-6.582303645843254891e+00
1.693526788965916685e-01,-4.880425968898261857e+00
5.864880571602133941e+00,-1.030369872311109525e+01
4.657636660529126615e+00,-1.463938275503323716e+01
-5.654513584084910338e-01,-1.238783563257407927e+01
5.820225581333375864e+00,8.594393143773135790e+00
4.143407577562471467e+00,-1.526562864642212070e+01
-7.529329569342683826e+00,-3.140601865708287477e+00
-4.014222127079784208e+00,-5.265605942178422261e+00
-4.874537945766729274e-01,-1.761772711842089478e+01
-7.156158901091447255e+00,-6.271457882633684200e+00
-3.888911949312869432e+00,-9.488062298519084337e+00
1.341244277410332586e+01,-2.305471350954794829e+00
1.102332943125539622e+01,-2.887655554930808055e+00
-4.256908969527056996e+00,-4.029798363860102484e+00
1.308698071750523084e+01,-3.440716355270303062e+00
1.030837877536944447e+01,-3.147393685028817778e+00
2.056037632617026267e-01,-1.056737549137898391e+01
1.422205536535254211e+01,-3.384485252215496232e+00
2.086618279859727476e+00,-1.069812610369112171e+01
2.207169340250035638e+00,-9.178418839525454231e+00
-2.462235398295883559e+00,-1.688217355586064894e+00
-1.680651375793136948e+00,-1.775861383423557527e+01
6.330999333827252329e+00,8.662577934499037013e+00
-1.154412435562990424e+01,-1.108381693159705972e-01
8.720189180600836920e+00,5.446097567383541005e+00
7.922259078691336498e+00,9.291656933617966629e+00
3.617130242632693005e+00,8.365418132302554710e+00
4.217318225161957201e+00,7.258242690156460064e+00
-1.086527876284914740e+01,1.040796809156720126e+00
4.521241009321948390e+00,5.887303115679493715e+00
7.885018322780290134e+00,1.126762918309544936e+01
-3.919355229992584455e+00,1.417153181449784505e+01
3.187212658989010960e-01,-6.833778671503453417e+00
-1.547152355084406317e+01,8.091776928139029934e+00
-1.643822402801911053e+00,-2.108355946012976379e+00
4.501940431035781565e+00,5.644787474536731686e+00
-3.571078972703995102e+00,-6.271299164952679916e+00
-1.684226140346573697e+00,-2.112562818002647003e+00
1.224841028543371291e+00,-1.245012724558806561e+01
4.741604582673663693e+00,4.354510663582907171e+00
-1.101324373258679226e-02,-9.794688035750251487e+00
-3.308321386943974041e+00,-2.870071191846704561e+00
-7.029448682727568176e+00,-7.258431186760935461e+00
1.271040927064723380e+00,-1.590852153965651894e+01
1.392634567839892146e+00,1.256065021180143226e+01
6.051192909034450729e-01,-4.336697449090625156e+00
7.412349593810343862e+00,1.008546195888494168e+01
4.732240060008463978e+00,-1.365277936828701932e+01
1.527352270574001469e+00,3.680174505587248124e+00
-6.134283998283835970e+00,-4.656841187411747462e+00
5.942603691206057803e+00,-8.034146357375410830e+00
5.700115766293593289e+00,-1.007317275913351295e+01
-7.428536186081005965e+00,-7.097470253182986077e+00
-2.262618765868405823e+00,-2.053444698952003877e-01
-2.274144713655946504e+00,-1.282436659481910723e+01
-4.122028968269679794e+00,-2.577957335989761845e+00
-2.933830689074029330e+00,-2.272767939057684039e+00
-2.822787618299610113e+00,7.514621559741511136e-01
-5.060884958120769994e+00,-5.452527568422626203e+00
-1.571639628442608227e+01,8.643303566828908657e+00
-2.283402560501966327e+00,6.811058536718210377e+00
8.244927617101053485e+00,1.452679598343264544e+00
2.630283692801727913e+00,-1.493301670677365145e+01
-1.488088924994896622e+01,1.549455285580656261e+00
8.088024032785483541e+00,1.046935515076467738e+01
-1.038732554860392376e+01,5.022199406147712430e+00
-1.547652142342929871e+01,8.238570560086223793e+00
-1.307168387320584380e+01,-8.909276224333128269e+00
-1.309503362772031565e+01,-8.547077959505717359e+00
-1.307928633293053799e+01,-8.813880922146783092e+00
-1.308210791350185609e+01,-8.780738256967291377e+00
1.306332847439870193e+01,-1.058522431079784987e+01
1.309239177493652306e+01,-1.055303379383745721e+01
8.152269326004164540e+00,1.126173848365644758e+01
1.313437494310716502e+01,-1.067953042964069965e+01
4.957198221151199569e+00,8.226221794846441782e+00
1.687195065408354111e+01,-1.102854779279052799e+01
1.304085769268055728e+01,-1.073510932506628812e+01
1.302144836035905406e+01,-1.066914847975755620e+01
4.843408906072355080e+00,3.913416006178870088e+00
1.305682668752329256e+01,-1.059877660268186617e+01
1.037771796461598584e+01,8.825295212597431771e+00
5.356132752703234523e+00,6.635481963009546291e+00
4.219410356966367459e+00,6.236707609042481337e+00
-4.406274136920326434e+00,1.555214309236517067e+01
-5.716214780072514934e+00,1.586645831591737199e+01
-4.578643981265939189e+00,1.694864363891671033e+01
-4.345782714230537636e+00,1.592826333296102703e+01
-5.652904304467345042e+00,1.588942971691747630e+01
1.508590680441542098e+00,3.684736988184899253e+00
-1.489923329471642255e+01,1.566999030811081051e+00
1.243657769188767936e+01,-1.032148375962963449e+01
1.259735733169579674e+01,-1.087704891105560279e+01
1.233225615001353681e+01,-1.119477188279058488e+01
1.237974272180903945e+01,-1.061784189553244850e+01
1.263879245788640127e+01,-1.075942177565599600e+01
1.253400944206917345e+01,-1.067277596539783246e+01
1.263282259495868942e+01,-1.079013782849047942e+01
1.252321459447738583e+01,-1.086698960869099650e+01
1.199472940468564452e+01,-9.817730184480989664e+00
-5.350465624029700606e+00,5.594981568669120442e+00
1.827815683771658151e+00,7.037648896671729659e+00
1.364186305967739488e+00,1.251158618864296201e+01
-9.279109143344337340e+00,6.525072645787323822e+00
7.141808784991965808e+00,1.153169263892116625e+01
7.906351573346800166e+00,1.020068188461319636e+01
1.423217885841154917e+01,5.103619813587599197e+00
-1.046045834671811825e+01,4.588742488138273679e+00
5.044721243709512137e+00,3.340780054318000403e+00
-8.423807883285041598e+00,9.857913670306233556e+00
6.507448334902576015e+00,1.011769076674559287e+01
1.643005755637292609e+01,-6.580760420785641607e+00
-6.929419785081518235e+00,1.051741175153847863e+01
3.460124806619250482e+00,8.543798070552723445e+00
1.742851160061485771e+01,-6.550965391977160657e+00
-4.040992574753091482e+00,-7.701289057447018305e-01
-3.421682447246609193e+00,-9.855902984876848905e+00
-7.067422132365645204e+00,-5.630206740758326056e+00
-3.718173996084941368e+00,-1.525817465242282900e+01
-3.833272372577499976e+00,-1.257840437436269276e+01
-4.778573952301906402e+00,-6.415769350730523568e-01
-1.609961567157773388e+00,-2.673830326670807445e+00
-4.516064641503422905e+00,-1.494999791024553204e+01
-5.792118003107582069e+00,-6.404316666232557687e+00
3.193100754833866350e-01,-8.293293040854373688e-01
-5.174335662646915246e+00,-3.797037690890873396e+00
3.294717414794953392e+00,-3.197539230146455580e+00
1.420597446079079873e+01,5.079076087141839224e+00
3.870579696681126780e+00,8.103726339039670989e+00
-1.060434632482708217e+01,4.802886683858710093e+00
7.898754638647435655e+00,9.683797939421399548e+00
-1.549811833924951721e+01,8.910883713433074504e+00
-1.028232955963848561e+01,5.085837931298779147e+00
3.650472106558030561e+00,8.244869073727080888e+00
-6.310759548319497370e+00,-7.549678059847521716e+00
2.207623028513627350e+00,-1.681870126528054499e+01
-3.918826801329517995e+00,-1.660414406619898742e+01
-7.818340960515256732e+00,6.339768859160306747e+00
3.248120171779627086e+00,6.941094935225311069e+00
1.101877492463349206e+00,-3.101646981235307354e+00
-5.897622072832103157e+00,-1.098077671546481682e+01
1.345620336294845032e+01,-4.064122103850235312e+00
-2.283147967331756956e+00,6.811986783605312290e+00
1.535797463117763506e+01,-3.119979056099474235e+00
-8.773039764473817836e-01,-4.739644221987347805e+00
-3.016288136025687905e+00,-8.236636001375851279e+00
1.109888474033986938e+01,-9.206622625728954068e-01
-3.998995558729714350e+00,-6.957898121437358974e+00
-1.913935754867245764e+00,-1.470085026396848882e+01
1.114694284907576005e+01,-1.149533039615914687e+00
1.076433298355346402e+01,-3.471873484821468292e+00
1.376739094037847977e+01,-1.100582869036760947e+00
6.211118842929175266e-01,-1.373059290868187965e+01
1.355812431941773077e+01,-9.500259483007678085e-01
-1.161164700134341921e+01,-4.802167326089581967e-01
-8.395809770424721208e+00,9.845723225449681593e+00
-4.925671747975417958e+00,-2.964308960255164216e-01
-3.786062289788266977e+00,-7.574463500333823873e+00
-3.925620264760949940e+00,-6.921148902000457959e+00
-3.786358836397647032e+00,-2.958482141376111763e+00
5.896234995083511343e+00,-1.046317432091439947e+01
5.850547926338061089e+00,-1.117575236088574719e+01
-1.275105978178889377e+00,-5.930474659283293981e+00
-4.445280182095960875e+00,-1.302230580548035732e+01
2.486807518517981208e+00,-4.556417471082048642e+00
-5.704573187002823786e+00,7.697594442990282615e-02
8.081311182312768793e+00,1.034587149805800799e+01
1.242518723446791640e+01,-2.966613034324441678e+00
3.004807052258238187e-01,-1.624618545135557923e+01
-1.772698408452500152e+00,-1.868121268918724098e+01
-2.676196509630867304e+00,-8.524263291108956864e+00
5.112305569584695064e+00,7.439368129352477155e+00
9.590755117435677546e-01,-1.509920344998929309e+01
1.471430468134334424e+00,3.611090461415767283e+00
-1.304016695121040748e+01,-9.271173378399451437e+00
7.179719481874483833e+00,1.162658120129260020e+01
8.431023453711283366e+00,1.263373950558225189e+01
3.302045027493613283e+00,1.057315876390525844e+01
4.367253641135996567e+00,6.415357262767217073e+00
1.844738442823924407e+00,9.502826431724210821e+00
-1.308465145962371778e+01,-8.770345127346761416e+00
-1.309091170602572696e+01,-8.753867598351696699e+00
-1.309209008684810094e+01,-8.441005131071175782e+00
-1.308838150712415072e+01,-8.692712825987513270e+00
-1.308903652445726173e+01,-8.596674994779956336e+00
1.219162835540575252e+01,-1.184503774634453954e+01
1.206135119399758615e+01,-1.234281627416526206e+01
1.252753501925917590e+01,-1.257950122768579604e+01
1.320583457410733885e+01,-1.231556624073399675e+01
1.431109766997325927e+01,5.148513462642662297e+00
-3.085417667484642301e-01,8.735566220357865674e+00
-3.678731356562760180e+00,1.676009164131790286e+01
-4.715070955978777789e+00,1.687481290399030343e+01
-4.448911395783040845e+00,1.544412411303656718e+01
-4.831402103270171722e+00,1.683275715219360436e+01
-4.439706589993101638e+00,1.617670157046218193e+01
-2.852806792569792527e-01,8.564514649504724630e+00
-4.445915291571236772e+00,1.547983706859085729e+01
-4.385092418691459493e+00,1.589429899969156956e+01
-4.333145207919590902e+00,1.575026125126496268e+01
-4.398264670531202292e+00,1.492338790994304709e+01
-4.120947245470676368e-01,8.776445891050338233e+00
7.746982803192802969e+00,1.316929479255715307e+01
3.465950583388606732e-01,8.163394511401611098e+00
8.337907290594787080e-01,7.471818839698340931e+00
7.640349626963971907e+00,1.077194116143948754e+01
8.384243617397824977e+00,1.063437934103655280e+01
-5.199719585765666174e+00,-5.930775942958479874e+00
4.988460972670749172e+00,-9.637896647564250685e+00
-7.458111901982888980e+00,-4.388312895972529937e+00
4.056931410982246078e+00,-6.077131549464854565e+00
-1.054818365141410030e+00,-1.792461709194963504e+01
-6.595568326501354939e+00,-1.009988745765755480e+00
1.222665922958267615e+01,-3.397004184907478130e+00
4.015879611136973004e+00,-1.232841017241672965e+01
-3.535691680061602060e+00,-5.405756739974495240e+00
-2.694154310097466976e+00,-9.439467875204128333e+00
2.160947342607586474e+00,-1.124584505155439729e+01
1.278810488595230943e+00,-5.623047384071966803e+00
-4.891310817216069751e+00,-7.186264511507912900e+00
-6.150670576158628222e+00,-3.213652992549212328e+00
5.676282240492367848e+00,-9.844517578504774491e+00
-3.862415068668531237e+00,-1.344784238843610247e+01
1.298655318085939570e+01,-5.087848294817420403e+00
-7.633223657991412558e+00,-5.899378429460546691e+00
3.457423058376501324e+00,-1.348881245126904993e+01
1.247527749094714622e+01,-3.450097864444752194e+00
-2.378910409542223103e+00,-6.073906762117058378e+00
3.334062030670116972e+00,-1.694734822321132128e+01
-1.301180588349815181e+01,-7.047901944644521244e+00
-1.306126062015451339e+01,-7.358118772848630584e+00
-1.315675299136447762e+01,-7.808187357732119693e+00
-1.313387979832148211e+01,-8.179871292031245744e+00
-1.311549685436014734e+01,-7.554136132393391989e+00
-1.306433533805554070e+01,-7.430137662856602709e+00
-1.310924868806103127e+01,-7.920667650556775463e+00
-1.310221454873316915e+01,-8.196609729535982325e+00
-1.310208580723198324e+01,-7.864702928254781789e+00
1.503233836553458991e+00,3.656583062933224770e+00
7.536061783602161057e+00,1.144823774804894789e+01
-8.692013192586202308e+00,9.625779019035020312e+00
-2.909951366936169848e+00,-7.085893488377178251e+00
2.987939165289661414e+00,-1.719401499651024423e+01
-2.972154848927690551e+00,-3.317255814414827864e+00
1.314679803024020366e+01,-1.025863517887239507e+00
-6.146064355422411474e-01,-1.127099243979828103e+01
4.045415996503268552e+00,-1.169035823961932685e+01
1.138477617628666572e+01,-1.190480667597684006e+00
-3.891415833404702429e+00,-5.991206098340009945e+00
2.864242707072259808e+00,-1.455795738461221411e+01
1.116363844168291664e+01,-1.020367028409802757e+00
7.968068527283644009e+00,1.117843805025537485e+01
-1.147892487809109596e+01,-1.473692976276222144e-01
-1.148805210920977515e+01,-2.756741902192995641e-01
-1.146877830123055908e+01,-4.059602351131274406e-02
-1.131420478028912946e+01,1.001494341489757439e-01
1.276771461617455294e+01,-3.949044299704064898e+00
1.236750184681775444e+01,-4.345573268148263502e+00
-4.705150015541295971e+00,-3.237993201638641239e+00
2.030508412429548493e+00,-1.264565848885712640e+01
1.428207529570996037e+01,5.130267967679914776e+00
-4.232326427361845944e+00,-1.079670948661499263e+00
-1.256399634798195608e+00,-1.111515969773498114e+01
1.058807879171399513e+01,-2.888169047051132754e+00
4.235961216579967825e+00,-1.102894193642861964e+01
1.743974865448601363e+01,-6.595360391105565157e+00
-1.599499573318445655e+01,2.589471827675829285e+00
-5.542163732539548526e+00,5.699962919403577466e+00
1.743119350523816635e+01,-6.594347796110255899e+00
1.740501894601508326e+01,-6.574457809541558895e+00
6.728281685044757765e+00,1.126225447575258443e+01
1.520414957081866358e+00,1.321911037573115166e+01
2.214847381840600704e+00,-1.248925069064385696e+01
3.610985737116672922e+00,-9.923231600607259395e+00
-8.245076249938225743e+00,-4.675899365338540115e+00
-4.380913814977239085e+00,-1.064239990936669988e+00
4.397089020396940245e-02,-4.301217683595295327e+00
-2.602773830426339252e+00,-5.428647519841120150e+00
-5.593160913512386756e+00,-1.036591041386433965e+01
-3.319745475673883117e+00,-3.818691371201851315e+00
-3.301481320483506732e+00,-5.576754981516200971e-01
-3.216710541080546548e+00,-7.491873263439583930e+00
2.713199900732630176e+00,8.726477713462697849e+00
1.557992220418709106e+00,-1.137925061426749629e+01
1.646412483174784169e+00,1.048256175358301867e+01
7.322744393678986441e+00,9.750666692074297259e+00
-2.884233912231009889e+00,1.278373152005272217e+01
3.963029072243718698e+00,8.499660211674259003e+00
-1.495420845084001016e+01,9.185774616883279009e+00
2.412685361238196879e+00,8.579147203951546174e+00
-1.045617137995810886e+01,4.532377185282792098e+00
3.215878257671222595e+00,1.049208719094274933e+01
7.454638431157462719e+00,1.177097769902880309e+01
-3.891962294544661471e+00,1.378811093070610916e+01
3.395054417248228873e+00,6.513043607761746401e+00
-8.045139336487457937e-01,4.298026492198582460e+00
8.316074890655215768e+00,1.097805792805131020e+01
-1.309130670566258914e+01,-8.688559331983579881e+00
-1.308968801177356234e+01,-8.814969261945311274e+00
-1.309492412371275805e+01,-8.358741507050750030e+00
-1.307558219386431908e+01,-8.855244800275494654e+00
-1.308409495283619250e+01,-8.654470424298910558e+00
-1.308804072516748107e+01,-8.802591605141309117e+00
-2.740840191576406237e+00,1.263278025986941877e+01
4.716662020913578779e+00,4.479229665562976415e+00
1.216419362701806861e+01,-1.243528776855975693e+01
1.207725525232247854e+01,-1.249779378115557549e+01
1.282665205288230581e+01,-1.252598957358451770e+01
1.276115459726952217e+01,-1.250521151197459524e+01
1.266113079280842335e+01,-1.277394954401728810e+01
1.267563726421257186e+01,-1.285679589376832155e+01
1.265804728103023891e+01,-1.277449183888571049e+01
1.265245635446575889e+01,-1.275414150823468340e+01
1.221076140155271084e+01,-1.228048064761681601e+01
1.232033603616426198e+01,-1.241460192176057475e+01
1.306363242391276325e+00,3.405669429065346421e+00
8.442205176523103205e+00,1.294456724461337949e+01
9.121267891886082779e+00,1.300271706246614478e+01
7.896732599624684212e+00,1.382290334665335152e+01
8.645423634778435229e+00,1.304470059349898747e+01
-4.210931553786791071e+00,1.625903169612848487e+01
-4.373385677578286668e+00,1.564475145970368786e+01
-4.362525275306261996e+00,1.573510749122993779e+01
-4.332791071741368683e+00,1.584484078814008257e+01
-4.554601832839019870e+00,1.561329575440714912e+01
-3.216423354471838802e+00,1.658851329072447811e+01
-4.627515640428647714e+00,1.559399173907901393e+01
-4.434798425046613701e+00,1.510458670731839703e+01
-4.875856606958559603e+00,-5.678767039009147588e+00
-1.881289971210615475e+00,-5.981301895035377569e+00
1.095342922011097464e+01,-3.378615116990868472e+00
1.399996987236650503e-01,-1.377986198913634652e+01
2.043254881887633712e+00,-1.226158787958822849e+01
1.049641617491049450e+00,-1.878550198991257147e+01
-1.102753023031031399e+00,-1.230287640738708177e+01
-3.422994846902930988e+00,-4.037618432626962850e+00
-1.019466458220919247e-01,8.647876961814597863e+00
-1.146325462672423612e+01,-1.743830816921162485e-01
6.616618910722096736e+00,-3.494799693221140036e+00
-3.624436506697829019e-01,-4.890178109899883663e-01
8.240505628370774716e+00,1.295607626129038437e+01
-7.390279144769121622e+00,2.540770489870745497e+00
-3.867121674259720088e+00,1.387885675905075722e+01
-1.793096469384595659e+00,-1.612796590751336012e+01
-9.422615981275611619e-03,-4.791875680245206937e+00
-6.337074909065115724e-02,-2.021076564237665352e+00
-4.162247082145290378e+00,-5.624586732996990079e+00
-1.160455123647980757e+00,-1.786654477789173612e+01
-9.379706517377589536e-01,-1.625845402079905000e+01
-2.452999979538502129e-01,-5.579604667125745543e+00
-1.432528193713722420e+00,-5.776187823848448311e+00
-2.008626644213499901e+00,-6.769530410850721935e+00
-6.716411868027443166e-01,-5.419475589035911867e+00
-1.302376155296325599e+01,-7.099551005485751354e+00
-1.300989333771993195e+01,-6.916614409912525296e+00
-1.305831236335083823e+01,-7.382129540985832072e+00
-1.302466016838491392e+01,-7.102594477685478580e+00
-1.002859629033300237e+01,4.864509073077216250e+00
4.177304467849503489e+00,7.160463905985082533e+00
4.416028009394888265e+00,6.098126910397186684e+00
6.749925942713171700e+00,1.233090176260061277e+01
1.493745380527748345e+01,-1.768353053760441274e+00
-6.535669547069781871e+00,-1.853544221955570226e+00
3.308713426211995490e-01,-4.211500671421489983e+00
-9.881767903563547506e-01,-4.575378777205330927e+00
1.399375229503701856e+00,-1.131585400781179551e+01
3.090204372350279449e+00,-1.154464213804804551e+01
-3.452624111875325141e+00,-1.653665835355652192e+01
-2.260036692126930813e+00,-4.657764547591528803e+00
2.981686136609626558e+00,-1.202989122542634171e+01
5.950325194516279836e+00,-8.231135070430932288e+00
-1.517832036911302751e+01,2.574798830551332518e+00
-1.521338494729752000e+01,2.241624191319870452e+00
-1.148575208040135109e+01,5.367740228746455990e-03
-1.507106625421579871e+01,2.737485804949143731e+00
-1.519242366860771476e+01,2.678362639273422996e+00
2.126623652584596513e+00,6.021821570881561669e+00
-1.564653772406829191e+01,1.889085912087991703e+00
-1.524137777353993783e+01,2.147085605578741951e+00
-1.526681095739451699e+01,2.679820303169090145e+00
-1.520760704384598938e+01,2.318662267215924278e+00
-1.522541733522760055e+01,2.526552907767828593e+00
-1.169289507647663306e+01,-3.689202182276501429e-01
1.315876540058772859e+00,1.245153327571204471e+01
7.479813554841584278e+00,9.318287691115809679e+00
1.745622455446550347e+01,-6.598975737512698281e+00
1.749145543937715175e+01,-6.577536954447659845e+00
1.717880202571306469e+01,-6.782115886579406450e+00
1.715332885557876708e+01,-6.662456210363671971e+00
3.608081386746106123e+00,8.404443446932388539e+00
-8.014459438070119512e-01,4.296548861253256746e+00
5.599266521378608807e+00,6.785867090088763653e+00
4.494729246941464140e+00,-1.062428498130884336e+01
-2.924494227680817460e+00,-1.567797535843172696e+01
-2.750939257907281110e+00,-9.146576735046103579e+00
-3.842938268428027992e+00,-1.259021147129737095e+01
-2.580921254878609350e+00,-3.420919726240237324e+00
-6.073815581149144549e+00,-2.005936563259422822e+00
-4.840236087852819225e+00,-3.962804491070235802e+00
9.425989906815324115e-01,-6.062527317077858413e+00
-4.759044815657140326e+00,-7.843230577958587801e+00
-3.360158535604087060e+00,-3.196040899798274992e+00
1.290051556666555932e+01,-3.559805799270102877e+00
1.446975234868608062e+01,-2.778170167772464172e+00
8.525021901170859451e+00,1.282476254320511977e+01
-1.505065581427106780e+00,-1.152355606888673023e+01
-4.957402543474515033e-01,-1.702820180122664695e+01
1.259896061206610618e+01,-2.848917134418627040e+00
-7.241959099914926590e+00,-6.029528291840996701e+00
8.200498565272384965e+00,1.177874234283244803e+01
-7.714068745302328223e-01,-4.657080052543546955e+00
-8.133254618185409290e-01,-6.365031074132041056e+00
5.069161768364248921e+00,9.711873375141410136e+00
-6.550667835920758186e+00,-7.987848118553369403e+00
-7.908712832426822104e+00,6.162271159733743175e+00
1.703182203300502806e+01,-5.872754348760500953e+00
-1.432367065143254692e+01,8.268657702896010875e+00
-1.409694474695898236e+01,8.407841664348474353e+00
-1.487279001672633605e+01,8.350436945695802748e+00
-1.402644823314900435e+01,8.433558321006181302e+00
5.870492457304865574e+00,5.733027407048722601e+00
3.978118022735483095e+00,6.556399756203166618e+00
-1.039736198899296760e+01,4.728180345382800631e+00
8.852299376863420832e+00,1.266512481838752358e+01
8.511721134392320920e+00,1.277555447975362668e+01
8.419883385122085784e+00,1.328640860762454246e+01
7.929271850216211170e+00,1.391017934745335083e+01
8.377442011560246371e+00,1.328683853746638555e+01
8.915082896765818887e+00,1.298176699585986782e+01
8.227118588131146382e+00,1.289222829682843852e+01
-4.760022751692660314e+00,1.342747190029160365e+01
-4.823791467691183499e+00,1.349881432032586304e+01
-4.587967711110855440e+00,1.695214740422864708e+01
4.654112788505593734e+00,7.925788071968495885e+00
-4.325151473499889931e+00,1.495147775248125299e+01
-4.401679221954778676e+00,1.603057734240515231e+01
-3.128838145728434661e+00,1.655269606748128552e+01
-4.382909935499874621e+00,1.526645340333424272e+01
-4.581074142603714705e+00,-9.349466914306137966e+00
1.671290728544218229e+00,-1.315787668445084613e+01
-5.204127784414774638e+00,1.394897898381033485e+01
-6.014709075497233215e-01,-5.784966294341137960e+00
1.122805416816484853e-01,8.010557112730332108e+00
5.048789204717596846e+00,9.607893785759509697e+00
-1.505689627156219146e+01,9.511519724385195218e+00
-4.014641846934623004e+00,-1.628261946967652563e+01
-4.782296839527048427e+00,1.344263778950125321e+01
5.881845412586065081e+00,-1.031052509887804547e+01
-1.858532728723349070e+00,-6.289055100941070009e+00
-1.374914932629300868e+00,-5.535543176877940397e+00
-5.695758942823232474e+00,-6.569304755732779277e+00
-4.680045479508525119e+00,-1.344876567659435196e+01
-2.152523291934504979e-01,-5.902832126052669715e+00
-2.238798517803867849e+00,-1.720373347363121752e+01
-1.178557302123775630e+00,-7.034009541295844770e+00
-2.115626984216436579e+00,-1.368380371369410575e+01
1.676702647116237843e+00,1.294600312724303670e+01
-8.888989962152979984e+00,-5.965884018502859654e+00
3.446316583767855768e+00,-1.152593916033014310e+01
-2.372173202962995830e+00,-8.418673430763863763e+00
1.268655915554115499e-01,-5.840010595866522713e+00
-1.078569628942440950e+01,1.356379397995531644e+00
-1.141906272508149378e+01,-4.467830097575392623e-01
-1.297011388533698684e+00,-1.169523205565326229e+01
2.417363773945293282e-01,-1.078749387631967060e+01
1.418960895920878151e+00,-1.618011722906544136e+01
-1.402183803365353221e+01,8.236403929123644829e+00
-1.159486402746577127e+01,-1.979394260991186594e-01
-3.447697177375496747e+00,-4.887166048799672424e+00
5.576222561836742919e+00,-7.947888241432655931e+00
3.015535969125457072e+00,-4.999770661710055464e+00
1.282570210851094750e+01,-5.999326000659552793e-01
1.357059692297761799e+01,-3.913112540749908774e+00
1.393025339776934857e+01,-4.173463998258310603e+00
3.246044036257355603e-01,-1.399575408742731852e+01
4.380839037789763246e+00,7.493430335078780757e+00
4.797309221228865717e+00,9.357310266838767987e+00
1.318775343100102804e+00,1.245154911398899955e+01
8.274592721171378784e+00,1.029903984213000179e+01
-8.158794391801210688e-01,4.283551876126717062e+00
-3.674947681027974422e+00,-1.308359557841242449e+01
-8.805038703161537583e+00,-6.069781960608518823e+00
5.968125089814008355e+00,5.368775426240297577e+00
-1.046031081142492880e+00,-1.683808338298700491e+01
-6.538101962622950403e+00,-4.537594902040892997e+00
-6.682067779107650374e+00,-3.774186601915699768e+00
9.026401453899497440e+00,1.313627116183646670e+01
-7.307279454370931848e-01,-3.585567128017117078e+00
-4.367102450422035709e-01,-7.092699398428541357e+00
-1.215733467853219896e+00,-1.344988074689696766e+01
-3.562255721883378801e+00,-8.203416106200394964e+00
5.780777201076603866e+00,7.217390922345723325e+00
-1.266336497228299862e+01,-3.822566096214667919e-01
-5.463978033984166593e+00,7.795172568661715040e+00
2.428864949310553634e+00,-4.666704806814919948e+00
3.793591823813831088e-01,-1.798401578471747531e+00
1.429385139218652867e+01,5.133068086039271449e+00
-7.504671562961356734e+00,-3.153379499217715320e+00
1.569595524735669434e+00,-4.517039872556365410e+00
-5.418453802517015916e+00,-1.561827586770409759e+01
4.079128860610652829e+00,-1.562176572445969214e+01
-5.898507665547927381e+00,-1.642647246705623454e+00
-2.030490151370760277e+00,-1.433343643527256894e+01
-6.632347046722218975e-01,-1.265826921004880390e+01
-1.813283501974213729e+00,-2.180969987170147117e+00
-3.877636213123746511e+00,1.381056024980236252e+01
-4.117541480023062306e+00,1.403280974309550366e+01
1.710344743204586138e+01,-6.715814202376130915e+00
1.716911212894033412e+01,-6.730019734262706166e+00
-1.128360375763599821e+00,-1.419643966481969066e+01
1.712292882865951071e+01,-6.682328255693519736e+00
5.708170910039052970e+00,-1.075921592179087583e+01
8.848141138019776974e+00,5.209025172685017857e+00
-2.277542472222819026e+00,6.942395605930014924e+00
-1.242693123307480896e+01,3.743652226694647589e-01
-4.988085140393375916e+00,1.539898229493912751e+01
-4.209479875180913488e+00,1.532030583547685687e+01
8.600890074257436790e-01,7.217150292489929342e+00
-3.921476632935662732e+00,1.487312172294534030e+01
-3.098813182656291687e+00,1.659767578268810695e+01
-4.076251386080659067e+00,1.544556511320617354e+01
4.249985665195903373e+00,8.062564972898460525e+00
-3.217280807936528486e+00,1.659120310484733096e+01
-4.254075650932166219e+00,1.582746394961715808e+01
-1.507767313863799252e+01,9.368589705113876676e+00
-1.146361058466321836e+01,-1.317417685765803759e-01
1.704437637140959083e+01,-5.836919618031397583e+00
-7.408714080878659125e+00,5.737742196513409887e+00
7.900839240767928651e+00,1.095902921210888081e+01
-7.812378846108579689e-01,-6.047294725024066508e+00
-4.661314195792832571e+00,-7.765061418179018737e+00
-2.741126599962963706e+00,-8.972108028617348907e+00
-8.118659733748994078e-01,-1.399804395100641230e+01
6.580958806391463689e+00,-8.334036466162499934e+00
-4.145501571555324283e+00,-1.684215460949909371e-01
1.138155895958768582e+01,-4.097800637224209730e+00
-7.107523660227450968e+00,-8.078357044515266594e+00
-5.341226140396664768e+00,-2.368994990457411021e+00
1.714747488635607775e+00,-5.292136280085399491e+00
1.983702912010408159e+00,-1.387002356413245252e+01
1.689370438369545724e+01,-6.098941383058475552e+00
4.355081305731109964e+00,-1.047014091573987571e+01
5.817427004429815085e+00,-8.993646727142623476e+00
2.592705059818779301e+00,-1.251935001380266854e+01
-1.070467538347417980e-01,-1.540896204034191186e+01
2.576564802462970594e-01,-5.328838804868698542e-01
3.378889224814916048e+00,-1.578323603557723409e+01
-2.108689484599515662e+00,-3.325717445657480287e+00
9.148597234698507830e-01,-1.807782028048922029e+01
-4.217759010402912345e+00,-4.509609733298914236e+00
-1.130971842161710095e+00,-2.392211145776496295e+00
3.494553992940820031e+00,1.045556172750038471e+01
3.475236661604505173e+00,8.537212423922968085e+00
-5.188227687656925546e+00,-1.479689965902223570e+01
-6.605123596237799433e+00,-5.268901198774754491e+00
-1.154211012388219615e+01,-1.622469506293545416e-01
1.267511911585583562e+01,-2.077930558612150591e+00
1.276164644832258999e+00,-9.938329607204863692e+00
1.400519294095043943e+00,-1.192423685206769335e+01
7.842879904618108355e+00,-5.463906024638220060e+00
3.189839562804604345e+00,-1.543550640633884008e+01
1.277061164626971035e+01,-3.830227615909983285e+00
6.320325777393077438e+00,-1.129306680162267185e+01
-6.930170389989363855e+00,1.049389261069304702e+01
-3.889589480127242371e+00,1.412425280376873715e+01
2.831985457625323388e+00,-1.267481571547270214e+01
-1.502489634349654501e+01,1.561154656371111393e+00
-5.841730236155243894e+00,5.649654540045376372e+00
-5.814003371094297101e+00,-7.634739152935873463e+00
-1.327931471498540184e+00,-3.830542682326224746e+00
1.206148189484541833e+00,-5.417880792043744620e+00
7.883578055144760954e-01,-1.881163166290046007e+01
5.490220499845232638e+00,-7.979301840855320904e+00
5.676119837108821287e+00,-7.903832653679979892e+00
-4.330627997171747623e+00,-1.402915498702332719e+01
-6.815676449328259778e+00,-2.382765918671142735e+00
1.220530570649614788e+00,-6.125091251343307341e+00
-3.943109849484551788e+00,-1.577296570363128403e+01
-4.831786754003437601e+00,-5.374273269497185090e-01
-3.176400081492741556e+00,-1.319191771338329744e+01
-5.614947989297229825e+00,-2.324106474482702467e+00
-6.507481966896162540e+00,-8.217153388288392923e-01
-3.852606603385358763e+00,-1.338061905194436818e+01
3.755987649783198545e+00,8.118287514622279488e+00
-5.516546053256289106e+00,5.527443016134133913e+00
-8.411997789940943715e-01,-1.256585418885581396e+00
1.302298070135958330e+00,-6.274052225583999665e+00
-2.894605860843550094e+00,-4.034257799041682802e+00
-4.339344739415635921e+00,-3.930829377195499852e+00
-4.246020013936544935e+00,-1.362882903464998208e+01
5.678865030427203697e-01,-1.303850497931020769e+01
-1.863832901472612491e+00,-1.539195201002635649e+01
-4.260171294630350047e+00,-4.765946214323832031e+00
8.107915423710767566e-01,-2.310710455752538639e+00
1.821660022070016316e-01,-1.434282217884705801e+01
-7.980489132496604299e+00,-4.562683782541526512e+00
1.317785256147551287e+01,-8.522095176949764372e-01
7.121516362067707107e+00,1.053482775190422238e+01
-4.018424404143551065e+00,-1.182390698946688801e+01
1.160275352182280351e+01,-2.032129489455483995e+00
-6.150901327851853395e+00,-5.559744786017756901e+00
1.350988019790117178e+01,-2.641448066783014692e+00
-5.017372037491633741e+00,-1.371365079948869470e+00
1.462152582268652523e+01,-3.239485060843365183e+00
4.391836562088291096e+00,6.641038451474818416e+00
-5.858983072991946095e+00,-1.555331316641120898e-01
-7.068822839806850666e+00,-4.794431392977950068e+00
5.744026519043652357e-01,-1.272488500991713423e+01
-3.523746407068909736e+00,-2.187442180615162268e+00
-1.270800537024060484e+00,2.637263861255196296e-01
3.095379645039372019e+00,-5.104938745883967677e+00
3.771902575547195102e+00,-1.282906708268991558e+01
4.287362754203650539e+00,-1.537378176717336764e+01
5.397979385042013245e-01,-6.939412756136802862e+00
3.992174297164530206e+00,-1.415163625167839356e+01
6.324598942094878495e+00,1.225833507792193089e+01
-8.954977819843101372e+00,5.865513879210510595e+00
-1.491744050342921923e+01,9.309340681367983095e+00
-1.053396129327349051e+01,4.542542083536573294e+00
5.652528380922436035e+00,8.659634505241729840e+00
7.774841518408913466e+00,1.035098769833739674e+01
5.777436445385500940e-01,-1.215236943131269953e+01
-3.386152586158527988e+00,-1.302310066719730308e+01
1.153569093920157274e+00,-1.366026496428109915e+01
5.171556504134018795e+00,-8.458779755659948663e+00
-5.665920653887392966e+00,-9.234021677777369819e-01
1.446533670018329154e+01,5.320238902827802541e+00
-1.691459594301530034e+00,-7.217285812055544980e+00
-9.754679695764270075e-01,-1.224059074193339569e+01
-3.005782440429550562e+00,-8.808317622630562838e+00
6.551267989559653948e+00,1.221767830938032340e+01
-1.044185263313057810e+01,5.968196601932356238e+00
-9.029667935807875523e+00,6.929262148692160395e+00
3.228376742381636522e+00,1.058747310858942114e+01
4.254723738107901276e+00,6.305692532433688768e+00
4.530158253838382443e+00,1.406490782832203656e+01
4.364382800593512357e+00,1.426323521692338936e+01
4.466464954065835435e+00,1.411907459298739731e+01
4.478709407448946855e+00,1.408317063374861000e+01
-1.530306355810724206e+01,8.867965834575993966e+00
-5.403814073314821442e+00,7.676254247231108607e+00
-5.579463542059494019e-01,-1.817733084950034161e+00
7.858836600954743901e+00,9.602508608660800249e+00
4.608002274783973284e-02,-1.434433068716560555e+01
-1.895555089573627949e+00,-3.408868987375171411e+00
-3.154571181523868173e+00,-1.709386451793787121e+00
1.282154862798220885e+00,-6.437835322523102199e+00
-4.520841224873175968e+00,-7.145432806781318646e+00
-5.602581959813248691e-01,-1.462362091211219628e+01
-5.199867091176852085e+00,-1.448181374447416481e+01
-2.992978611349839113e+00,-1.719625561223080368e+01
1.578746928220694734e+00,6.991075237958704669e+00
-3.228198093902580723e+00,1.658155397967253819e+01
-7.587021953979182776e+00,-5.584775848363652706e+00
9.750432236613107984e-01,-5.836674466482123513e+00
-1.215287866384649140e+00,-1.423402812478724577e+01
1.421072635059674205e+01,5.094453844588457514e+00
7.003128134450689046e-01,-1.527199737442363414e+01
3.150088923701598986e+00,-1.139709549553090540e+01
-8.219855058109972745e+00,-7.145184929001933583e+00
1.044656960897212628e+01,-3.130856283934269513e+00
1.248845068248797707e+00,-6.250773185883514493e+00
-4.683200335969458727e+00,-3.696275589658162719e+00
-4.205668843233062226e+00,4.899225108683952001e+00
4.372717488010942510e+00,6.876715401148053353e+00
5.154980783426741375e+00,6.409811215069113111e+00
4.510759752193771455e+00,6.500071119274089426e+00
4.285297110734325621e+00,6.008040794119714256e+00
-4.649308040913037843e+00,-3.635547631393156287e+00
8.804472222332028863e+00,5.299953588211566924e+00
-1.157474315414029009e+00,-7.935084773606065234e+00
-5.489382956836735161e+00,-4.196718482867657585e+00
-1.277765691112274560e+00,-1.152651908553272264e+01
-1.085500758664496024e+00,-1.184878828606036194e+01
8.536301018911254701e+00,1.105661381472203431e+01
-5.970318924678361228e+00,-3.702639049802897375e+00
-6.661497617001140625e+00,-2.241914171937667621e+00
5.765347326246080151e+00,-9.566215370605352319e+00
-5.444287451819112000e+00,-1.443796893490517519e+01
-3.516007105648123243e+00,-1.551044788069847513e+01
-5.735390644172193575e+00,-8.119420773204570452e+00
1.225929071358750022e+01,-1.138162658259556093e+00
-8.645520553447786583e+00,-5.143939656345136058e+00
-1.937046377198974101e+00,-1.486846969957922582e+01
-5.205656868444592078e+00,-4.802043477556187767e+00
-3.979971998942907874e+00,1.466103860645601209e+01
-3.777255786807458993e+00,-7.259729960016205297e+00
1.409621930448982097e+00,-6.292050640725181943e+00
-8.854401547797483119e+00,-4.671089250948278426e+00
-1.949674950992068556e-01,-7.237492729405522240e+00
-8.364194727480773750e+00,-7.617450179656199083e+00
-3.198066131639235365e+00,-1.290862746591056798e+01
1.151568702484246920e+01,-1.471487979785563782e+00
-7.384571259972207147e-02,-1.222628436915495342e+01
-1.095653430756019509e+00,-4.916307266518938235e+00
-3.667192534697879758e+00,-1.460769690545740040e+01
2.410064347612791646e+00,-1.177835796445006622e+01
-7.151745873661924380e-01,-6.442242837863005001e+00
-5.453169451645164756e+00,7.752154159872673311e+00
-8.170131915126221500e+00,-5.642623090816207387e+00
-3.888055207530649593e+00,1.402488964047684661e+01
-3.796679261393030913e+00,1.437843761346317528e+01
-1.061875586815074213e+00,-1.378114051873733104e+01
-7.485700193324544838e-01,-6.287573876601415535e-02
5.500767169601414430e+00,-8.818252835443390225e+00
-4.216355694431793033e+00,-1.549373223702266955e+01
2.815554688945803186e+00,-1.119296336519533064e+01
-1.625166051610097417e+00,-4.974784246090669271e+00
-2.398996100022406708e+00,-2.708396470357342878e+00
-2.095139516875889729e+00,-4.190781780577350624e+00
3.546763153498771803e+00,-1.079880440768026695e+01
-4.252843729305599396e+00,-1.251842567323118338e+01
-1.270769875504711655e+00,-1.550274189407897119e+01
1.404758770822528113e+01,-1.148706863198115213e+00
2.627525936111767546e-01,-1.134582417669796151e+01
5.998562271444761507e+00,-7.864768263674032589e+00
-3.705016087338153241e+00,-1.469701526185625617e+01
-3.179110268976907072e+00,-4.846374946596652578e+00
3.926893898322854515e+00,-1.489464637984428563e+01
-9.418429623089086267e-01,1.349846624052918054e-01
-3.971912918875799003e-01,-5.189218847558418446e+00
-7.954029673456921579e+00,-5.448984148604565370e+00
-2.333407636635538740e+00,6.835640481602428764e+00
-9.392779138521904159e+00,6.085340322965081761e+00
1.426260171883384942e+01,5.124098003028812798e+00
-7.980139687786154123e-01,4.299544525353852897e+00
3.131990383283533408e+00,-3.496178000380503637e+00
8.852450628289536994e+00,5.180117096040039115e+00
5.087442903217290535e+00,-1.260519977641014044e+01
7.599030748982937844e+00,1.121547087479598837e+01
7.982052116141446163e+00,1.158773777841189556e+01
2.601102918039566614e+00,-2.542931676926299289e+00
4.464225387842303938e+00,-4.088648700296290350e+00
4.617222051909778635e+00,-3.894261672865343193e+00
3.987255570106922775e+00,6.510978778845805337e+00
-3.298748318522577438e-01,8.567940173701924067e+00
-5.641274134232228121e+00,1.013200059087647453e+01
-5.192055689735905588e+00,1.382298911824438470e+01
-4.706268181352668556e+00,1.347904979776601131e+01
-4.807151945044174646e+00,1.343095809962603049e+01
-4.865843492209230625e+00,-8.239158061752332785e+00
4.242889262114607263e+00,7.269413345183512121e+00
-1.141523685203197047e+01,8.695634669903828939e-02
-1.193242977693940832e+00,-6.515778463282954291e+00
1.500474876369340738e+00,-1.193424729805339091e+01
-5.124308973328006722e-01,1.097593018568276335e+01
2.312914095668975545e+00,8.081469993089671178e+00
4.277340428301490971e-01,8.134948120366630064e+00
1.431775458500345266e+01,5.156719401951534998e+00
-1.049182322617242669e+01,4.489799384340763311e+00
1.291451908237286261e+01,-1.042248541112622107e+00
-2.323758590925727674e+00,6.851064562192035190e+00
-6.958419457538576935e+00,1.048972774497056726e+01
1.197551804856371049e+01,-4.449438588606028588e+00
1.470012003718817084e+01,-2.167702523699383654e+00
1.021403777926926359e+01,-3.184788618650056691e+00
1.424251583816193545e+01,-2.466861538128330089e+00
1.421471421415051672e+01,-2.083989001122672047e+00
-2.659104463604869739e+00,-7.981871900410537179e+00
2.358219207965004838e+00,-1.589902769446269382e+01
1.407517549323116945e+01,-2.169064580535070785e+00
-2.740284978255710602e+00,-9.496277908950821356e+00
-2.460854365798991417e+00,-7.299105579446025338e+00
-5.480494831590172033e+00,-6.568466581580765684e+00
8.012627087321693153e+00,1.386594874969126501e+01
9.578706892799219830e+00,1.159836021454858290e+01
-8.965496545694923824e+00,9.272165678171193193e+00
7.597076628136565368e+00,8.213112479015160616e+00
7.796661710984207794e+00,8.260591975505246154e+00
-5.518385716883876135e+00,7.758036272307894166e+00
-5.451834079793413501e+00,7.769059055642165035e+00
-5.634166593193056904e+00,1.013966371803206457e+01
8.183689784803430456e+00,1.028234530490349918e+01
-4.248099959336539833e+00,-4.735312372471214282e+00
-4.692932030298091028e+00,-2.801641281469724909e+00
1.367409848864961042e+01,-2.792323602001475891e+00
8.414083467576666253e-01,-1.727768676351599098e+01
-5.171637388802643898e+00,-6.514127907617824675e+00
-9.607200165641921474e-01,-1.121105914804105019e+01
-4.598032020774392770e+00,-7.798065307152886483e+00
4.018103048162717350e+00,-6.107159388670337918e+00
3.585764200207774977e+00,-6.047529906867715077e+00
3.630651111121239616e+00,-1.409769176611695229e+01
2.662627285517068287e+00,-1.221131590325538241e+01
-4.639631077641135803e+00,-7.082658723249809496e-01
1.279049791685130888e+00,-1.365443273778866562e+01
-1.047779887603583315e+00,-6.147537691750259548e+00
-4.771083607796135162e+00,-4.152840697620692190e+00
3.468622414548645949e+00,-1.491414858339796012e+01
-7.880050818161119075e+00,-8.864728293790859581e+00
-2.570044738368671311e+00,-1.282090141976920172e+01
-6.422719543804336517e+00,-7.465477485674777647e+00
-2.972716722514793908e+00,-3.230873530481016331e+00
-1.037034514657993872e-01,-1.325176940179320617e+01
-2.291929234070774868e+00,-1.425937121584253120e+01
-8.588362848109522218e+00,6.342464032190099132e+00
-5.638368390662742868e+00,3.219241313776140256e-02
-7.317365878038191163e+00,6.460466956039091713e+00
-2.582975533510657673e+00,-1.368785811050462087e+01
-1.066990531009012200e+00,-6.539576468904411577e+00
-4.714178416498834956e+00,-2.058177699974173436e+00
-1.514610946351774068e+00,-1.742370477765878789e+01
-2.418827587630773213e+00,-1.728148933031632595e+01
-3.168693452552321155e+00,-8.821400272315004898e+00
-3.483647131661482099e+00,-2.032069842303643625e+00
5.293686852037070345e+00,-9.116036133994446899e+00
-6.544636907179482321e+00,-2.488729690308655318e+00
-8.170263963091293213e-01,-1.295589149310153765e+01
3.081707320802917760e+00,-3.561654188290919176e+00
8.410366631038574070e+00,1.036526314083993405e+01
1.421697623112277853e+01,5.081799404364657491e+00
6.710612251804692896e+00,4.480591534080505589e+00
-8.679117407503213144e+00,1.026978343431745699e+01
-8.705610786728934514e+00,6.239956036297238384e+00
-3.745906324447310531e+00,1.550346809390390312e+01
1.420751707919853857e+01,5.094131843002054794e+00
-5.434331934256674934e+00,7.770823646657683881e+00
-1.032218531172050202e+00,-1.706888108861227948e+01
-1.307858900917756984e+01,-8.841256595264630036e+00
-1.308533064571804871e+01,-8.737162570200936784e+00
1.373473490144189313e+01,4.727806227548621898e+00
1.433155456910035674e+01,5.172815118064775675e+00
-9.007988036817549116e+00,9.133780450400617923e+00
-1.044736914886066081e+01,5.899465774559715214e+00
1.422553573060084675e+00,3.555931703162233060e+00
9.653785592426883611e+00,-1.514955201146122254e+00
-5.808197059380066030e+00,-9.902057425202170915e-01
4.689223273071206677e+00,4.555985239935172793e+00
7.071048753804669573e+00,1.053271390085476966e+01
-1.045490177113703822e+01,4.685947070506155221e+00
-1.037654747913046904e+01,6.028915940307193466e+00
1.361873143688479537e+01,-1.183113220847549130e+01
1.292542864579580275e+01,-1.069274159548847436e+01
1.354439924160335096e+01,-1.179322198524003973e+01
1.293908786323363636e+01,-1.076397600317839753e+01
-1.564530306733651166e+01,8.176419208368432834e+00
-4.028732460101684509e+00,1.416008987350324766e+01
-3.925261283390704126e+00,1.414882842157063436e+01
-4.085640143966503324e+00,1.431693737175458025e+01
-4.348765572220256281e+00,1.481563186171256241e+01
-3.848486235524239518e+00,1.476183666185510823e+01
-4.063333332921747143e+00,1.433189612231975296e+01
-3.941392847527991350e+00,1.448777993480997495e+01
-4.077663689750033349e+00,1.433994677917635840e+01
7.575672198310951622e+00,1.055213336033895111e+01
-1.558047229627157471e+01,8.107552803708083289e+00
1.517380514264094815e+00,1.367124622500484676e+01
6.074632016859100148e+00,7.560355760845721029e+00
1.419173035297036556e+01,5.075470158825757139e+00
-3.147821540843487309e+00,1.314290094050364921e+01
6.117916702574522247e+00,1.756179102803904879e+00
-7.648702093530218349e+00,2.308385408950734963e+00
-8.508865147641129667e+00,9.845494872815399034e+00
8.671267126661263092e+00,9.673170732769191815e+00
-4.214809418162329457e+00,-2.449832837302826860e+00
1.361208643435471721e+01,-2.686948066579195604e+00
1.265299272893131288e+01,-2.707263283281496680e+00
-7.603524325671485506e+00,-4.716156097575131767e+00
-2.645671627430645767e-01,-1.710731788516777740e+01
-7.310811893535739792e+00,-2.332283986371351148e+00
-4.671983849602862726e+00,-1.546605258875907829e+01
1.334348599957266579e+01,-4.297227890805507045e+00
8.255112560133900601e+00,1.531462022048605265e+00
-2.312822051490280639e+00,6.848060322413287437e+00
-8.588856955379380764e+00,6.217445942817912297e+00
4.001046104283506821e+00,1.961362231691243352e+00
-8.631736752541355528e+00,9.794584453960435866e+00
4.864626501911882173e+00,3.897079909490053673e+00
-1.174690010127318551e+01,-4.356563807909774599e-01
2.720181940614030847e+00,-1.476507484512375257e+01
-3.163687114596061889e+00,-1.744929698021639908e+01
1.240971499944098788e+01,-1.822942784300282115e+00
5.202432299500487467e+00,-9.507135504739270715e+00
-1.111893022306447598e+01,3.879700098984848466e-01
-3.897881230439180111e+00,-4.138140623087405601e+00
1.339374617821494873e+01,-3.182973805687856483e+00
1.342858127781803468e+01,-2.984217239486398388e+00
1.284757678696477434e+01,-2.583745801231147166e+00
-1.876519764205849317e+00,-4.179722427174922039e+00
-2.903618292539509760e+00,7.308611485020305443e-01
-8.767809129382693190e-01,-1.430570555727674709e+01
2.332432222568542879e-01,-1.760393515478499182e+01
-1.423785531925350512e+00,-6.702462450944667971e+00
-5.310647671320303242e-01,-1.206899033734087467e+00
-2.251327998944866238e+00,-5.150693746605650603e+00
-5.826003090860758515e-01,-1.538502979647269342e+01
-4.145609388620888902e-01,-6.657106995119910664e+00
-3.579616941216072323e+00,-5.596313915000638239e+00
-2.836927934779379878e+00,-4.821165992631267549e+00
-5.486489305583234888e+00,7.729765281921375575e+00
1.244092267642469096e+01,-2.076409613301358981e+00
-6.361538271151458979e+00,-1.135017771590214508e+01
1.816713070600582958e-01,-2.016709866107893490e+00
1.902169257548752768e+00,-3.875072693157293191e+00
-3.582210547920157140e+00,-1.302019308644940132e+01
-5.612516383932499853e-01,-4.545745873043381735e+00
-2.541381655290608332e+00,-9.168452214391827226e+00
6.474918256831689867e+00,-8.399421802302533990e+00
-5.138071459885427572e+00,-2.783446242492398248e+00
5.908424875898909079e+00,-1.134941787282390457e+01
-8.058736952320006974e-01,4.294945161233521880e+00
-6.743597977256417408e+00,-5.503580868773544132e+00
8.839612322177089254e+00,5.222560331529192190e+00
1.339196299979049520e+01,-8.232493992710837594e-01
1.293024846139894990e+01,-1.590794273606205511e+00
1.415010700108917341e+01,-1.905230860389749425e+00
-6.479401001695472395e+00,-5.428651193299378619e+00
1.342749726155854439e+01,-1.768259090561354441e+00
-3.536312753633659156e+00,-2.149710053778108865e+00
8.236316569179209512e-01,-5.979596052578897591e+00
-2.449048586652387005e+00,-4.644531004872997748e+00
-6.997222609881525557e+00,-1.223149588549826250e+00
1.325888229754128922e+01,-8.275556305587112860e-01
2.882214243167070533e-01,-2.573202996518198504e-01
-3.696382626160327423e+00,-8.161599212395270087e+00
4.648318507401695499e+00,-1.318389631810865481e+01
3.897334450915856396e-01,-4.328392961797107863e-01
-2.485213177845271737e+00,-4.910540360198367260e+00
4.988579046826295826e-01,-1.706200930314052755e+01
4.828027531718174004e+00,4.068530747056126273e+00
-8.747611618225544561e+00,6.217729140643187158e+00
7.090509510162734230e+00,1.177930771201336491e+01
1.421320870717250884e+01,5.087535230116096763e+00
6.612820119035386357e-01,-1.025501794199050742e+00
8.900983605237613450e-01,-4.488484718936453177e+00
1.077932224748292711e+01,8.747584846308262385e+00
1.000776708796747450e+01,7.939727676779769538e+00
1.422034223399169761e+01,5.087985475738698860e+00
-2.282095906250765527e+00,6.944492922013976610e+00
6.059311300392829835e+00,1.692085798890470283e+00
1.023280737920968742e+00,6.893778058516204510e+00
-1.088106673464490370e+01,5.642799972420685428e+00
-2.250646087055183653e+00,6.936717488854565516e+00
1.884777399128406472e+00,-5.617953755884308009e+00
1.784821119306150905e+01,-8.521515562693531720e+00
1.710175161649459952e+01,-6.966864547901149507e+00
1.714345901220903556e+01,-6.820553263179459869e+00
1.815182325116871809e+01,-5.080922929085267548e+00
1.707923727556238802e+01,-6.646897579959783364e+00
1.716270371863035038e+01,-6.856251294674168939e+00
1.714939771591572182e+01,-6.705624573447756198e+00
6.376346092017556089e+00,9.106917539396729211e+00
-5.423052889507498975e+00,5.403679063059490417e+00
-9.282743037291574240e+00,6.604477512986014709e+00
4.075550296713076337e-01,8.173995586313125727e+00
6.021114973989356578e+00,1.663433597883495096e+00
-1.442208681572166817e+01,8.281103725673405691e+00
-1.468116982457052799e+01,8.930367275630450408e+00
-3.918831732052669992e+00,1.403905466988115691e+01
-3.969737054998220938e+00,1.414783599440568551e+01
4.639721811320014488e+00,1.394430379863770142e+01
2.335915806419107454e+00,-1.044659664985849190e+01
-1.555381055575475457e+01,8.128487861377864832e+00
-1.553125640050878076e+01,8.097454018662229913e+00
-1.552504649784645530e+01,8.186120611245044643e+00
-1.551197042587457275e+01,8.222576627608178867e+00
-1.455518866009991541e+01,8.785783522578757498e+00
-1.463964122558510894e+01,8.774489148323882048e+00
-1.447855644256231145e+01,8.237286673988167607e+00
-1.468375969201109221e+01,8.918098577757890055e+00
1.727800470800586297e+01,-6.364251417439895420e+00
8.232666866108184323e+00,2.161779471316296330e+00
7.336522724736733281e+00,1.287499744568431304e+01
5.107264511403110774e+00,5.372212616373139404e+00
1.149198149611016717e+01,8.740722368676806298e+00
1.132994429593303920e+01,8.718770483413262440e+00
1.132084170913652521e+01,8.718250827377683976e+00
1.170419609194306254e+01,8.697459910755600987e+00
1.154946958284755354e+01,8.730282474885672883e+00
1.157799983887903572e+01,8.722773444532684550e+00
1.136280025679500127e+01,8.680941493922849972e+00
1.180651002380484549e+01,8.730049196083125906e+00
1.162251243453609462e+01,8.730009935587615288e+00
5.290832043031677756e+00,5.947459707809646723e+00
7.692868020069820290e+00,1.071951975964285708e+01
5.008347613256637132e+00,7.451612451918712132e+00
8.407107839829537355e+00,1.321307694733401306e+01
1.429288319731711709e+01,5.149581788233351887e+00
-1.137705989115972827e+01,9.435077772836208965e-02
-1.041346467633336381e+01,4.599696486492565128e+00
-1.463872944863034675e+01,9.171659471989688228e+00
-2.574563920403907691e+00,-7.118023664250148208e+00
-3.753109030657959533e+00,-6.264806139282419473e+00
-6.891918122933554436e+00,-6.381267246578998353e+00
6.674423369759281854e+00,4.484108196065666796e+00
2.351080503459082482e+00,-1.177196242812244620e+01
5.752908955107661093e+00,-9.331391345883822908e+00
-2.850101613371177844e+00,-1.408510450792455870e+01
3.459390586063860185e-01,-5.332712952701040621e+00
-2.691624939990387710e-03,-2.698255940583041745e+00
1.156616243529309029e+00,-6.312212631990739453e+00
1.272136500291485284e+01,-2.042442354172949948e+00
1.800338393659113745e+00,-1.221809655344421941e+01
-2.072521769098959687e+00,-1.683305810713000383e+01
-1.455489915064992479e+00,-1.716683180490994332e+01
-8.461102121313734514e+00,-5.618523209052634471e+00
-6.784989635302133948e+00,-4.250408987924023663e+00
6.383893216746860944e-01,-1.731818643780099620e+01
1.461864762848202126e+01,-2.189045603703104970e+00
1.461303632387727980e+01,-2.861536228129042403e+00
1.382700632341408920e+01,-2.212966272139428536e+00
-7.933648644055701027e+00,-5.643542029605098875e+00
-3.867600329322471886e+00,-3.024013669634127321e+00
-1.142483961969409201e+01,5.442798703003527000e-02
2.676786249309107024e+00,6.962367831120560346e+00
5.057626236703357314e+00,3.307397047817439262e+00
-5.664638039702884598e+00,7.769898092523036759e+00
1.192629323106417338e+01,-1.555106513891355124e+00
2.620411166304073447e+00,-1.689279660267639471e+01
-2.682486283033366004e+00,-1.080199744508533843e+00
-3.132843426258040687e+00,-8.074776282969422070e+00
2.436149290040821036e+00,-1.273854814131125401e+01
3.863418924491982764e+00,-1.106095063743601514e+01
1.238233396120936858e+00,-3.123356323544993263e+00
-3.116442202280843787e+00,-4.846076311050271812e+00
-2.560462923740535413e+00,-3.924266035383816131e+00
-7.793532241265196392e-01,-4.869397982164710648e+00
3.821145046260935985e+00,6.483731736082437358e+00
-5.670137368058542293e+00,-5.734255753113979281e+00
-5.628854820187017438e+00,7.763592617373628713e+00
6.122379497846867302e+00,8.595287454050746234e+00
-1.310970296782696920e+01,-8.059889802970870321e+00
-7.000654142711750794e+00,-4.872656112306725795e+00
5.565014792586853609e+00,-7.988413761337806562e+00
-5.658144179054693801e+00,-6.969333545587129919e+00
4.100620091195525063e+00,-1.483705015745786504e+01
-5.786608288066838135e+00,-5.284261132081578438e+00
-2.252365268064519199e+00,-1.371816946105485435e+01
4.902485622205405846e+00,-1.461563045962711982e+01
1.231643436021996552e+00,-2.794394374944591419e+00
-8.318309894601094712e+00,-5.210046167131415551e+00
-2.506835378531098613e+00,-1.284988625399716611e+01
3.969132966753611047e+00,6.681280869963057256e+00
1.161516265630654487e+01,-1.019995143152930872e+01
1.424979247957961981e+01,5.115431081477047393e+00
4.012863574430915570e+00,6.638692992520099700e+00
-2.345895132389473225e+00,-4.194151278100590297e+00
-5.190131560073178107e+00,-3.473815254624688986e+00
-1.501800107017877650e+01,1.585668474813599627e+00
-6.949732718891573846e+00,5.635181457178490838e+00
7.910682715352249872e+00,1.056493729295598527e+01
1.105288303640234382e+01,8.359260976210681093e+00
1.196439723016382928e+01,8.536129755247895190e+00
1.065750397124168991e+01,8.804270635087620533e+00
6.582545430593581770e+00,8.968523855833186786e+00
3.402841174399187096e+00,5.821074597237760884e+00
4.470696880380862659e+00,1.410107618292990850e+01
-3.821559932569484452e+00,1.409672716083287014e+01
-7.177994429122679598e+00,-3.450798699613782716e+00
6.170712326803805325e+00,-1.299486314263906594e+00
6.230743349164369782e+00,-1.634682613408179774e+00
6.444068288233773423e+00,-1.192758176615013266e+00
6.403281327242306809e+00,-1.712473196312015222e+00
6.108714481144898123e+00,-1.425424641587331731e+00
3.910519621082577224e+00,-7.496810269708059637e-01
6.208687581396684863e+00,-1.130101656493464057e+00
6.207775255693743333e+00,-1.321019732360461107e+00
-1.057538558887049973e+01,6.102857403135043768e+00
2.266279488503089468e+00,8.055120513671322868e+00
4.257209476467849751e-01,8.042327785475096746e+00
8.842773362331275422e+00,5.258352843638087748e+00
-4.027283928440883454e-01,8.786725394438148484e+00
1.117288583165098742e-01,8.372998486925730788e+00
4.824534278444907009e+00,4.010761021676238158e+00
-7.753769588289105563e+00,2.274714922615816093e+00
8.267148847146968293e+00,1.429371977180762698e+00
8.248585346914079963e+00,1.489562172270289642e+00
8.261536276172918747e+00,1.450308604539233492e+00
4.702582682310749718e+00,4.550921477042857433e+00
-2.299839932362461870e+00,6.851394781157097214e+00
-1.046244672793629604e+01,4.515232588356246524e+00
-4.548880583207758121e+00,6.085170404676388145e+00
-2.185810840901291296e+00,6.945383722804021609e+00
-9.883584003147937835e+00,4.782909660592811640e+00
4.183355840412422033e+00,7.498765266814087838e+00
4.580838510765863347e+00,6.425434959416015168e+00
2.089296816849861571e+00,-1.077653563376101786e+01
-1.936720997436692349e+00,-1.502846731344190445e+01
1.223682303319526277e+01,-4.459189061218133965e+00
1.304468106291145624e+01,-4.928718804219339944e+00
4.032059973530284225e-01,-5.012031917820007010e+00
5.397193372097426334e+00,-8.154290868520668312e+00
-1.155483678327945185e+00,1.112939810604174351e-01
2.128644468585844662e-01,-3.118137109603351664e-01
-1.677647879961415622e+00,-2.739406123611833888e+00
1.405331559723305546e+01,-1.857225251849773606e+00
-1.582802628179902582e+00,-1.368169091472888077e+01
1.337959872087160740e+01,-3.189581026435038602e+00
5.722004013635905828e+00,-9.000818852080165300e+00
3.037373964353315969e+00,-1.673958575586823727e+01
3.748651096252362702e+00,-1.346404061430575005e+01
1.037417400500741937e+00,-1.862170373606253904e+01
-4.001385211749973969e+00,-5.749811767413261165e+00
1.038007995799473449e+01,-2.861261258808887931e+00
-2.025953267596601659e+00,-2.047270542316923958e+00
5.074259484223748728e-01,-1.596846589390221993e+01
-2.329653371973407605e+00,-4.066478614599600583e+00
-2.150310026892239712e+00,-1.867649415923682277e+00
-5.415324302742151374e+00,7.764094228009821741e+00
6.059154201871402856e-01,-1.376926355719243844e+01
1.574500919027111090e+00,-1.233005203419870810e+01
-2.006627910276477689e+00,-2.490802824964063245e+00
-9.313594248191517933e-01,-4.121732776266429532e+00
-2.406917394319343373e+00,-5.818765927411283734e+00
7.415467903132909600e-01,-1.504928001226684309e+01
-1.338732558662258709e+00,-1.142021929045807660e+01
-3.990630467085517274e+00,-8.060366243920723761e+00
-6.454809180768686261e+00,-1.760767833609075073e+00
-1.288038438119345486e+00,-1.453839924453771637e+01
8.430966062371988201e+00,1.239861654450381323e+01
2.510661345472561923e+00,6.313892001867251302e+00
-1.568520447491036229e+01,2.336019473896473908e+00
2.328100931440900023e+00,6.383119208044588433e+00
2.042580600328362639e+00,5.949892451719557940e+00
2.116981119073048756e+00,5.986314619617207455e+00
2.416579099935164621e+00,6.222892628082810518e+00
2.385874924643029082e+00,6.125431360316007989e+00
6.680376299223638625e+00,1.077168003445172673e+01
4.923548688784840976e+00,3.733739691912823400e+00
-6.560366532435103260e+00,-4.048180099060554760e+00
1.779493983674412139e+00,-1.280379464033463144e+01
-1.275729592392608414e+00,-1.744655036981260565e+01
-6.667335187224893822e+00,-4.803078479218598318e+00
-1.599660453722884901e+00,-7.227467333337545874e+00
1.214046327834092942e-01,-1.676945152894282032e+01
2.549092216008477241e+00,-1.774698216270151008e+01
-6.557917382521782024e+00,-1.939746503908429842e+00
-5.698367573655447771e+00,-4.476361642425997545e+00
4.091768493102080351e-01,-1.617688250710895659e+01
-8.701080959809649684e+00,6.122701963746253639e+00
-2.621121968490272014e+00,-7.860955064934598724e+00
-1.466765937112410789e+01,9.350925912851993260e+00
-1.870257257514496896e+00,-1.732817313377243451e+01
6.961348918172213240e-01,7.183322119438870779e+00
-1.084074735187289917e+00,-1.351419721340364255e+01
2.708402881133546103e+00,-1.094925468317898876e+01
9.972598779862734020e+00,1.098597817464267656e+01
1.143240151169377938e+00,-1.802180107084573635e+01
-4.209602728155149798e+00,1.315352313159811493e+00
-6.136836274598461038e+00,-8.956698361150646548e+00
-8.288433912817857463e-01,-1.727657015313551625e+01
1.358679328938760378e+01,-1.356879776780380631e+00
1.489862879127100248e+00,-1.719209536198296817e+01
-1.399959464330524872e+00,-1.175434814285984686e+01
5.643914585623636349e+00,1.357917203846593091e-01
5.162949422983617254e+00,-6.323554312078006889e-01
5.659990924477162011e+00,1.318770777108966841e-01
4.371978621729766701e+00,-1.377825411239932407e+01
5.687597180700562305e+00,-1.346695080426459634e-01
5.540394606881286599e+00,-4.812727797765447568e-01
5.221856748456078279e+00,-4.445407955793196919e-01
5.139342919842123436e+00,-5.938848840613439872e-01
6.152479249100517578e+00,-1.770908035642983214e-01
1.156674681080281708e+01,-1.120843795640303497e+01
1.195060446656312259e+01,-1.049592501987686610e+01
1.151878043248432704e+01,-1.023651986451990581e+01
1.161594488718224483e+01,-1.025851981333512697e+01
-6.004470893086319983e+00,-8.956296618271728960e+00
1.716410877017861214e+00,-1.304680565855892915e+01
7.658928567519835973e+00,9.872523780423335893e+00
-3.773332876119948942e+00,1.388054012755582001e+01
-8.264447313595415068e+00,9.972246768727897503e+00
-1.161697214217150176e+01,-5.427922573084363600e-02
1.416742213711207121e+01,5.053102162463687819e+00
1.431623303376868250e+01,5.158482989074996361e+00
-8.834229504952375578e+00,9.509893971241345056e+00
-1.151471319053826292e+01,-6.576942392134597914e-02
-2.306767143232942185e+00,6.847776222024580584e+00
1.219601251998957991e+01,-2.607059547182783987e+00
1.294612023887381280e+00,-5.133130283103642277e+00
-1.254370888069051559e-01,-7.246713852118007004e+00
5.083449088444410791e+00,-9.513319605367209775e+00
-6.779664406621699335e-01,-1.619580856929498225e+01
-6.549809954325739980e+00,-7.385430086307145814e+00
4.291986491639144141e+00,-1.484111741883286228e+01
-6.844286717290835931e+00,-1.445423573692032226e+00
3.463558896639063467e-01,-6.433575189854102483e+00
-2.142395381786486031e+00,-2.758017238959849848e+00
8.147056603866563051e+00,-5.250280242829779453e+00
6.049618921044302766e+00,-8.659330896957875723e+00
1.420276171274214860e+01,-1.795511728522926953e+00
-5.598619558285878206e+00,-3.582707460508067765e+00
4.830537562574924060e+00,4.077755628502798935e+00
-8.935636408481297366e+00,6.599126215350109348e+00
-1.042892908220452952e+01,4.939956867311376953e+00
-6.923516624611853132e+00,1.050307348667063323e+01
-8.867717891377619566e+00,9.774538028666466261e+00
-2.059571891289960988e+00,-2.461500753361733462e+00
-1.607441242979584572e+00,-4.464521940577123260e+00
4.027304476741869976e+00,-1.185935633309247095e+01
5.064754279916194868e-01,-1.903861839018755386e+00
1.348373245844862289e+00,-1.567901499656885633e+01
3.666930548478388729e+00,-1.253731495379880023e+01
6.480342229818703004e+00,4.966806271164619702e+00
-1.969212768276128456e-01,-5.444943385518468126e+00
2.334767179662824876e+00,-5.468827409435382592e+00
3.502367744198482402e+00,-6.025135617980782676e+00
1.338773798986115260e+00,-2.689118900933894718e+00
2.224215153224583741e+00,-1.359448240080088688e+01
2.433847212154940376e+00,-9.705210066290156590e+00
-7.077643939808875295e-01,-1.643002092382844737e+01
-2.217174946081123199e+00,-6.744244621539899898e-01
1.555846300108696845e+00,-1.522887106358489717e+01
1.263181473499396823e+01,-3.226533363236182339e+00
-1.414208407221079655e+00,-1.322842140178836523e+01
-7.122002492075409030e+00,-6.249587340351294706e+00
3.494228468146713507e+00,8.188175741865441282e+00
3.415746550058710529e+00,5.073630002832261177e+00
8.085698691967280638e+00,1.586574806493999068e+00
1.483557699801876018e+00,1.350719630443055408e+01
1.492325486476470120e+00,-5.436229895616412122e+00
1.311449094506090773e+01,-3.444989937763700993e+00
-3.357766863119910017e+00,-3.984529592555143385e+00
-2.059490196021461994e+00,-4.655890014937568711e-01
-1.364587958102973175e+00,-7.530789196153448550e+00
-1.125357629965882111e+01,2.028551567476048756e-02
4.328470929077629314e+00,-1.075583384028354494e+01
5.127984572124995921e+00,-1.039318503465525900e+01
1.095022878749108308e+01,-1.082341472649551051e+00
-1.044634237845623731e-01,-1.194043151593684726e+01
-3.577034355403641452e+00,-6.621851156902934799e-01
2.583294413371159504e+00,-1.072849430424100703e+01
-5.572521815130272671e+00,-6.275447186218962692e+00
-7.214079338711337996e+00,-1.496800605781331894e+00
-4.698893539399281671e+00,-4.782524989989820341e+00
-8.124582589203141580e+00,-6.804906620129701267e+00
-1.173920851674197463e+00,-1.345368473366570861e+01
-4.100136565724998849e-01,-1.434897159948432943e+01
-5.885538702539099276e+00,-2.339919720359503241e+00
-7.360734898160036010e+00,-6.709302850867190138e+00
-1.262119385231205015e+01,-3.632535715649546360e-01
8.173356679264625058e+00,1.072568745268309875e+01
3.999123928553264040e+00,1.812200811305528791e+00
-8.019219458633648490e-01,4.301505919785432397e+00
7.859050754783714510e+00,1.061597885559170074e+01
-1.566815484942743453e+01,1.731411482090766674e+00
-1.546694111783062908e+01,8.999895651392673113e-01
-2.300752338875870162e+00,6.851356969787980589e+00
-3.190974200232719493e+00,-1.559493535712791434e+01
5.768493483896402374e+00,8.483285638396552031e+00
-1.030381634480738207e+01,5.004016770047393869e+00
-7.305827587214711594e-01,-1.450038820592826205e+01
-8.003225828680853304e-01,4.300474006305733177e+00
-3.244798802149309602e-01,-1.751041848218667951e+01
1.402255685030061150e+00,-1.034565961858826766e+00
-2.412534700688521716e-01,6.070495552735734712e+00
2.453631770848533122e+00,-8.309128020771789025e+00
5.923466391933798647e+00,-8.428730095874977124e+00
-1.502122190536334934e+01,9.342793144772343794e+00
1.377941075492137912e+01,-7.126324267684206459e-01
2.436567531034879774e+00,-1.178104313635010669e+01
4.704433523012609086e+00,-1.442104709114007477e+01
-1.048401630753768465e+00,-2.681952365311771391e+00
-1.543081544075244560e+00,-1.511452808687126392e+01
6.672270247127195519e-01,-8.784174794847890766e+00
-1.200063881176304026e+00,-1.741711717968110307e+01
-6.432089619422721505e+00,-7.027364008270687634e+00
-4.795555587976336298e+00,-5.694369175451769571e+00
4.634717478868198626e+00,-1.452469411408050171e+01
-5.189368674414365223e-01,1.097801687665817916e+01
3.425358307009459757e+00,7.719338643162338087e+00
3.682265005172322692e+00,7.922746310655885082e+00
-3.687145942767409146e+00,1.356359380579306695e+01
-1.569546339459428097e+01,1.228606504694734314e+00
-1.585607498667751614e+01,1.038803805169044470e+00
-1.560578005593838391e+01,1.418732515991413701e+00
1.718253907172685668e+00,1.305424287732415500e+01
-1.018126769921121522e+01,5.260065145163375533e+00
2.907345955129225779e-01,6.851232517429878044e+00
-1.014321304474129626e+01,4.596293092037539552e+00
1.617718422102109477e+00,3.865515988878015730e+00
3.176132418833856441e+00,7.620167696399993140e+00
6.315662324898140001e-02,8.425161336342371854e+00
1.174883981760958207e+01,-3.143379050714448120e+00
4.953818899929892439e+00,9.441166956959520462e+00
-3.638331183070226515e+00,1.350700307855480631e+01
-3.335966387440741920e-01,8.825555106249222348e+00
-1.019571834413679134e+01,5.525938311231148425e+00
-9.060481186770599771e-02,7.993342699213370928e+00
-8.472314684197160162e+00,9.893948165037187437e+00
-2.561804635217141524e+00,-1.298639560477087329e+01
1.192694399926271664e+01,-1.816106935062523853e+00
-9.113478576785244201e+00,6.804237433430723847e+00
-5.419723101247936548e+00,1.592354449481256928e+01
-3.594099732316438978e+00,1.661341874088169490e+01
1.352061704453645952e+01,-1.045018579930697022e+01
-5.997927123670156568e+00,8.349216002290818395e+00
8.599261693891435687e-01,-1.661619508472955786e+01
5.191279754716132011e+00,-9.444323077664158461e+00
2.034862080652664051e+00,-1.437812926291428539e+01
-4.046314140422594186e+00,-5.441398803015918162e+00
1.796199963186828841e+00,-3.748928244577056645e+00
1.215394725918433139e+01,-1.805016113732677452e+00
-4.012789303307209288e+00,-1.465630629081940484e+01
-4.685910175263814814e+00,-1.474020447031952230e+00
6.217988104038710162e+00,-8.538596921113525084e+00
3.805195038824512821e+00,-1.432102689997951117e+01
-3.830049298767918664e+00,-3.710889887451827907e+00
1.769424376100770413e+00,-4.668137468098861653e+00
-7.214800210202877429e-01,-1.621156580190415397e+01
4.074465418186597465e-01,-1.602357489542312763e+01
1.146683074818725423e+01,-1.745222298736762934e+00
1.112314600894845285e+01,-1.059818800240430825e+01
-3.776099593877860539e+00,5.015538454742590524e+00
-1.131808867139149655e+01,1.159856709970587874e+00
-1.174013122815114762e+01,1.828806420630310348e-01
6.581991023085620895e+00,8.886609332414375118e+00
-1.145881996612991038e+01,9.976040973204230999e-01
-1.149407893695680372e+01,8.472788695070431197e-01
