-32.03999958813875,-80.72720765227886
77.8991724962113,88.95259038018351
75.0465282319822,90.72560412647461
34.28749826072334,-16.413439054029595
78.51212383418327,89.46724655146215
76.6082256298591,87.54427703858433
34.95799491952114,-7.301008565935296
59.48451777874076,14.722264473001742
58.60732042732212,20.11329260666688
0.18329913605491738,22.248807851645577
-115.7353226765393,32.61998329940336
-114.73663407995832,36.80693066456502
60.19743817251071,21.68474817857047
-113.66948098821761,37.84145291511605
48.53839748417445,61.81287446797318
28.06416237910514,-10.079526046937186
85.2082583641138,-47.12596730344755
-7.314707558576776,75.15958692482238
-96.99874209031688,64.03297450016127
8.460771298314288,82.38359475600416
8.099053271644246,82.39587985666492
37.12232115616564,-46.76184552634112
-78.36206796271692,16.923678761066853
-64.6550954035301,8.560192262394626
-61.497249892371514,-12.395289950726971
32.616295394746196,-44.53538487382922
36.41440299802241,-46.34874030802731
32.417791320357374,-44.45514846698191
-63.21522877225462,0.1734512848108785
50.08142302121168,23.999575169026475
33.52634596741437,-44.709973999114844
63.41947590053318,34.42223328649009
-90.76348143592809,5.204401086976926
-76.18961750638562,2.8239610254390377
-91.77054866690524,66.16634524982165
-30.844023180327028,82.38968146337933
-24.47000694162517,74.43904795366399
5.586476557760518,87.65634616147071
37.46559124713149,-31.144367567673577
-62.761742941203764,-116.94406427208489
-34.359599320393315,83.32540040821739
-79.75134142804848,12.779951972334812
1.3421214146862672,20.677278186558713
-62.02361054760757,22.384869716237578
-109.37754428794517,38.423482418722614
-115.91758314180743,34.333802956206085
-39.37997507524518,-46.326919768240025
22.80010444972978,8.652958201405697
64.55026367767948,35.01964817926092
41.73721431924673,-6.247522719048872
51.1430087655187,61.302741913195774
48.70294126953101,-45.28404289314885
59.448899848381835,21.837611754582543
38.94814370063966,3.089885926945382
33.44252269265622,-6.0050985445158025
-35.57941783428451,30.68972925111869
-9.774125291511641,-31.937171983562884
20.77085379764743,-27.276287985104815
-84.77445479204505,-90.00499444718639
13.796749820494455,-9.203893887986798
29.53373688274079,-9.542920470778082
37.418974287237006,6.242817788555243
45.53687149996107,56.01487474839193
45.73489517420843,-41.34834049264947
-40.4359312646784,-47.16874622339355
-105.18740057000456,-32.91460936958995
-87.33586147062574,58.72327520867113
48.70716938974559,-9.776679042897166
24.04163285942122,-40.30197899624481
-39.3406995123423,-52.88592619254289
0.355466565123312,20.38673632778689
-33.041574171542116,-85.40777871230782
-60.86948055986095,-111.83676607168924
-37.88651020606555,-90.33991137940447
-32.754595469714815,-46.69418706030534
86.60899892258439,-46.636233088077944
-96.2152585803651,64.7514160665605
51.33918471832516,-97.27090952503119
50.53818222878253,-96.1017042828345
-19.136747972775957,-118.2742610109122
57.892399421856744,-99.85150553848382
58.97265415609527,-99.77167638800893
58.71284188237584,-98.50972993518033
57.00678735593702,-98.01931174009685
58.806873349811454,-98.4596804718924
4.772083305649874,-76.98666455444727
56.67369458019544,-98.93670589755916
56.79477424245112,-97.8840142350388
-32.2524697152209,-80.18780343664751
14.544833662624898,-19.882772253290646
15.136622573415812,-19.8899644783544
39.98728553741431,-14.614056953909857
-0.2210019323533289,81.29793405166343
24.69451092766322,1.106504714979887
106.84938923551314,-4.397684113515597
32.01533254257285,-44.322459580054954
50.41170095827334,17.235963439234844
4.027330562227181,-22.846760311785854
3.571247279792107,-22.217532313450405
-73.62922918541098,20.06081753360035
-25.971797758429933,72.59408900641984
4.371927386813668,-23.083535656642724
25.83807610798908,-9.53275286529554
-27.86369576888991,62.93737760112693
28.41150287271395,-42.07842065623489
47.328090593613865,9.071786658496059
3.4301936423917905,-76.30121754109747
-8.13158256302754,-60.50408286636609
-88.97424956868457,64.80973829341805
35.54083581591417,38.362938692919535
24.03794940298274,-53.11686172908301
8.053095700540078,4.314945167747376
8.70932497166047,2.0182563855255085
-60.35293851961739,-111.4954616680826
101.050842576058,-0.46164271460113776
66.37828983483034,34.05318600378302
-101.06617766874939,-32.28281332216592
73.58224371014516,39.585534497859335
74.68928448800666,41.29038120827051
-80.59039272539825,9.196975778990824
-35.513070261916226,-50.204061869807255
-91.3450260971611,64.22607996233452
39.036852335801555,36.372712865071954
65.87733689411988,37.169726628179895
-85.92949592993011,-0.23518559225814523
-41.63909614374358,78.81592857542626
-45.63480242390905,76.2464116481952
-71.909438612153,-2.1870342869283883
-84.0886117804171,13.149540158400168
-42.691173017655494,82.32243151932002
-32.23983528886963,60.746529885647085
-34.64813449977086,77.96361328001885
-70.4094378277892,3.6186484581059886
-84.30950833127577,8.481491209608329
9.742398286604745,-40.61892524200185
10.635627460519089,-40.05338400992066
10.789585101719906,-40.37852209889769
8.765675137715606,-39.33840676043944
49.78724513104885,29.031274504937496
11.914656470693782,-42.355707899475334
8.620604482995219,-39.87332317576417
35.05055030638987,-32.977874836707464
46.053891784072924,57.83420672204847
-33.89454711929872,24.43859883966751
-46.53813546005535,58.06480552033971
-36.84644371606048,67.54487692058352
-28.87785896089861,85.08037861847534
-39.43553823197262,79.44338116923605
3.368457613222139,82.04159304179628
-64.86848738169535,3.8064162662937355
13.713648799393882,79.8636082554811
-84.12253646100166,3.6028916969145164
-32.23168261316548,78.69897684203656
6.27296804111751,77.2945803823997
-3.2807188119104316,-58.641467335391305
-8.343200732875244,-61.056170867983624
37.791306767128376,101.74183057023421
-31.731613448391506,-81.72909105305327
-8.420487558683543,-58.28607632380334
45.137771903643255,35.3951048121928
104.70338193109939,-6.27877509158452
21.40194587223696,-21.48890147115471
34.282937510510116,0.6854784743811849
-35.65683794990782,-87.45545265011464
-37.00179951987195,-89.08331587550977
-97.10630988967276,63.16344476068007
37.76790581298284,8.428289206389161
48.574688555665944,-40.914483519190654
43.74176239869606,-5.579417869041413
-114.89819736066045,34.91566834087114
89.55128122058193,-48.63557670491731
3.3467820590111246,-78.25149630878876
73.92347305315285,-36.95581026365335
74.57989258803767,-37.150704242256246
72.96499785814484,-36.297214640622585
74.39218331863844,-38.143562554696864
74.3067161753083,-34.85726207917665
73.26940546339902,-36.34430061148836
74.04413980045027,-35.91789473177324
-67.07404920834362,15.915372985932372
-42.04311889791861,62.20722965576313
-56.883409149654774,23.330026567793468
-85.40312200050178,18.037709980477402
-36.66980330227876,77.1915378636058
-57.2440960474527,21.334606499016356
8.692831166190208,82.09781332369707
-9.565615807137332,70.5208527321299
64.51314569893026,29.6816982152279
54.289158411277285,24.386128194048297
-58.771800658523084,18.034890467228763
-26.856058404560653,49.69397464392801
-112.10698763874053,38.57263641047577
25.34069220739348,-15.884871621879793
24.43004497893669,-16.21767956970094
48.43495224541001,65.56642251630849
5.978699090850188,84.61990638869705
-24.731526433647637,67.57480269688199
-30.504358473966004,73.14112727115591
-87.33169943078217,10.276869233582753
-54.98062190395422,-6.715884254585787
-67.88490399389784,-10.230153591844127
-62.41955593107537,4.173320339525333
-62.35437346205129,26.778750176370064
-32.823003230140436,72.21605363934155
-20.69636823050717,57.60676506964974
105.6241704449905,-8.550042181498181
46.31455196824751,-9.416390658499523
2.5904768999903163,87.67839288089247
36.34507734446943,37.09634628807816
19.323829482779587,1.1014185384552881
19.490071297903594,1.0945375169231089
-62.53257340436704,-112.52203435264738
39.82211411682069,-1.0450151956642626
98.0283314015262,51.01317530797678
100.03668991439272,50.101282358223465
98.03043705246807,49.73709457472337
100.96773348077495,-2.4125192366371393
97.0288018223967,48.580726129245626
75.84736006427315,92.98505692839788
75.37172916919002,92.04687683828479
-85.1290682626312,-91.33131665967656
-83.43062974123637,-88.6714773406245
77.38452940628513,83.66791831217164
75.6616380174959,88.76734412276204
73.83568076785434,88.0252528027246
75.48249756296464,88.4473969637985
74.49261824728805,88.12568562925453
75.64677665116585,87.50214265250615
3.2970431013639128,3.8225569742713295
26.779435401678686,-39.22809452641734
-7.462969716619038,-57.48771839147791
25.61596718670389,-50.45021937618842
-82.28442903792553,-90.64634416582065
43.16894255568121,5.870358335159643
-19.096327871132083,-117.19682231169207
13.67980094690023,-126.55833573083261
19.969729623634702,-18.234022273425406
30.899368259634414,18.05343962116095
-42.79265174734688,-48.89394579914691
47.11220872943075,-8.790441092669719
4.159619589948554,8.396149968582053
51.06279895012055,-96.68789394097614
51.49434349650232,-96.7961124423407
46.39701643037329,56.529089135606434
49.8095968001431,-97.28913515538714
48.81006011587037,-95.56183395497158
47.677524798020876,-93.63394873915905
47.70710127862356,-93.92965576599713
49.95910492592244,-96.1840600781338
49.46795730378475,-94.68773802659422
48.56498441531051,-92.95377657168065
52.31255075574348,-96.34505724884441
40.216034936907306,38.3591829539329
-23.55309315299923,52.49239587424578
-44.29552127678513,-45.85094148445532
-29.419153263740988,-84.72096025644146
26.837047759647533,1.5749005196376147
49.9406240112106,26.804229524241084
-40.94435901511035,-50.920618868245384
37.4580548350154,-13.446874634144075
46.12472326056824,-2.845224759193344
83.45045945791871,82.04133256424477
83.91735749250778,81.80041328640138
81.85479657559937,81.79446581953174
76.59375798119814,81.568344720602
51.011841281183344,61.61969650077012
49.9844090840964,22.792860519178795
97.29683015360679,21.822112614771612
97.78384555163377,21.48685538644286
96.88200688324945,19.090558061975436
95.95140275909195,17.44019039580984
95.36492998305592,19.319464544570227
31.218744727236988,4.964382064228341
97.03034793253205,20.26435662666183
96.60604554246851,20.996228689648117
1.2441365159735323,19.970382271026885
74.64115441129601,39.358255687158696
74.4485392281026,39.8198343550381
-4.347811582821808,115.56405659864079
22.525433171896566,-50.258490933375086
-105.20448076061872,-32.104597097817745
73.52004554609184,39.22535863385653
73.1494746441993,40.188942128981175
73.15239695845754,41.01015480093303
73.75837542796052,40.87434294345397
73.98621175631304,38.889333059185596
74.40823188466207,40.41046074427443
75.00643815652622,40.62757999150755
54.155377303460575,23.784369699783795
44.30307435765472,-28.597185193206425
17.176862377393878,-6.86772037337118
-27.56547930911195,23.65517356191218
-28.805421048424,23.75445166386249
-26.854723875090674,26.59028372989064
-27.17710257461109,24.18118225040495
-24.933364203215465,24.707718249826573
-64.71992756279307,3.558018248728055
93.0202186618057,-0.6452560497930763
-8.935960444862227,-60.59282038236281
41.98408107106992,-10.439430987916039
-1.1059941485691867,20.124403300215036
-18.00539311419647,-113.54665244940992
-78.93673742548917,13.490686540343123
101.42659095823242,-9.733130653479527
-38.09909384778063,80.94977857450843
-39.55024732958571,73.27732342639722
0.21135121158864056,81.30327955850966
-52.52987355696996,1.6039759823384012
-62.47318692993822,13.03518506749664
-26.67859774102437,48.42641830466361
61.13651337420292,-61.70814648305021
62.94444238300768,35.943688975794785
24.706344694221396,0.9690385216577098
-48.80218037009942,60.47021225507232
-26.17496860691493,75.60188065205243
92.96196920724033,-8.152818640531667
-99.568732558619,60.6657411895298
41.10960795092284,8.661674209505648
-50.605049509555855,62.379932621799256
-58.97822127055319,-117.83330812256433
64.57643881665507,33.24504653904178
-79.74250980819774,-4.445009145428101
-64.35018807849791,-7.672523304850196
-39.96052161418333,82.30524603681943
-68.57770963306416,20.80327605486086
-75.9978253234016,25.17312438152105
4.548660844329262,84.52988111696826
6.047585065566896,77.8537370953634
-64.33863201400172,-8.53549775322927
0.5827950328076072,80.38242989132176
5.192836430941168,74.50678633112825
-5.658189060574335,79.91988717558377
-2.6744950126903175,84.16042837146765
-30.256426267434648,67.69530094847933
-32.54462763943696,61.564981204388886
-66.59941351399608,-2.363262072721502
-40.83861735061759,77.61135538554659
95.99584501879929,-6.715434962691284
25.407953313529678,-31.649358189886428
31.40845974776242,4.803127359970772
48.46749119758787,7.5065137965777495
-108.9478572974215,-33.04531055055946
42.4762404097654,95.32932749604612
-26.562054093709826,-83.5190447656463
-115.57230476592323,35.41123870649447
-31.33262611241446,-81.79877230278117
-107.66041624933328,-29.714905519000524
49.372348265834,60.73372228723126
-24.73252006006098,-76.25996717592132
26.89533810114097,-39.773732995934125
-83.7059646713069,-90.97734013071201
97.32236016456436,-0.464131685172751
49.134715327151085,-2.4346479364993354
49.98726720456324,-8.243543174701005
-108.46648430602792,-33.07912432350986
34.25996528494816,0.5477612839611407
-101.61697157849507,62.874656282422414
50.85490591140313,-21.61352769005211
104.89373105608122,-5.599277702113336
-72.01317645769042,-65.53238549042123
-71.46462989956703,6.118724334212165
43.121220345135306,102.66505941139168
-55.66232972531872,-10.011749059257697
46.51577017741243,-22.0438423640423
-69.66349873313695,16.170765294104854
-55.59277565033071,-10.320136047115692
-29.70764399814575,61.52846494679277
31.62856733228104,-25.10004294881072
-61.692416657149415,30.444257609444772
-63.78827200997462,5.134398967551792
-87.3018077187537,9.125318831142556
46.65919061405948,7.940842443274184
-42.80868706450112,70.69917915656428
36.596294454443424,-31.397276741985234
20.068346340870452,1.0682338830666973
-63.3957867335799,13.931749030782257
101.43147020350447,-3.9695013805525305
-46.868751637890846,59.10433815400116
28.326104990827556,-10.020650804284724
-80.23040820191477,4.29645781348012
-23.26388226586934,42.084666611736814
-25.090662404830532,49.61146343689633
-86.37431674261556,5.249378791307922
-60.22291637424572,26.596095378567338
-25.26136816611949,70.54853075555683
-72.44088125195442,0.07602088319407989
-53.828352603229106,7.551067098978892
-59.56616307938186,11.801198057715313
-68.16249316596206,13.46590992649656
39.36194322770744,102.59805480384456
-3.2017880943244177,-4.933155569906886
-35.32018950815793,-88.55078375188928
37.54931774014988,-40.751059042999074
-52.114979607875824,66.11269549971028
29.670590634826997,-39.10413793794049
-0.6218718158425082,18.640541626187566
-44.480872505413714,-45.37596441476908
29.820107584265372,12.327049886066872
20.493913275576297,-19.080470777931215
103.87111245770065,-3.4379720109727123
38.562733984047604,38.62961980953197
-61.993115941624175,-114.70343723028164
42.146241219478746,103.24740931629012
-43.51339817334925,-50.621905744904886
-36.89277303964103,-52.74242645915836
19.969968122175008,20.061199200723454
3.443305312821134,-23.46297985813908
-100.62786396424545,-30.786571796061285
2.233444460666953,-22.32853351280501
2.7972928156656596,-20.91389163275849
3.2912001652066842,-21.938945126430077
3.551758420420072,-21.67095383147043
-16.331251323980595,-115.24448103236962
17.248541474962856,-93.24483902830096
18.40054916052015,-94.56073063896788
99.02114898079631,47.95004018660696
71.12694963735592,-1.62368167708467
18.955169004863855,-94.09508169074493
17.693387615326284,-94.34993622760955
99.9711475536555,49.50352732361601
97.71987973745118,50.06801861593433
99.3882648787241,48.45515640917657
100.23454152647899,48.47819830873036
75.11697495038167,92.00727733842831
75.81034854811844,91.72494575756855
103.51955089575905,0.1949764338681745
76.62753567666984,91.71388360825884
37.91373141415267,-7.712733968280888
76.44417698193394,93.06333645124384
74.78192634172456,92.4211948293385
75.00079833410093,93.28493473498277
30.47606503796228,-25.86087544991809
76.20158237137954,92.07304780915418
43.65189697953578,-41.79332629002763
47.58043864930021,-40.43709275845065
-44.997810082340905,-50.76570814307053
11.643899092204402,-40.001175059709475
46.236361943763015,-36.72263204744456
46.281423088349726,-37.012300125224876
48.63899086821444,-42.28772647791083
48.69242812333372,-42.935410855757006
48.644435167329235,-43.1728010701988
46.67104966234558,-38.07621586529983
95.21508377750838,14.072815387162516
37.84180469262468,-19.817100622862583
-61.01265332754116,-113.24623563889624
49.3595670450288,52.22339590943218
-36.612825611258856,-45.899261245590836
51.25967025630317,-22.05053454432602
-80.8027484978642,-61.21446116048203
-34.84513805620791,-91.14386604028573
-81.75927634095198,-50.495475556811556
-84.0825682784693,-52.4556275276685
-82.341114615523,-59.42907767599519
-81.96883605351586,-50.564547884896626
26.652007805180283,-10.4875407947103
20.34169987908772,-19.071947173551287
-25.621161335300684,-80.84786245219603
-98.12562462637153,63.36316036537206
77.31485620259512,86.93276699012232
76.48260529789827,88.14503153965778
78.34236066649004,86.9622546948227
75.32778199908454,86.56769238126134
74.74087246281783,89.01358620294334
3.2387792180936166,-77.95888336296728
75.20450176627529,85.93109849649261
74.68295535219772,87.13668249572262
76.18514331881474,85.65996545355185
77.06597288296993,81.80980897660281
58.008652593319546,21.701797051527418
51.78781337636756,-42.794652369622455
8.755193292410752,2.1423016497103315
49.25722929033582,8.528742274007882
37.065155312864526,-31.088998708494067
83.00425624022247,-42.3061497975473
-36.831714251011746,-51.81110762257214
41.67262639686392,30.164433810789582
41.89179317162314,-0.6672910381384852
-33.39223874399014,-85.13702034091683
102.18276914252888,-5.225024907137461
102.64541489784304,-3.78580093850185
24.645264269792666,-64.88270896593149
62.97004900657742,-61.421683424148874
-32.81989278524285,-79.25528972551916
24.888212815114944,8.505360881033322
-19.69879683736744,-114.69846729896878
83.83684269312829,-83.24654832679073
35.14438111083052,38.40247501466244
41.45126267765772,-2.7740768840139123
21.955942483749595,-30.565629903913596
33.40374067608604,20.31075054875056
103.75242015067845,1.9648092518443805
60.55824629739728,-26.597138553250588
63.49551581874512,-61.633458716655305
63.56856437906872,-62.243301875162864
63.266861917841425,-62.62136729819203
63.8319690144446,-61.32506136384886
61.58778531720485,-62.183132356561806
63.062753778914654,36.37165910035161
63.01286171676865,-62.34915708118549
62.50493657671924,-61.54388463413469
41.26673255705978,8.541447536394175
-9.782778527935402,-31.939659732290753
61.355508126092445,-62.348757944725165
-28.914987799520247,-79.27113126105668
12.576508406243986,-128.5989436319803
20.730540173250795,1.0635003028706522
13.663439360037774,-127.89260882613132
12.967810451672822,-129.27151627783243
40.64872756315748,-14.035092772915108
13.403538763423764,-128.48243503597197
13.62699071267038,-129.29674573558734
86.42551774276227,-42.95203536329028
-40.11035293078917,-48.50871540186709
34.28586595889289,22.821782025825314
25.258732219727715,-61.45517800201767
49.72182942824109,-0.9686175067881042
-6.980228372180426,119.37508576654646
-67.23336556757846,-5.286080262001108
-76.61491002794526,25.610545045410774
-82.15422994698643,7.815317587392894
-44.547456503980285,65.82540374933919
-21.295976062286574,63.1793190318606
-69.57833330361714,-9.438007043871972
-58.90305368548901,-7.75876712638445
-49.47035548255405,73.49603876500994
-78.42184422677002,6.516061179731445
-61.635337123896875,21.8842596723847
-76.60368584020065,-0.36117032390914533
67.09235069942356,30.971329546168338
-35.11219862063576,29.226754442610126
21.848366650023088,19.752458809502084
-3.334221868406192,-55.496053543142686
85.14275239972322,-84.59972049468624
50.20595264293991,-4.561719484164327
38.02106838414082,38.78457023614617
97.44119176641797,-1.0271276353344156
45.52183700079144,55.94978607726379
39.52156779597532,95.23811671557318
-31.89120690664365,-22.42119191874807
38.621942709961786,101.87701419895114
39.55819616147999,39.522389142544824
-91.71509880700921,62.96325470780853
33.992444750491835,29.57229112150636
62.312284719939996,-3.5247358859498594
-19.612715081015896,-117.01374411897217
49.12177640693835,-2.5880104065166556
-71.57092481484568,18.416296897943266
-46.479294712167565,67.60001530248823
-47.72777161394379,77.95587011094803
43.79314057135927,27.542663054236137
46.854252942694345,4.02868907062012
-56.33603046276068,22.822998448022876
-7.9706345929243145,74.15950471642448
-1.0572540943251927,77.81858441258785
-3.1065905338856328,-4.820360302674398
-15.060564203166129,77.2612404453325
13.373304804634245,-9.647073288456415
-35.61129677667516,-91.05081046961189
39.193227470817796,96.15416221088822
-61.338647391640365,-5.3882923081651235
-78.45335469549659,17.023688700150156
11.845261799485224,81.6714973522826
-74.62499586187685,6.826940741491109
-30.194799523905242,83.26582328185745
13.13373005954329,80.01343283510099
3.5727044165849566,77.3592141729839
6.690482833894805,85.66356571006382
-34.315644798867055,71.38355699764013
8.507270243266946,85.87483343069977
-118.19165257694965,36.31900173657219
50.38518227384075,24.83351955743881
33.404535017841006,20.496711870593675
-40.376873535657815,-52.72868480389669
-74.58692650725844,-11.144587661920939
-73.19152710378279,7.392624102537976
-70.21074258814087,13.709740425232429
-66.41348636077582,2.147070940852355
-25.50625754743671,50.00873169882805
-27.629697920891573,50.634254752322384
-49.59471175136861,6.066993899920573
-23.91391955311562,64.42902299041666
-53.804414216922076,21.960144462190573
-73.24718466072339,-12.935342348417395
103.64623467921363,-7.831368049637333
5.650200718616578,79.70036561799296
-40.44643272323946,73.43395626772171
-37.53297071880338,33.827672019349734
-80.28658751731133,23.219701303762708
39.393782016241694,-14.92129777172278
-42.004073205939484,70.03999593884184
27.62146788440999,-10.14201885485639
16.913090610571622,-90.65117138365373
-8.320404142527073,-31.520855572917785
54.398421235416535,-24.426142901891648
55.62668360893209,-24.498820858263393
55.605202494004295,-23.1900628382905
55.57340725338483,-24.238252116478325
56.04165951078669,-25.771681497674614
48.013961425082734,63.85922654437576
98.80374589126609,49.65244610460718
98.95451418987828,48.91938256588476
99.86363417849121,50.94919689248878
100.73818879776663,49.82382919540377
98.06229130508652,48.71959653859351
99.4674333715518,51.54804567822016
-45.64644563468965,-48.1515151659309
65.70888929801373,35.65669003079127
-60.58198142152777,-113.1390748221728
72.47870118725844,-35.1139275069993
76.02488267229667,-38.2879559963175
94.34925408585967,-45.570273741174226
87.5543547195342,-43.26448402668175
89.20638285473305,-44.13803378421273
76.79655329361181,-39.07956928075865
74.48273394358372,-37.14120033419045
101.62607320154886,-0.14237026816856407
-21.079969396330895,-117.03258332329983
109.30597842571306,-9.652104903594056
25.868850685136653,-50.19833034154798
4.46349776831563,-77.42493147887706
-58.74521131518994,-117.53582795065203
12.290766196946759,-32.966503334268644
-38.182842012121434,-90.18979690432086
20.46480429499258,18.024621062389677
43.862328922941906,-18.680660132712
-89.82447257831743,62.72619427312664
52.85698819615622,-25.56298035314877
7.059614759259369,-40.01910265797365
56.57424195421078,-99.84597988013849
58.11503801030186,-99.05396346994999
55.18472429774828,-99.25481350597455
57.406974221853936,-99.21045731806754
56.31444452115681,-98.2672662775674
59.297050145870394,-99.29000946252593
57.45242571255012,-100.10766156050812
23.60661299102825,-52.75635848941326
20.411850029282466,-94.00551648074594
19.39808627616666,-93.3844669096049
6.353193989592607,-122.58066905972946
20.363375121643724,-93.07320758293585
19.979370222884157,-94.36640433400596
20.17402644943517,-93.52916648847727
35.81331941597622,-6.617025219471306
-60.449032159020376,-119.32684828666713
79.88799458568218,84.56049381383595
82.9558917995064,81.1924899650042
67.01111145882419,31.675669776801655
84.99875633659855,81.87018593655887
83.90816210534027,84.85572676564031
26.098871182622414,-30.06756334498034
-58.128190256062034,-111.93740023048133
85.82741376738313,-82.17183868934436
72.47699230056301,0.018890223638627277
5.619358379685096,7.587907895978173
-25.959461799744382,-75.76843139650538
-92.11534282051814,64.37298229340551
44.50859635807188,-9.813798746288693
-82.20261969442657,-52.63143957783529
-84.23579848242137,-52.08223232562724
-80.90526132048389,-61.50242930921327
-83.85644150064347,-51.60126172850324
-83.33498819921854,-58.79187288405361
4.706493483878809,7.281813178367573
-81.08251177771827,-59.394698678717035
-82.67848199516797,-59.92372095664249
-83.09448284909506,-60.78564386367642
-77.61510343027643,-61.39260703840367
52.25504167977644,33.179118597035114
41.0786344558763,22.723157130607174
50.41134657899554,17.250757999705854
6.1906243046746,7.706353439197578
50.99321248877475,-24.232914005565885
11.954616134888688,-8.30984310835339
108.76264244807054,-12.518973900554894
7.205883123941134,-38.808943855358315
-37.007991927253066,-49.79528722428606
-25.097323684786517,-80.95017083067394
-89.3493201788102,66.51167392442164
63.881332983565784,35.023063043228085
19.032177109509327,-7.0548118346778725
7.253606871142042,5.487488317183014
4.333414045135306,2.3459077503095367
73.14031552971805,-0.3039334634653936
63.000680937690944,-62.704198885869886
-88.11261002813349,60.23264818622781
72.88538650549455,-0.8291834866267537
-33.20451976188528,-90.12115081946958
14.174134271353838,-127.95625484225614
106.81932098222507,-4.239524360356042
-83.72324605136257,-91.8442184644316
104.2109858014695,-1.456430011975198
-75.00553798241265,10.716249731015015
-25.64045547971965,46.56610665822412
-80.41876762124737,3.3792344290784304
-34.31332614083332,23.82637144374287
-39.10007483591956,82.31085973762555
-76.2885402022682,-7.129684287082783
3.3096602361465832,78.86215748110504
-32.52160514656816,52.52154559313165
-76.25419298400315,5.839636575008463
-78.74100583030773,25.434114609607125
-30.18796305160587,67.65191776034361
-50.2701690735615,6.941830920028896
-73.72499289552108,15.964749702049673
-66.01214173295313,-11.696807893819972
-23.839897079786276,48.25473203069633
-24.51527935898103,59.91882715721813
-6.868615381609142,77.97470737909407
-84.1865189554982,10.220712004021467
-41.76702876178697,59.175639368081384
1.0801641180638724,80.34208389610359
-56.42106874178419,9.77766826076554
-47.18027999243418,63.944381487769554
-103.47935127082829,-32.13402576893984
19.57022884517588,-86.15426904518718
20.199726757797663,-87.6583628180425
19.053631265968907,-88.33083637822614
17.529507650570253,-90.21690902350953
18.49365153633252,-87.15263164594879
19.41235949151462,-87.58222029182437
18.615225614367386,-88.88491556704035
19.431795130953617,-89.71730132908345
20.37260994887264,-88.86253788050715
26.058811650157086,-30.043924767813646
2.455638231003231,20.05294707893555
27.559702126058088,-10.342546528802334
107.48373871771865,-6.318142384382756
-99.164404637307,63.198140986064836
-83.65794228808528,-89.72022732031024
-31.67238227990095,-80.07679767221832
32.613727674622716,18.449369723074394
-39.93859091441164,-48.73048999120791
49.25862443580985,59.80240079954675
-75.06036124693283,15.71688351041827
-45.67663160140239,66.64482829715398
-62.3090599733816,4.221455625262319
10.16696341847364,85.50592935790743
-11.392826322043554,76.30938559534226
-31.060277715107084,53.3698169391578
13.623295440076772,82.51720711020161
-72.82530338585775,16.540430485271887
-42.93648766020671,59.95602897235814
13.687592448639428,82.40889181593731
103.67204888275364,-5.2473227075443365
-59.89253271897959,-115.08530499596006
4.876845545305838,-0.7280225441238374
-117.70247288668067,34.58770040208917
-115.09793575678712,35.70872414038772
-117.13097869972444,34.4358520468805
83.19269385346195,-42.70360234792123
-114.34871562106028,33.571457324947
45.21161692481578,-96.79786060350271
85.05337666887048,-45.00711579822204
-2.661843922803529,80.83495764279904
-20.928019888090596,82.04079638598154
-71.09302700292997,11.489721032968358
-33.606146734031036,60.2737151498137
85.26479305176875,-83.02402316347101
-60.77153901531921,-7.860104006825572
-21.449739157292218,81.8594208394638
6.061782556476746,76.55391870274231
-27.584350992308472,56.7407022410296
-6.523741866985951,119.84194396782547
19.319497008284102,-22.144602575386305
39.00973092347269,96.39509996284279
59.62073383475992,20.79843975220362
-6.37956776153917,120.35623599516104
-6.926569295381389,120.20811572546063
100.1305561820164,-0.7946775646451077
35.0764586462259,-32.917068832247665
-9.720466402368878,-31.922225366301447
55.92536840891207,-25.07119859214944
-43.776596434799124,-48.76997274798959
45.41630939765346,-18.687977940960206
-32.57050638651611,63.345314360554
-31.282231894941553,64.90288175122677
-87.20579337514503,2.5015522730834503
-67.61778712827939,-8.320842876907768
-63.60956582453728,11.189272581857866
-63.67984239660283,-9.12733239934789
-76.06896842203838,24.763059537755264
-63.818393714263266,7.256979512122959
-61.31542006741407,27.814377551537248
-75.4043308389479,14.401457338722187
12.105007022891355,-125.33869911694003
38.20779296531087,8.273594102175625
93.41478660566685,-45.306201311213
-28.57093252833874,64.39835794377741
93.09915253350923,-44.029535629888684
91.970164667742,-45.45868798272697
92.28508278114566,-45.50625913761622
91.70879740950862,-41.113443946414854
20.778574927054642,-27.22504361180389
96.8863987517477,-6.04330970889792
93.95646921906274,-46.46136509465439
94.45583633478843,-45.78492494307513
12.546716385042243,-127.19338429136265
13.178345445007984,-128.1216570584303
11.455012985229283,-126.9067680554197
11.041222506567053,-126.57376543208579
11.658241015218955,-127.49783204708888
47.2001670542872,62.51087107058418
10.798729711735339,-126.43260536206118
14.041743858474636,-128.6746330470526
-27.119819958935516,-20.59360638589371
-67.43885613784352,-57.73957123976389
-59.68458815089155,-113.8870507892597
-59.63130751264997,-112.40423405646432
35.074383067346346,10.890382317599752
-100.82555566345951,60.87504769983133
6.603217107903488,-121.86138284814807
6.917976236438763,-122.26557030815405
6.8626878378339375,-121.06130493573636
5.774574774068653,-122.45529362330703
5.705924688640433,-121.14909173999648
6.018406744339218,-121.01609858086974
7.327268436522967,-121.7352050888228
37.657370533086386,100.8518366548482
6.525759924319249,-120.77117315387562
7.612953098614774,-121.1803775942789
38.0789609416611,5.800285183368833
36.64832962008029,39.984081294866925
24.977474512113098,-52.07867111770534
101.0920689983243,1.5786619241797568
-72.08750558229406,-61.06675097182745
55.236640565940334,-19.867155478125778
-100.65354288187832,63.17499037130042
55.11056334005098,-19.92866578087528
13.65196087080574,-7.588022864899412
-97.88263156823925,61.28536376258012
59.23906361104464,14.517815665389296
-18.503388498896214,-115.67715619021254
22.372743843966298,-47.07676403909654
47.141465553983075,63.585908338698026
-36.02543267878215,-47.56854773964268
46.43480620870784,4.6324863206377485
105.34578925714581,-2.699169500588478
18.74581949571281,-94.895295480965
19.143665087815744,-92.02932830463114
19.893311172052872,-92.21428305743103
17.113989466312308,-92.20600750732268
18.113101809415042,-92.60263355331851
18.847953087384155,-93.4563828666084
32.90520653210771,-12.57109371716274
45.561918359523446,63.20139446017964
32.98777677356248,-24.728725512986554
83.95445926398327,81.27774736522615
83.57412076922701,80.8410676987885
84.80665618200216,83.31305545317004
85.47345886287424,81.64588429555137
86.39678490394923,83.2849341810998
86.27296592400508,83.1233048606246
85.8927206056671,83.1025648813603
85.7744412655082,82.62913316459405
83.37194193363882,82.29618166315136
83.09355156594526,83.56718136697344
25.308384768901316,-9.248588357065865
110.00848055916418,-9.5853528782385
111.6273651786222,-13.114761285827722
108.54023444703839,-13.368701988402934
110.92262975404073,-10.669533683518516
-82.95262063527537,-56.14640738419554
-82.17109187785438,-60.46925324936755
-82.23855374433452,-61.708687240633154
-83.4324881739501,-60.47563414822592
-81.39632066509938,-60.78289012701278
-81.52312763344533,-54.46045537275573
-80.69316224047745,-59.07491795470239
-79.26920479621789,-61.60970882032672
-74.38667616475048,11.0353418330748
-48.68319126315346,6.889465494913997
3.079212495434637,76.13259105537372
-29.277543491121172,72.38970639390702
-32.876229680747336,63.30904025379513
-52.16383113125555,66.80830124691049
-25.43034366399001,81.23624703866803
-63.55947882322962,6.881605066310421
5.364024311723504,6.63645395103207
-116.32016232118556,35.4138784035543
26.24363780067157,-60.232698689520895
36.56818375459767,-8.127814585074816
-35.78328672556741,-48.094450922664294
30.793981989259343,-43.46780753924203
-98.38681132608151,64.20345989868412
-99.25901815619125,64.51047793367154
86.32017633536177,-45.30969835375032
39.695587388596834,95.082246250994
-82.72535058802926,-91.35505135801158
-3.476204368079971,-58.501408419983896
46.65673639999753,64.39533386639076
-60.621467385695745,24.66339433348421
64.5631488233949,30.71884752418328
108.20846904661495,-9.936072083973267
-98.47852780704748,60.84227607722526
21.82868754777186,-24.47500892915648
-71.47442880806237,-62.52565516703534
-34.58840503126081,84.51755799737202
-62.76020643952636,12.38809345662341
-59.45224147098397,20.69304479445867
-70.56032931258838,12.41562764508169
-42.61757415008765,82.44408570138025
-36.950839330626046,78.36356844722515
-58.4336344381644,2.3569141173760957
-58.326391314153476,-3.9525791919059987
-70.09282366517377,3.9272160991442755
-56.99620738018023,-1.9618632016764028
50.1438158499673,-25.875338150157983
-30.636078776362282,-22.26758596101743
-85.18898479399496,-90.08327962995254
-80.79159010427823,-88.61610782563126
66.79878905620497,-3.4538119430061465
39.64578135395853,1.5209771411177835
21.13541207789585,-86.43677893132056
21.64423628637869,-86.03902681011856
19.53690578601462,-87.35977025934969
20.960317907744678,-86.4058862625335
39.85472065445578,39.54115554115595
49.48395278424511,-10.914111182462992
-80.55378469443805,-88.50508782400999
47.13927473163394,65.23580156003958
-35.23202813193406,-51.71053354401086
52.76859093914752,-24.23501848171839
-5.630496728280101,-59.31730097553584
105.87440032862112,0.5052869078699646
8.431736316100402,-40.31134970973203
5.177341425433362,86.72440336052908
-75.95165963238018,-8.171144775381437
-63.310586986972666,13.847929163875952
-61.82962661017522,2.3834179211042366
-21.47342845699641,58.625747754874844
-32.97444427523469,60.409814546428485
-47.30428408170685,76.91208484052144
-61.751126669146714,10.181181565139772
-33.93936893545537,57.48943511314826
-23.381851644814457,43.730990645463535
18.022853460200178,-16.724900968030234
19.013293854173163,-17.84868382817274
-61.59072741328618,-111.84384037195983
-116.4959971863574,33.776915903504616
19.509212114567656,-15.989428414558233
19.487296770701025,-16.27601905799032
28.247500381020505,-16.625835477071345
15.35179949504282,-18.050198590103317
17.975249630341633,-17.278820853803868
16.374284103594018,-17.78046610877766
18.37902666487988,-17.443013267907094
18.107458860410496,-16.579590368632516
-37.3426413064793,-90.82821094056942
-115.99016586084683,37.85674493007509
37.886078539438586,-31.163049457516607
-100.103743508384,62.288532495469354
68.79053678913283,-30.188630622398225
1.4599839089134465,-77.57257122118017
81.89290948814676,-34.22079699963722
96.45678908728155,-4.3667441763966135
-5.691073562288636,119.60105737721861
-6.334761161316494,119.34451600473577
-4.695406364839122,120.02957144106675
-5.134400574480172,120.67091267875847
49.37042367792301,-1.4728730270301582
48.15625717056585,-95.89187276200751
49.527220289071316,-94.98681144259596
21.950801345131882,-47.67725520366031
-57.76255539956215,-113.12485195953593
26.48970594088178,-47.78989471835335
-38.915560860282994,-47.56900500078052
20.915839723158932,22.721227072003646
-27.392029553500276,54.5292697412857
-46.974301851334715,75.30972406512728
-78.11011429527984,26.549202347187887
-21.617939685728455,63.91783203472578
-61.24775402410113,0.7620732101946969
-76.59815901267484,-9.930721568836509
-76.00022758041747,-1.0397883999696327
-54.555955826419535,5.908509412029919
82.06342432880503,-46.65419277204388
-77.53345466262003,19.104710544120085
-63.40959719802225,5.503691916558679
5.831832074242025,-121.79064570933063
1.0081979494789568,80.37932115645916
-98.71250761304519,62.05054271659443
2.413158874751161,86.0741443004511
108.33388966706251,-11.759295939613658
-24.964129445546256,82.03184356372662
-84.4910069062735,-88.96471653426988
-37.96864169469715,80.91180418884538
45.895799829136465,-97.5687349391843
3.383785233383296,81.801893232629
-82.45511979763164,9.46613779289079
-2.0838118898292475,20.46348703328882
103.46614111844852,0.3354682747976509
-58.91650924060318,3.6881861856772105
-60.246277764410856,3.3132202125692762
16.634431030134937,-29.539260229277822
-67.93916811159134,22.354940205706534
46.08746786570258,64.480403572456
36.664428623464985,19.36712910083494
-1.748180269492832,21.025974762814357
47.66898777944826,51.95634096706356
46.67357794806232,27.310214844661715
-18.18433170616312,-117.34308572882634
-87.50969528142512,60.419812171264496
-4.312545579999888,115.45114238795819
78.87903640627789,-30.720588635207353
41.15981724825798,100.48852567266202
42.175861388650794,96.99164412133982
40.280488669546415,100.98325315992888
42.66802628464504,95.5319365279607
-2.190438854525325,19.91811347446455
46.454005595111106,-98.47967161413389
46.02420025592619,-95.2534903903771
46.94934798145633,-97.30800356337623
23.346401798151913,6.728268149801763
27.63978686271112,-44.575606610719575
-44.710877171646345,-49.71283205054819
28.594010898436085,14.3130214271991
-87.84389946676473,64.20595467477656
-37.382674543641464,-91.73972063375197
49.61300340621871,-13.188822417268335
48.5742758193597,-44.77689691845326
44.19050665375642,-10.067036482191888
37.25298031475164,38.073540884877346
111.11171307480888,-10.84432354684472
110.46287509208136,-9.153342646937034
109.69552485718269,-10.490317980152714
109.10508947855108,-13.877660122828836
109.40355535817407,-10.831252673838268
111.74519532553866,-12.567215553412996
109.71389383331838,-11.842437790653992
-70.1076599163148,-57.40797410535285
-70.56301643706024,-57.75715771605087
-84.01970193446131,-52.434256741096505
46.65415828505442,-15.866709019740089
-78.5642202148189,-60.69282337699677
-83.22911795769917,-59.585340721511244
-81.12403103972514,-53.44561052857835
-79.35360479578497,-60.57654549323994
-89.27711525762538,7.5166700968566165
-36.75174866327931,64.94531947922954
-72.58686602285596,-57.78630203184109
-58.07262268501887,2.4587506305632307
19.356794484692454,20.34350893731641
7.612839589613246,6.566440089928383
25.04334172587429,-63.69394608433682
-99.67667829566469,-32.94728993496968
-44.6150743144514,-49.24956394332798
27.672855171223244,-50.93769657657801
16.767333568647764,-29.40076248267496
52.360500170394744,33.7171349528857
48.884831654857216,61.48461933104825
-33.605546097983215,-88.21922728452682
-108.5390665843176,-32.05458553130808
21.386888002187764,18.08074517076743
0.2999735685307223,21.778650237854574
-107.86717836697467,-32.22976494351852
-24.94885633614903,-77.74027245110918
35.443618481383055,101.09711288378475
-45.98525547920147,81.99283772486034
-107.57729977745332,-31.800186097873766
77.35345752778986,-39.67493824132501
-28.26838103294263,-78.82746922834804
-69.73184491811952,-57.23079506629555
-96.58853847693722,63.37282449722637
-25.729699192049022,48.599051059714704
-62.5420749208101,-13.21355719089791
-84.16751035786076,-89.66531749308811
-51.82672149504159,4.013470828480352
-76.52870616390923,12.650480194363496
-21.14717420277171,58.26966150688574
-58.31884864304109,0.9495341930051211
-35.63977519209762,84.66043518833922
-79.76437059694423,19.039202277869567
-27.770145152788896,72.61186985729037
34.73497185323888,-32.19541318972996
-81.93059285538354,-89.06388403003258
-87.36873187751829,0.7949102035999753
-27.465464130468366,59.673709796896404
-76.118245685211,22.999549042496888
28.481383213278338,-8.409946603817419
29.458414623692132,13.729441260850589
75.86409868479295,-38.87316822001717
-54.55596697152446,-0.05603891679363033
12.57315478673784,-8.48774583420825
88.2560995171015,-52.50477210404184
89.34073227709322,-51.860203069477606
73.57271635103487,-27.742783008277833
71.32195360877586,-31.14432652632182
-106.6194295121524,-30.228058520281667
-83.09826582639619,-90.25744510192877
44.94272922373621,-41.803795375977124
51.74320021817322,-42.81854989771644
51.67527296443102,-42.60750254351027
43.884887279641084,-44.0125976554273
80.14517585964197,-31.329934937430252
48.84665384630178,5.1559928028530715
-115.32114497711349,37.32958503982631
32.6231058195833,-9.182339965701027
-16.99423307479107,-114.54103509517266
-25.030223207767595,80.20617091548347
-14.269227179595282,75.19684589036767
-42.75234191195988,69.88329469742924
42.851670992646376,99.20226786796096
-107.56280512104173,-30.687673793029905
-114.4313292594915,35.98353539789722
-60.27392612807988,10.770867709588492
-21.786198441169006,41.615755580468445
-52.027211474550505,21.270413249162807
9.49821857490072,78.52696460987646
-1.3416342111725934,80.13162188053983
-1.3806710385951526,78.16789597021733
-32.10444349352489,72.43070967872252
-45.63915355841481,-49.64473903078551
50.81669279922375,63.02699266178257
46.333148551976024,-9.853073280843615
19.011189793374783,-27.931835190544252
-38.22315337459514,-48.83944862782307
38.410014294917005,-31.034365518261662
-92.10865234508032,64.32257032942354
-57.84180742349242,-113.97244276936584
100.1819786936037,-3.6039772994580686
-38.060704177896,-47.61993557648501
21.901008856658862,-48.18874868432061
-108.69587197347748,-30.64439504110981
-109.63098252579252,-32.59269982663622
-107.29542376826271,-31.63415420052815
-105.93935206183887,-34.42323049189656
-106.47337248507138,-31.85041768560384
63.866389081431635,-3.2339435423485443
68.97138865722629,1.6454987937241383
68.41745034193397,1.296413662489711
68.59132148036943,3.3374023962846904
-42.66412744914436,-44.61831908334772
68.02533484487932,0.48633576411243884
69.68269427917771,1.0217225753064216
65.58116823857075,-4.6180660059625245
-25.638895670362775,63.11898778973422
-87.3447798780808,1.118098957911026
-39.056576752900725,-50.865132281121355
43.908244456183574,-28.243843201864912
-36.544845985070744,79.22900925488385
-78.12993028701915,2.1282072550706324
-80.63904176341704,7.5053305426916355
112.16755787252177,-12.68346707499211
-59.53164029130628,-12.747930581105036
-53.32637635330626,4.183014415489621
-26.176582141016418,70.98339551312542
-76.45902489088111,21.076981185470952
93.18650855619784,-8.104053547234258
-111.78377231008467,40.078906979770125
60.367825384012946,30.710296854191938
20.208230620163988,21.190431650281027
-52.77948010854087,21.02595874289113
-58.98072216828333,23.43968023363732
84.5513647900914,-82.86795826880092
-79.43276310582445,-5.0831791166556135
-53.86882550473011,14.799389862170365
-51.58680883790036,60.64054012858157
-50.97979988020924,63.523997658206895
-75.22598915849795,-9.088074961892618
-23.064376839618006,62.24106344311418
-23.60281722404352,72.94828273950223
-72.01881077697475,17.237530275162104
-70.99181343520739,-61.52809615525312
47.09890714772924,-22.681067409927994
20.844902772337736,19.39518406626817
-73.19648761252806,-60.711175313053026
37.86451124189609,7.249323501602712
-33.838482451307044,-21.759242960210962
-30.377208574786028,-24.056898822054613
65.32852240951345,-2.3378825926177678
-31.249218824979927,-22.462051394903177
48.1869602789534,-9.868084427169798
40.2573938495275,21.702959440241468
-34.6707615960192,-22.763749070204074
-5.693382078773875,121.90766690467413
-6.5958898557267025,122.01100334279367
-30.826439178406623,-21.116042142552132
-28.14199117221303,83.9865837191501
-36.3441936367351,-91.5232967423364
-5.834253821425593,121.50467598081367
42.3417663767685,23.705588806132255
-38.722898287109196,-90.78063529887591
-26.909361927883467,50.33946866995686
11.726808302929175,-9.389278107571768
24.167394492102233,-40.37393012010049
47.05786583598734,-98.54977412566298
46.44424116114241,-97.67443972329502
45.290455059610686,-97.61364763056869
24.429408793994728,-64.58545366237959
45.82796266497729,-95.8115451056249
-2.137445684199398,-3.2306981829282377
46.09989537418481,-98.40670327251858
44.289687228188306,-96.83001863433513
40.63951304557352,-49.74203365148539
40.96974195602306,-50.16311001332944
2.5187203634464947,-78.77750489553102
-94.22016471443841,62.22240521684793
64.23395591242215,34.82287367854604
-36.34216329739419,-89.11905449199071
-79.75505026086039,-58.294154747472675
-79.45586879360357,-60.08531348723204
5.285187674089299,3.3936031035681364
-76.22913391050419,-61.400592680630396
-81.03958298163573,-53.55422980457561
-78.87548426184756,-60.23787210104892
42.08144490143812,-10.913336941074059
-82.07489345535006,-54.30617814508822
-81.65729598702353,-61.73942333225965
79.39666261086407,-41.69872922727385
3.6396704118979235,19.668698909263217
36.564233679292364,100.9663701354172
37.957325019681306,-2.6156517093092426
-5.59231808232411,-59.66162142259312
2.129340778059421,-77.04087570108982
-117.05419733194792,35.25137363490709
21.31666795512964,22.189093196463038
3.065293614163779,19.838915453630285
-37.209702865139036,-90.27095800706499
-4.294570503629495,115.39702661962129
-27.263686575655026,-79.46784077814179
-24.25092751002188,-78.24198725467532
49.22024281914854,-8.180259260214637
47.54766088876641,26.630038970525092
48.97878198804119,58.76823143043777
3.5468824996357995,-75.49941203735868
104.88322279192937,-5.792988226494415
-32.24200042353277,-91.46309772542104
-28.440189536184832,-84.75869159421175
-59.114905069887875,3.7684524058575004
-80.50506977069116,21.226967161541584
-77.67479139491813,25.928539006551357
-27.58649882285737,73.11973795640965
-23.996184146600058,42.02074576841813
-67.32022577967756,-5.163548746120453
1.8900672189197631,75.12159884162737
-87.34417275789984,10.205450235439011
-67.32404896389636,-0.021115803898741434
-57.59165103209287,3.8693957808107236
47.876596066565085,-2.4756498456864526
-41.49225940238111,63.49906726575821
-6.813788130271774,-60.76628268210203
-4.706945330026944,116.76221479757304
65.72196857650697,-3.104274970783491
48.56858890532202,-1.3022329293653538
73.37302884896792,-30.693406236970386
-29.530988841328742,54.44540582900545
-26.795088753517316,46.33635995941353
3.1044622215102002,-76.24497693610233
51.96062758632389,-42.49783239166665
50.482266657450594,-43.27989088654109
-33.90227856536331,60.37951207488264
-34.1219662154701,75.54378372956883
-60.49781390324075,23.76253479254419
-48.614786694976644,62.90108565877462
-55.64688396463111,-6.052063587500483
-41.04204111042399,73.7788472035694
-74.41951527272137,4.90198622946108
-58.63372604153482,-12.650357349221181
-37.54764420889458,-88.33237306175779
26.089260449344444,-48.89740533089574
49.70287776170796,-1.0693083362041569
10.22172796672313,-42.879200288349594
11.247133316957374,-43.110505065341876
12.38127760910914,-42.46086930051954
10.157143861798444,-42.64363764508806
13.084278611419155,-41.909088781163206
3.6902692768315886,-24.820102451426575
12.564313059900392,-41.779465265400255
-49.757844878240725,73.5481347580479
-81.80221158575083,12.041999940006411
-118.36931878834521,35.2349537095344
10.593948301894013,83.46380208566033
-40.11557875741752,59.203119945401305
-27.44760313266456,57.788132697754946
-9.464894716223277,70.35349907866086
-46.4198027112693,62.08032975813138
-2.0056741832099427,81.03967174808015
-30.71176269740551,49.00122971239873
51.83394699288721,59.53857242302057
-6.9725564108129845,-58.70045100405167
34.83177722117608,22.927272065236544
61.98094162098762,-26.988278874166948
-70.9526858227059,-65.16769176676853
62.81055941664308,-27.015272291182626
-35.30032632662872,60.4262795984231
65.15503632777018,-28.945690795846573
62.00477894249176,-28.00033946724436
18.62404819477198,-19.662933827842647
60.258932136516755,21.550087341736802
-72.17990083841599,19.725050883923828
-55.812695381417676,8.014611554389019
-50.7079217965115,7.829565323749522
-51.795990998303246,67.9988475740025
-20.905636646766098,42.16723922167994
-21.736493663652194,41.81120548686485
-24.34748527942567,59.81363890546242
-78.26716548956173,-9.464541688625427
-51.2479438395628,11.646002468461543
-49.61696296704316,67.91940587947757
-74.5510381299919,-11.21357420377023
-24.77378736281127,62.24310784748306
-73.17907519424911,-6.173408070476405
-76.63853005187391,-11.619421614741789
-25.147665885900963,61.588768931821114
-60.26363725571046,-112.22859498676512
-44.593959542936,-48.05477246291848
50.21637187324427,-4.182865111583965
2.444006331532991,-76.98748565325843
58.56895209730126,21.859595889382764
2.707287337989999,-23.49958535519167
-63.364264792390784,17.707848837528296
-51.24900414918451,11.663794994712081
-59.429128930741534,-1.5976177363920527
-82.09447399020989,6.563321931624904
-21.985154599452326,61.79169510701692
-37.359289525657864,70.38882170690012
-33.589036859859014,84.62084665794427
-88.73994739771499,15.253719257684242
-58.57445460382143,22.219906225015784
-29.7912652195122,74.85591711363915
31.272402786244704,4.881063573398307
88.29156774075754,-47.04540844406987
-86.015362020852,3.375872187036767
9.31719653447966,85.80361429261063
102.18164757732049,-7.01460336943245
-19.46965246087519,62.65244415169781
11.1130841323854,78.93962634814102
-78.38533359888542,6.842087175459077
2.9930187777194917,87.08347732078121
-69.87165579918874,-6.141886362110197
-2.915203766664094,84.8768029441408
26.043742391532916,-62.137481017162955
43.981154666657076,-18.489474932425832
-18.455408413325085,-118.06185156834198
-101.17885810791486,-31.10963170408039
22.512466713368664,19.295109110983965
87.4466083769452,-47.6208086965604
-29.926024716369195,-85.56428732683572
-72.83346198162965,-12.582813190577061
-84.03853182924153,13.117070701235132
-44.8052703989455,63.82065743307414
-62.90575364347599,1.668927185547414
-64.62288758250223,25.51060981652873
-52.120980608537536,21.534238761573118
-45.76524169653011,60.264190800509304
-48.45056879061975,62.1636101877375
-53.816508700215685,8.608185039805864
-46.96241355517737,57.909703688227026
99.31605140155155,0.43891236956450763
-0.12823914738620823,22.121579560591755
45.713799807971355,31.31896436385182
-62.159191410373246,-117.02814174084816
-62.35033343801325,-114.19240727294734
36.82796754051682,101.04073750116616
36.55305142858221,38.79020337668565
44.27243606114798,-14.942367945989533
-30.197083415078215,-86.38166444574735
38.90655025641056,9.986346115746658
-18.271799151847265,-114.85135989365695
97.92185407246127,-5.730648459813131
-26.972658572678693,-74.13306013282634
-18.284563928068874,-115.05902571819665
-14.554204132018704,74.35952927838314
-27.064801173410114,61.21456383332738
-36.12560197779468,69.9296493405237
-21.98142170139205,44.278121785998884
-74.76999306184354,-9.499462008832207
82.20397255900431,-81.3814818555821
-80.25917690198828,17.65132081801358
-25.769665503975375,76.00964319839682
-78.73443745502678,21.800941484711352
59.10825067090183,14.53094640623427
41.45558923007045,-49.557426829320995
40.55761223381005,-48.12600872021694
39.62864070028648,-48.90077166256207
39.77416595317013,-51.15849400535431
41.703764791511276,-51.09704283811962
41.025003118416755,-50.22151249213069
41.09466206270734,-48.67373611469845
41.866039990972105,-50.301882249283224
38.5729233425561,-47.66910560699723
105.0513672839426,-0.02466751637987249
-109.61568236099541,-31.22744528795714
-28.46570313250869,-77.12923072541261
-108.31632529573436,-31.20869418768576
42.64104825889676,34.78492647699817
52.357332622272764,34.429209178403205
42.00743155578041,27.888966810175454
48.27658629814634,51.7407519175126
24.459920397019605,-52.60119618315067
45.38014229749847,-19.97235225023808
-28.975054686301835,-22.231687054143247
24.50606448643269,-64.9186468077308
73.45605074076278,0.45553044342797283
72.77985595951004,-1.3507824329209863
72.09548778624628,0.5636485076065179
71.54389673789117,-1.0762915864589528
71.87887102565821,-0.7628803830207495
28.816277980231405,-41.1702397202851
26.96630644083411,-41.51274340686901
72.70449122031401,0.018061560518704264
28.06343889246171,-41.15466613209614
28.971685209678963,-41.222420381948766
26.209278045371637,-60.40933758006267
49.77160238277848,-9.04891479517742
-29.88486745253385,-19.81553132661329
-36.47506369492052,-90.62762147003245
65.46702195234712,-28.707045408421315
-28.000468905874865,-20.7418556071902
50.805707756454815,59.88278506996727
90.88223605355172,-43.10198008542888
39.77537917586061,-0.969291297281908
-30.0964658382814,-81.94467257191103
37.8983106369633,102.24597159332289
36.26686539779777,96.51213694793546
-30.094706025862262,-23.215099847254304
59.62408584170205,31.434892727189066
29.7476539449251,7.028437702634444
59.516465741343865,-27.40344609918374
-59.02511637958517,26.111417258606398
97.78152565178827,-1.7650047966076754
-31.174384695849636,-25.066448520601817
-33.252782231489334,73.09480653213426
-54.30519781906521,-5.735886204790914
-66.16841552684588,-1.8406521403590321
-54.99537505053914,1.9810809046445583
-58.05914467580129,-11.578653694226183
-28.778996143871886,85.49447949570491
-30.868674270952663,49.21456227960828
-45.833547493920385,82.03340227307595
21.632662393671055,18.231402889240652
-3.5121402385056175,-55.59606772120949
81.5999861879163,-33.91780638858258
81.39156543558114,-33.69098883620969
42.0697190794657,0.23996802330517106
3.1165300093540447,2.4958713666878993
68.37212871989826,-31.259270116199527
68.51146606869194,-30.29516037769129
67.17728225490085,-29.46115386447322
67.8770846284316,-30.480870486307406
78.98842861638104,-32.11544291310376
-81.54896736713226,-53.73162727693099
-94.51315805293044,63.56733281198772
12.76285113244274,-42.36152333615708
-77.96125518314275,10.319254380795176
-52.601604308465824,6.982018325266786
-27.98299628842304,77.19200304781005
83.43794385773826,-84.241174603251
-42.04099859172838,70.96846054067768
-34.608623070454406,63.03253267729225
-90.81565843851743,4.418618611741537
4.83754781797773,75.7167877546162
-53.61743950553715,0.08154119885764477
-70.59036453839893,-5.711082737513439
87.17292466498589,-46.18820573698941
-28.149623139856192,-20.223153378528593
59.308537271363164,21.025354881953284
49.11202534300784,-18.619355802569245
49.022277942090966,-20.051113531649882
49.15552306652141,-19.493394909267
47.33738380761463,-19.149451177435854
-31.635320361191138,-19.729371700472598
-71.07881451778346,-5.358330958419036
24.06576883677457,-39.6625485297056
-85.91209413856784,19.541389297294813
-75.29685190728739,9.56473664774564
-24.26029869013801,79.94337502389943
-25.235470985953462,76.60970744902271
106.44246029682748,-1.8941595460662062
-75.90465357377323,-2.0269331890416136
-78.16695996861583,-7.262435449203068
-24.097229259202,48.505923122767925
-50.517419365745795,73.50376382613443
-46.56016484840959,75.33379742740877
-81.21419838637223,2.648439437650002
10.54501466655947,81.10461911368358
-83.64887253015183,-0.29940985559526095
-31.3059995125189,78.565274231576
-76.36744705372308,3.4531496698577295
-74.64306288156554,-62.029455003459006
-72.8099088710957,7.239943155587048
-53.59796694280379,0.6272755740411649
76.76521395224327,-31.971776374551425
74.8515461033646,-32.16421112809712
55.23154174433228,-20.17119508780374
-83.95903277906459,0.08553956590901855
-60.83283226735017,-113.46389413016469
11.300384517104368,-8.876458558105153
43.74167456297006,-5.9545453616172
-52.46324569291477,4.720915887717201
-24.731551354829694,-77.45806340827154
-90.75167783065008,4.236490299106519
-26.22198223184234,62.242271999947825
13.47261902137208,84.96712940861069
-23.742559859321446,74.5626583270591
-58.4119495320352,-4.840758684188248
-23.751984525991254,58.61720144551993
-22.864750576588392,58.51812655961113
-85.38764453651648,17.87216433392979
61.4658283589665,31.48613628346462
-85.57441434231693,8.463020223493272
-71.03767768229129,-64.80337183730023
-73.82102641643951,-62.74169150136771
-36.55905731215299,-51.82327891542329
-28.88206819232511,-79.3439150181041
-43.05366597459383,-52.43980235595517
-28.562402238131227,74.82817258400738
-63.25919740636498,27.99132773007243
-22.99611036151935,44.75601649076027
-37.303299787276316,77.56338556445435
-32.173648760688444,61.85010772621406
-55.74325129056722,-6.048676975614304
-58.385035375590945,-7.221092262161117
-67.4535192200127,8.32287440451821
-27.142078467280324,52.5643314509858
-19.70628707909841,58.51143819304046
-99.37471408715034,-31.65342670104365
-99.98327504070487,-31.73082924991863
-32.1569448075092,83.30604872374838
5.017775060392562,87.78012829202015
-14.226499054383783,74.86172502554307
-22.793454660125693,41.79684719092796
-20.637194459833214,61.21936945384677
-62.199731519731145,-10.961909534046104
-47.63367266653709,61.26301283182362
-61.13378488998545,26.099077606935325
-61.68448863723242,-4.640819778212998
-83.1007430359781,7.692468545896695
48.55194323341853,-7.44000485012334
-101.28924870699909,-32.98391349574645
25.509263547980474,-63.74520840955636
-3.9385903559410265,-2.76772761704584
43.7162954250223,31.902299034932078
85.9227260997916,-83.21939906020329
50.90248230171256,59.441855448087985
22.180413594491245,-47.18298898439441
-28.893922180667143,-19.459844471908657
44.51486134218081,-97.16720213543736
-26.266208921007767,-78.09943260427885
-35.109467281344884,29.30286172174225
-29.22077384457594,-20.824662929621432
-28.37620020952561,-75.36419921987346
-42.74445771135394,-46.78740548492142
23.050376588186133,-40.41782130338253
-36.04300075692913,34.20861861122222
106.38449718583547,-6.076014318996234
105.47839124633256,-6.736426896200158
-17.13882261236008,-115.94176744947245
49.15593685760681,63.46423370545474
-38.136356222897426,-47.47224561201305
47.16285784806788,63.339906595963804
58.70509360505894,-99.52076446271182
-28.813532680499158,-75.24435866167272
47.36106064998629,5.721280277805092
-25.76628008317203,-75.69623763295562
51.49840514797629,58.55391390972492
-38.36674576562703,-91.57624226391425
3.2921705643738415,-76.71740494176083
-41.973867549974266,-47.9434121312751
-35.74080782744434,31.724562983662455
-37.13138823183025,32.77699542326382
-37.00356727903812,32.08337445919292
83.70502977845833,-43.30080966559256
21.753484078959307,20.241717490388275
50.13037441903625,-11.962677982336498
3.6916210188294554,7.349374901613416
37.0227602132689,21.787615034457424
-71.95388801964101,-57.50484517233722
-69.99566345545985,-58.14330403209508
-70.56848094391357,-57.15508953043179
-76.61801605070987,14.076889095616837
-37.91924514044076,-45.036383877717604
48.70158418102417,-45.215875190602695
48.30392313855056,-10.678094940572763
23.70401326589836,-63.13640407214006
50.497487321571434,64.27839924952097
-115.88732240640978,33.24666372152549
-72.8072177425148,3.2239894197182837
-28.91819350491521,62.96320203131372
24.587678130538187,9.924206605036273
-35.01773273731297,-90.85420937655162
38.26772371676395,3.9617773878064817
-32.86508877712648,-22.349002953525755
5.503351848065949,5.148309448158377
-0.0837978263297481,3.879684217758179
84.56699869280024,-81.93993371094301
65.60919494430101,-4.019198406276693
49.948127667973594,8.812612171445865
36.19240700951339,39.67089610119214
99.00508836964846,50.87525328330577
-27.587386734719672,-73.73280149620821
24.273977613091343,-64.88410998436035
49.878508502284554,21.08673557210498
13.570327871540728,-37.337188352826296
-100.25027275902167,63.38698232940927
11.238114138703068,-8.883040787968243
-35.35423017513395,-89.73013289283472
8.925692171525037,84.87227924634071
-3.964243254822961,-3.430884243710022
48.38766681829265,64.85644412164531
65.1120230025814,32.91286842110977
45.67566144239193,5.420790560013641
34.91165234340469,22.896687405513397
82.05315663203021,-46.61717321894498
81.88833947931944,-46.46259203058551
79.28997502007108,-32.70652406741291
-10.824974846513111,77.65052751328318
3.0892685903875186,82.85941131952966
5.032921471649015,74.95938775456258
2.0473675437116925,84.27671079009457
0.7834071511270102,86.34827895523148
-60.00283654681823,-6.271328004368848
-42.28431517928915,63.558304240477526
1.0802077815692834,87.67369401402426
45.23783923064313,-1.8298422907164484
-79.21893499475681,27.3868786570175
-68.83163008576561,7.32855901006662
40.897490237892306,16.364855530225167
65.70954473543567,36.68495053889455
-75.81091643430172,11.313524548628154
109.99051314232851,-14.058419283127229
39.01082366940281,10.627703867554313
-28.457061144957933,-18.604106547175654
43.660532653365976,-44.768735108406744
30.638058262354637,17.198331514134814
94.15737463435043,-1.0332496286940875
94.49564460475544,-1.201915841811889
-42.13089698331725,-49.94334652540726
61.32956919715873,30.33631434974712
-3.891791690951198,-58.49803790126459
61.18480733439894,31.350464619898087
78.21883949374853,-34.29313103315417
36.970726138631555,21.721433718779316
76.4272183837331,-28.88997868516844
75.4262381667316,-31.466062739467713
76.66108376188126,-31.74432203756321
76.97778558092918,-30.192297215873563
78.4870545969242,-30.28697122589909
42.79811215919127,24.002503711490043
103.36817218197895,-2.1060672518636343
43.055302444941326,24.17645834100728
27.961883469518433,-27.980547945617534
-88.32595004821265,15.224124087820462
-70.84557201775283,-1.2539742638195341
-0.3442027225738351,87.37566009910428
-42.6732037463105,73.45267571894014
-76.4976461937029,11.880571353609001
-11.370389977926385,76.19368529374216
-79.05425594260424,19.595206711426197
-34.43433940304566,23.61487815667647
-32.46022977710594,-24.25972372542384
-27.825903564308863,-22.342947570306553
1.2162730449100065,-76.75719847645067
-100.24620581161929,63.73973063926237
-35.19968991904564,22.59236245158663
-46.40970396890139,57.18242831871045
-33.98402986154623,57.82149004672516
-70.50205322978556,-10.247160880414455
-36.36127943375874,69.58518566222833
-56.924131316981935,-5.193787145523291
-75.5207407151133,5.7892941532005855
-47.30479905340315,61.346929319165724
-51.21804783937803,70.88446688798247
-20.09306086565478,64.54539380805235
-71.56448645338146,17.77213470472583
-58.257055625251205,-6.702447398727251
-29.071445240133116,71.56927109139323
22.459799101239145,5.152855120463127
-26.546780366242064,69.5625572341116
45.90905484858328,27.90712395923254
-72.38362912704935,-12.687304087482005
28.082762409850677,-7.424817989808876
50.17069010938284,22.266448538330287
-26.370037515656204,68.14371219059738
53.01091183366258,25.542300166523226
-71.18523642978778,6.693994703780876
-68.00958695275794,-11.692015141594494
-37.97669689605438,83.46267747200784
-36.88410211121804,83.87858384835256
-80.31335091557048,23.162354713825344
-66.12066332801098,-1.1332551039975605
-25.987639168741964,47.23961985610833
-76.46004615508987,-5.136713373335076
-107.23364477573536,-33.50802333426853
-25.926347998243873,70.66594654247531
66.59496953874005,-1.5821153370934087
69.65338171363072,1.2292443003061717
66.73738657750063,-1.4050831014290284
-2.9871652437656793,20.310252543080868
-106.88023580709051,-32.735670448979896
-35.6606859453099,30.661389757810092
102.86658036646696,-1.9384281588720231
69.81282644990085,0.20607335079213382
-20.490877794497454,-115.67386251055974
84.3530450895168,-83.68937466046745
19.281928260084772,-52.395982695420834
38.059066748127485,97.55488522468883
49.207553459635996,62.79212217621318
52.30799670192873,34.17774233577742
13.592430426541899,-34.846105430862025
31.22047658671268,18.617536972948617
-7.3956295749923635,-58.83927765393061
-1.4730899401769324,21.927699241530537
45.03405719811554,29.24041886351211
-76.09376703847283,-59.6214489747267
-61.75889506092248,-117.57604326433145
-87.77427313634576,63.87931188621722
82.95086954800499,-83.00902810262191
60.26571144020172,32.33413552503008
-38.90115855568105,77.69287575379586
19.66423438166302,-95.04734733523968
-32.941823775321616,-20.389391777767877
18.521066644676296,-93.49663036892179
12.765739320507352,-8.467060723444664
55.104900485538536,-21.28316013719754
29.52678154760319,13.97903188063406
81.62690015721175,-81.0554427130966
20.940042250201564,21.02644597561413
84.84739709119923,-81.59334165170277
-31.48823602068543,-21.735245848986096
33.08955617440708,17.35419621850458
42.56960234323138,35.080025322255125
-25.797709426072863,-77.38135737258868
26.53019050726634,-10.137153625434134
-37.12150404930089,33.073165449136546
-77.1660162955598,-12.488480380031469
32.947191821287454,-24.958713983394397
-28.12052957891246,-84.20651478186744
36.1701235645928,-8.893844006803054
100.75082327540595,-6.136683812934503
19.243100705771955,21.340425727093233
-61.19494590861087,-115.35133851175098
36.188023014904914,40.433665347924745
55.38524023098117,-95.47416805156313
51.83850633792283,-93.23762421594482
42.88369982754373,34.73859334842372
83.25565784514922,85.00837619045012
46.9868652882173,28.087674672860754
74.43837932903863,90.85179709509595
81.98732304490184,83.77554476017251
75.55729805358799,89.96830933877698
41.08718304459484,103.13168333001384
-72.79362947525377,-64.54366112660362
-71.69551443543453,-64.36871734495743
-72.60924645595462,-63.650107814715554
-75.31033968792262,-62.76419110275609
-74.15205944419314,-62.22836075403727
-73.36471096721559,-64.53193519172805
-74.24321350472836,-63.456671919579286
-25.651499618565648,-76.63178832099338
-72.68306064766206,-63.91320363148156
102.99280698568035,-6.960423315125799
42.584599470034206,103.86428478573949
37.55163172487158,-34.79798792722079
7.1517678258303725,-21.188901895291373
2.789438087070886,-21.299634644598765
2.186911311726775,-22.22093203575175
37.99565841594076,-8.72845584032353
84.21654906467758,-84.7036310666389
23.744440036153954,18.518955735903955
50.262648608785064,61.46496967813226
47.754494060816505,8.042203663982031
-28.390619990385773,-75.22914379785679
-67.7212151637411,-57.96212437201778
79.4820328101648,-41.596582163419214
98.67532952934764,-9.381154146483052
22.200198515267964,-22.593168811996478
33.35974707681406,18.9184211132402
97.65612734736925,-2.5637976154417865
-9.282536815956934,-59.04031712400918
-66.74679858764759,0.18151838478689328
2.533344239874438,83.16013428736579
9.743829837086176,84.3187734947822
-80.84978846133377,4.661937636771889
-37.56140541051094,76.55098751523077
-78.58995649987918,-5.741122961236329
0.917078822168443,4.038621928862786
-50.51415687914177,70.9493582605681
1.683646099704294,76.99044399506981
35.07319130110942,10.801046609147036
27.748965116743744,-28.25335420460259
-90.56025334735001,65.24209607495081
-61.944173525922686,-115.31837761503364
36.63461264834068,-41.138274155581556
45.29081795467615,3.881730377665339
20.988491332119626,-26.465518942555494
43.67862709178403,-6.904722264215192
-24.14196450832186,-81.15261436580731
-3.137182410247501,-3.467370964871004
45.271545686607425,29.257471001294668
23.464241904008546,7.492730232090868
33.26978957179612,18.312930794330317
26.16654858949803,16.7563133997229
50.18029088234845,-95.89165418539473
78.54562505986901,-28.04943330530788
76.16731184148477,-30.687034246215514
76.4230291263221,-32.549475475510924
78.35480176815379,-28.66992347211211
74.28977790716297,-32.298346494571746
75.67346429975125,-33.1787873871846
77.69642926042775,-29.196912554128872
31.460300880481974,-24.72375986966437
36.86799844127376,96.29822329278001
43.39784878741441,-6.206211864325253
-31.527934549534656,-91.83540262323048
33.93599543542874,29.363168560071504
-116.56246741780201,37.819939545522224
-43.12919239847225,60.231289126971234
-47.79414717385218,78.57717517679464
7.340890311369077,84.44263577086926
-23.302570406140905,45.53525242868959
-111.08144596258919,36.105235999409594
-59.29787385367499,-1.565235463794949
-0.4711890910704203,82.84229800865116
0.3529006429376122,83.41457770932486
6.050088593338245,80.1443559757975
-61.660243687887764,6.003708546028069
-58.61208536046347,13.271193017438208
-28.288157191461426,84.46452438806655
-41.03463570277859,80.63652163061627
-67.38463741155499,9.523360729603144
-63.17888997144098,18.232122463053777
-61.23936800045569,9.981453619269502
-29.761262453240867,85.13367320877224
-54.25127516046106,4.756739487932363
-68.48098946108185,15.504470167700015
-61.52258184177997,-10.885344732127578
61.85275494894149,32.89354736133279
8.053380894637181,81.566252012293
-6.879626101087996,75.62975488626294
25.944436328888624,-6.1732877167122515
51.6143133090398,57.46657953569779
-58.88275418642175,23.56486926212602
-56.323011485552534,21.80540403412865
-25.663378755252506,62.59459824674422
-56.19199502631529,-8.83795038865593
-80.04110552808842,24.085208594046307
-24.98547829995527,42.395530208056435
-71.9062625355538,-0.2673879584624489
-30.673655782992626,49.15263270892096
22.46523220595187,-47.06184950242244
27.76339100018132,-28.192264591784262
-70.2428414105739,-7.52242004253003
4.207206177590893,-78.71797973523951
23.61666611904987,-54.05937741705664
58.180492538668005,14.320914190027837
23.82090992933364,-40.173973719733155
7.346838432437259,86.18436887662084
9.830389693425353,80.37900739723518
2.096291301450609,89.11925802589296
-84.36597244835632,11.370805905917038
11.520826323194754,84.84932156809556
-63.249514122140305,1.4938040112415156
-53.42426166476034,6.749325673550056
-65.56689972656783,0.939998548688157
-72.43143281797396,-10.21183585651778
9.287244124757038,85.92863400691002
-67.5554403644956,22.976973441388424
-76.90574798646003,20.959773542059846
-45.52228577708096,60.20937498801488
-61.01277037712537,23.07011409652879
-56.38152047428129,9.554540514756313
-33.76512355337687,74.81952417696066
32.002121040690454,-24.28304475882228
40.915172998593064,22.571035426819066
-1.426984510235009,20.719056122129416
-98.47929701660165,62.00957234577657
43.70267818887956,29.894834176207997
-36.34424209396006,-88.55358323759864
-59.35356517378298,-115.57866128206794
101.05682661303122,0.48987433493102944
52.15155565350602,-93.56291955321673
48.5153432184936,-7.773552359985899
65.69545434219148,34.22840688123519
85.25528573640034,-84.26555276822107
-62.77210140421178,19.10680678207655
-61.85911402403723,-3.8124982320539913
94.93097317505662,14.955046569628813
-43.28018438152761,-52.49090933080485
93.74519225987414,14.07522909178961
-32.77561623306731,-79.41839843133413
85.85163688363133,-84.12961072333938
-1.869453904794795,-3.512978415453777
85.4456052554184,-47.147766497888036
50.24572434110213,-34.42788855742534
3.7225032814655745,-24.87339394803563
-85.42115989131172,-90.87196393726825
6.544749661197503,0.8169300368259451
45.83839162414593,63.72871875239387
48.32833573263818,-84.67199164359573
41.77916940299184,37.299035836363736
4.714207021758888,-79.04076036192717
-6.476370912303251,-59.074465985012225
-29.07963160513662,-80.90766241723134
23.90840451679056,-62.81766221289942
-93.0989395072411,61.10133190373943
-24.430292420063036,-75.24129176526519
-33.79866865696685,-86.90163024747966
-1.9460621149141688,-3.7872026712963707
-31.52298637341437,25.817840040478448
40.56878399652276,22.00483456316425
-5.728756111436147,122.64448841730048
-4.11749282749606,119.91217988549337
-4.16955964293706,120.69788849752054
-5.364267826335444,122.40100899197515
-6.983881566281359,121.58762813168053
-4.82139589505544,121.56378823717696
-6.5656696301240265,122.57468301003546
55.663534381015744,-95.73348165071506
50.67262537012003,-92.03074367976605
98.0803117662457,-8.674803816686744
49.78566832740198,28.549341571068002
53.36159039052564,-94.69810089370161
58.18138906036471,21.74013188381516
50.78598283680764,-92.22882409978006
41.6815241964854,30.076640755391164
3.6400014513088137,5.3485086464763265
-33.40267798933623,-82.52386280270314
-5.349530418891658,-58.37429703926659
50.25233213241086,-34.37115093481328
-100.66240069118734,-31.76764875023023
41.99262491313223,100.3052612033033
39.089869635108016,100.1607803061773
-71.40809679955511,-65.87637900973897
-71.92230527679517,-65.13054140026522
30.112527380201318,-41.14702473080322
-33.86154675843167,66.35134195271549
42.48905181777322,104.19232468888777
42.12035164148406,102.85434812054473
42.24205336375384,104.38066177958714
42.53567257450989,102.26291677641241
40.42965278843927,99.45849853297251
40.69800181680735,99.78302898462863
42.067388058280685,100.36031712295775
38.84177178812392,100.5191428980184
86.03640680551098,-46.479903458664445
63.77980347295282,34.0960223591947
49.110909669901616,52.58494082540138
-33.007092966152776,-46.75689924043463
-5.067422022970848,118.65266454024616
25.23930857050151,-33.43271451406354
49.90954917874491,51.00999516580465
43.71242089759221,-28.065156202339985
26.79282969109359,-37.79243071361356
-30.14703606488252,-83.85110536175208
107.61524012166117,-13.018355483286488
49.94050525859329,-23.56234238838289
95.52329453535978,19.975503323818955
96.3444544444053,18.843306686719885
95.69151218879902,18.739886059630823
96.74712408916072,20.606634286326944
95.89233771601154,19.728216319311503
97.40164268039439,19.08929764607412
96.68962579304363,18.278583207359226
98.22468609722412,20.48350279200487
96.06917077510705,20.093120571629477
31.0687110009281,11.760946675440561
5.65938827786205,-1.1232284165608126
42.4343406486878,-23.244384564232895
105.40089772760157,-5.243903027685685
-42.45763677133171,-52.55548265891976
40.81225182996132,-13.49244041556617
-58.17871560107578,-115.60163301258953
108.307467310918,-11.03975986628935
-29.377257657693765,-18.715560224629016
68.1752347805409,1.2508882049091516
49.76280364385768,28.794023384568867
19.59762810841281,1.0914907857813112
12.847733655943301,-126.63394318754932
-20.13104189920081,-117.95410124462794
-29.357912598176256,-20.642953232706844
83.22276294311827,-82.26627641304096
73.60790389687934,-31.35217494721143
75.33708213043906,-30.104455216216262
75.1938661171158,-29.272287210964976
77.57552657881197,-31.213768443918454
52.38219387448203,34.391342676033375
77.28356678220894,-32.69261401504002
78.99515648607358,-29.20215392946614
80.1444921501881,-29.730840183593116
-113.68472583722236,35.14905275918738
35.22735756148519,39.11162926231309
37.696088190428576,100.18570673018368
-68.35270115023725,7.471675455560036
-68.79808964190761,5.614714975998352
-29.237838485002893,-19.464246941064687
-34.00892383292143,-22.83663219263148
-78.98566313002145,10.088890652984407
19.234765995615604,-52.39028595034479
-24.596558535612253,56.21649159549117
-23.783361720268832,47.712386296390726
-36.38121772616679,74.59734662874189
-57.63716096761605,4.856076607249364
-58.78219761019701,18.351982351370577
-55.31576628419861,2.14992462655792
5.253757020395142,82.61674409292796
-29.784977962606693,61.57119247738024
-36.47422521087823,83.1282734678894
-39.20096152442853,77.81665441562089
-71.11371087846663,-8.221043123550636
-78.65115559398026,4.812673173263576
-41.81345552593444,77.71395501551899
1.0848286327167236,85.33865022853632
-1.0351878128082803,85.47123655955575
0.4860820469319239,87.50940070061306
87.65333553813639,-49.5655504457542
49.475810951549846,-86.58123111083228
-77.9821541516807,9.937953373551906
-70.34790118241257,-1.809240609461123
-117.45868816203209,33.36396646055688
65.62236295917928,34.517903631992866
36.18035470203612,2.664106354014815
21.932914910076203,-30.54743062659407
61.408033596766586,29.096877784648353
-106.69363704465485,-32.902790416776924
11.528024321948902,79.02481551695938
-46.09232373402133,66.75544241585388
-53.39116815127474,-5.724552973928397
-76.65925852441626,21.060554206073768
-24.2923039751959,56.83687796578524
-27.696200317182086,54.989775271828755
-56.5063121825728,23.200721413619842
-63.817199542777395,-8.442800481978033
-62.587434170232314,4.320912501383371
-56.94200744335321,-4.465526561346504
61.22057859750653,-27.7723505868109
60.638043784720445,-27.392359065486662
62.12964332844034,-26.730410526096996
37.91777129277779,-2.680602585809575
60.51580337708274,-26.68481133643033
64.06466674489802,-27.57484734781441
59.390186853831274,-25.95324624232162
62.865489727131965,-27.886725598447217
23.670482789225325,-64.23953648168087
58.55187632683566,-26.218844678927905
61.1973968458894,-25.589209911966655
-77.07598556813888,6.086684143854622
12.537388643434404,-10.636039929746667
45.1872064655608,-95.91033533438967
61.17295991212615,30.098634971614327
47.60315150542376,-83.85719957078179
94.34185606975485,-7.4346182341106735
-43.960007548593794,-47.62924537859085
19.72376291833363,-89.02078253254187
66.53717616446131,32.64649808206768
29.798482882693374,15.039191158203513
44.29941356796888,-13.501819172966144
-104.79604512479867,-32.969479483003155
33.86243963576078,29.05469050798296
-82.4450563283121,12.313130569679691
-21.474875208238945,42.07714684804786
-82.993426057662,-89.1996933069841
-84.99126379230785,0.25268665954220787
-50.236701035990855,59.653784807663236
-81.93502718240902,12.25158029178393
-24.832068406509407,69.74802157950192
-49.03936836514288,58.04390705349734
-54.144145312778775,19.969616216527406
-86.2381373588727,4.780059110276251
-27.951501255007294,62.590971348767354
49.839454038495084,-11.736675401572402
77.62275837382388,81.18753669490094
-94.66937484638716,59.55313209286555
84.80291350492034,-83.4121376466292
47.23502654424786,-16.739085680397835
-62.363917178031336,-5.679079992028102
-73.72712188393382,0.680290137332679
19.30545127962673,-19.04916560968713
48.10008754166011,26.188042829169103
105.45107041248944,-3.550222178450003
94.66471388159022,14.928809700664253
98.50012698077386,21.94318648750599
94.97549747360252,15.058742887555093
-60.16997165405461,-116.72157249230345
96.28339103684478,-6.348457157346939
36.889111232984014,96.37263904082234
38.31765188577899,-20.265772868550318
42.191976925621724,0.644131806681944
28.728527146163152,-41.87796368579589
-39.46248010719464,-48.000062071757604
-0.2886148040755382,4.419480861370183
-88.46069442056107,60.349420164450116
-74.21791459372788,-60.9940657576117
-0.41659585660541704,4.753706313554361
-87.76675224438334,60.7146956750439
41.97434618827518,-9.380120398306294
-41.786217590778655,-51.96307141424345
-78.3260639469166,1.4843308044038037
-90.71872695391934,65.69001799581874
18.41953600768524,21.48919477384701
-19.46124825761781,-118.07745965292233
-26.08084627242094,29.05128999135877
-26.80333205490213,29.120208835010953
-25.324025977495957,27.833684443010018
-27.37392999674465,28.21502030706909
-28.0720023051644,27.844167102076028
-27.93924344288444,21.59865721152311
-25.450010291166627,28.154493855002944
-26.31351759168827,27.255453681164973
43.976199021924046,34.56700575835047
37.435959662378984,3.7735555761465593
-57.45250732477673,-112.6012462399186
24.59973683259874,1.1111689308807238
-40.7316240472663,-50.8305298688757
-38.03917040075581,-45.42992917596745
47.838462426086906,64.94238033968082
88.55629236316764,-52.37909009422327
12.487675039678814,-128.54320802228864
90.2036143112846,-51.90397235793218
91.24262439270517,-51.900464540309244
90.81917334111857,-52.112750639497335
89.6046450134145,-52.95146049120969
89.21946997533516,-52.703921392625944
90.11486667956777,-52.48949692411982
25.957149717743345,-62.09356596918143
47.16105552752825,8.10858686685647
7.327325739622402,5.130625310696067
-32.106923696829064,-80.8290241403732
47.883603901818766,50.557762747476254
-58.74755113141123,-113.77148708410242
2.201533406039426,-78.49090855661746
24.45334043529541,-40.2607092681844
4.241262329292183,7.8547119527219
7.156949805443791,5.893889255239753
53.17403358461745,-21.460854486331293
45.432212485482026,-41.47759922268851
48.50788765364407,-41.31790969340058
26.19751839144854,-60.47098597238758
30.486591896113175,-25.70302165810875
92.45324658946627,-42.6766771394109
-60.259116548028956,-114.59843919730102
-8.554529965275226,-59.300708557763784
50.410593120010695,17.313151906180288
21.15643960260273,-21.510269960910797
-40.978943259078726,-49.48740331194384
36.8939718423556,-41.14415936418711
36.99004972849244,-41.821821694040324
36.6316980715506,-41.451912492327665
48.28077651236115,53.100179113213706
56.64813856801526,-96.64639858701116
87.03617464124329,-48.10810507589219
33.076955237559126,-24.89809993258851
-4.546035275497162,-4.039841273518956
-88.99039608463592,63.60827445321645
-5.225446004321855,-55.97900276684666
-6.725422714380758,-57.421993998254855
34.93441611643459,39.238158906393856
-31.002436224120103,-83.6524314622535
51.13733075660896,26.387605646538166
-20.290548322320486,-115.61623687702246
-2.0503986197542683,-4.252502781929313
88.13584912862096,-45.03445545420634
91.44931291946831,-44.405779802303
91.39650548307037,-43.628072180766765
90.73983668635235,-42.952595547322694
89.29193030973828,-46.644262115561745
90.96174626987509,-46.02359884905163
91.08823656953665,-42.0559587266806
58.35673358419824,-26.323793162185776
88.8712494752198,-43.05718838533453
88.55237743018705,-44.29543602204984
-5.473632384620174,-56.62871252177807
38.56443140529111,37.09115517696987
44.679352204993336,-18.790410642404193
51.7682820535325,33.71201593433964
43.514034298643836,-18.669538525719613
-31.85482061474663,69.72995769110996
-35.714549794256435,85.65124995635483
-106.29338665730617,-34.93679153693117
-5.028197594726438,80.04392842029623
-6.66918299134813,78.39910291574655
-58.53154858418942,17.251947692996758
-20.803109035828466,42.30962853555324
-64.37894400614972,25.515801151448724
-62.20023540309445,24.102390295155836
-54.57576728557181,-8.566108395789922
3.1654639241209197,88.79229495207176
-44.878782158008526,64.51747112969073
-2.6207677629434745,81.38724358284131
-25.838216570782905,45.326624046823795
-49.28877311568519,63.98622050421021
-99.68499251170711,-31.159579713599218
50.54954012154031,-25.536903408598597
-42.307621238975635,58.396275076392165
-51.239089589952016,67.49803131780342
-69.94357940082502,12.409188134376581
7.4949253738714665,76.86224698713548
-60.26346338969937,-9.808830795253407
-38.562754770308814,72.11452401477574
-62.97139064896596,-6.18020686508455
-59.56135459598368,-9.389707483975045
60.00841834618388,31.687246369022358
-32.392082581606665,71.58902482472959
-32.256782948032736,70.08875100296093
-61.19604262224244,-9.703755957077075
-56.77932539760968,-3.546239048543869
-79.06665067929646,16.254231435686773
-35.46663717015284,71.60221685884737
-23.103137171785253,81.28758120520223
-78.02232840594084,20.259419097508662
-76.34861460827477,-9.22131776294204
-31.75774411045788,86.02946158463101
66.9074039888125,-28.318706488603826
105.02931377116956,-10.996808661550803
25.634437677907652,-15.80022619397045
16.02552054216182,-18.580933331185786
31.43760453234737,-15.73606869010493
29.706548142465795,-16.103843805672813
29.878249312470825,-15.852259068440281
29.090685718203797,-16.61400914365301
29.3223064952942,-17.09012971861135
-38.621285254455024,-45.67223676257082
21.59531931713182,18.66472749405974
9.432709594077535,-38.27433533617699
-9.259958332788095,-31.79080380808644
100.74346179004249,-0.6572329505360207
30.5415789708905,-24.788608614261815
5.774547760424868,-121.68242536455689
11.340581860645342,-34.04206241685319
14.032167393400341,-33.610726780555886
11.66583397718462,-33.72604728921773
-78.33752276896631,-2.517078443552254
-35.032875619835586,64.15894980581186
-31.681336715210332,77.54098515848487
-77.98340761193609,5.522403406779545
-69.53969168743997,6.932024932011729
-36.81693058397459,80.03131574393466
-42.928441914707676,78.8170865604347
-77.89531441835987,-7.598264643159808
-78.177675174346,4.6949051657909875
-38.710156875290146,73.66569869036991
47.557823686015304,51.52143040482157
36.406940429734526,6.888494788916666
41.74355910033735,-6.898276369084302
-60.35847396244454,-119.35201933867009
52.09359322730874,32.17516116222428
20.623906744924096,22.429118026618575
-30.174566308483584,-20.010550689112804
45.83871118633831,31.146126662306237
-70.19063972181124,8.61183922381032
-33.20774325055375,-22.33044330629485
-27.038812266684687,-22.104523703585947
36.65585331453579,99.38338097200675
-32.08062429699662,-21.488933895351213
66.46451328390151,34.31693940222883
-26.705670878715225,-20.542363283530477
47.82681456661638,61.15451602498463
-1.392554746344034,22.38823730199256
-39.83605665226496,79.90156395125999
-0.03128405612405364,21.2142024070743
-87.81688683206545,65.99814673790183
64.96103640844555,-3.5425652693186604
24.278684418970624,-63.89987859744184
6.055807177816987,0.8710954566044105
-26.743569714340435,73.09543022598744
-30.80244511312588,65.1217289759243
106.28517210399552,-5.806902581955288
-50.16416148032689,64.94625079701962
-68.42644815775338,20.58627731897131
-86.71465977366255,13.84681983016699
-35.636472844799584,80.8423579324116
7.0826919462443225,82.89484359953617
-51.06287384206536,66.16893803532881
-25.163341741088693,79.80846009644095
14.18442152479109,-36.48126211418861
-44.56929814751447,-51.40160765467649
8.237576525599213,-37.863771110378934
49.492448848566745,28.102236273980505
-25.28963522598743,24.534983941814748
-29.26298967439476,24.656876672016473
32.965629611524534,-5.084523597166566
-45.552854926084265,58.47932872753194
-25.92991565996987,24.384478458239606
-26.482133938051955,23.372396885140336
-27.851337764296197,22.610260261600875
-28.16851950773622,24.130682990606072
-36.71500342659439,-45.73407631071815
13.936793887963493,-37.01190370257594
-26.238795250142356,26.11556133038743
8.939092790023667,-36.36577026241868
80.84932341178418,81.86772492144337
77.39640852958968,83.92855253849483
80.77949463747373,81.73445412156714
77.68099381574407,81.5721020147365
50.39213170121126,-84.7075325132981
49.03814907186018,-85.10719444144976
48.713955383671006,-83.00980799853386
50.577946426712046,-85.51067870019841
-96.3905417000552,62.564736994759265
11.344422207957768,-39.124152126086834
-87.5818826423529,15.330352105020513
39.2632467735196,95.74683624121644
-36.21779309345573,64.62081870875146
101.72604039466248,-3.169815588721686
-89.86627371395946,65.44928911448979
-71.73643217520619,-62.209282607442105
-0.20287255936147006,4.343612955900332
31.760549606280836,19.68505279404996
-58.69087531893854,-112.61825811110809
-116.71216612791686,36.56511472779052
-29.064809912819296,-81.29235080168974
-36.55810722388737,-92.43807698409357
-25.490937694407325,-80.83316414748897
33.34521210848705,-8.602258365979173
4.948280907301432,-76.2570183832591
-19.33039130089574,-116.02766693019703
19.188195170131134,-7.135392561060641
84.12452582931434,-84.40645003460207
83.92802052253218,-82.06813922548353
-7.646478225843653,-59.8790147657204
72.3337261930028,40.41323881609023
72.68325098096393,40.63171162125916
30.23650521479437,16.427918815745432
48.19620205612398,9.219347203482235
-116.00568556608549,34.782456946292555
-4.569631927983307,-57.52509098064438
86.38298258475655,-41.65674202879666
46.52932208735933,51.96924716744925
-87.80426331172512,59.43463690569172
25.48204532304512,-31.460898329188304
-37.2160425218259,-51.2420906999554
80.47389567766972,-41.12185309510145
-20.477603484862023,-117.07736947248996
-4.586381982884407,-4.030262959342747
46.69855292115344,61.36268050621943
39.77156892264348,8.060533447172856
-19.63556913500529,-116.25686388474664
13.47800182009045,85.33218772299493
-98.28746137728609,59.80489059396962
-53.701238177778144,14.460624166737873
-52.824634323516136,5.083696242629038
-24.7793510966812,46.71701916609016
-36.835430661069495,80.80064588933958
-67.77951887882439,20.46511892076537
-47.76414399824153,61.07174513037567
-76.55006354625873,-6.668329812862312
-54.76875881354949,4.583491910206435
-53.52184514264706,-8.353189174299942
-9.983010296729917,71.06824930310489
-26.200151221854657,44.0407515327019
1.8022833721872278,89.21679017794453
58.74976191410341,14.452796306894118
45.157221285022395,35.410196819347185
90.91426253357857,-44.45104441038453
89.67233525210163,-45.58272511462581
-75.9730562825094,-1.7746652835014471
28.395507162234633,-25.891857200471428
42.633754693936005,28.874693328287474
36.98504985275349,38.35861465942547
-7.550439619104261,-61.03216468481911
35.01898383924145,22.93127411976193
27.76452129848421,-28.265581951925153
30.16622409934143,17.702555938457294
-56.8824982827357,-9.31880145707561
-60.73332235862275,0.6804966400281236
-30.393387595781572,54.13895939204766
-60.571443655284035,21.197191740113556
-43.939682079099995,69.95179037419304
-37.32353152303777,56.31429162432945
27.038854517181452,-44.29742890614367
-50.62115281181564,7.220180207720187
-76.85095110660512,27.904270307738535
-35.141007675086556,22.648669139599082
-54.13452151215211,19.617933666737542
-37.065995037048474,65.67838240488662
-3.360179140847744,-55.48587586253225
11.926941509158894,-40.84156394065654
-35.032135498544044,62.623728132232614
5.043269521844169,-0.6588682846613413
-37.947350552549295,78.904731311342
-61.77290712974414,27.9602596643353
-40.86150320980709,66.40349247538828
3.9305826502660097,79.50951906604108
-22.25590392681369,66.70294365772214
-80.88948746460316,8.834341996701497
41.55497447399443,7.482600351981929
-9.744957650074412,-31.928178501132688
35.67277027938855,18.441215827871577
25.58339174301353,-44.39526834072907
35.48903940690539,-42.571819459118004
37.53421028579492,-34.77991503733658
-77.37422300837936,27.582538327091108
-1.6187573646256468,82.65041819320841
-60.67946190939126,4.060937426927222
-62.35397295160882,26.562971979441837
-85.39682883702623,17.768797372444837
-114.54395794542822,34.1813062802833
-29.548587198827164,58.39895122375555
-25.60671551465298,51.17624134242033
12.76449687841869,79.45336726343072
-33.7207036572183,66.28070654913292
42.4642081131842,-6.653909380896372
-66.17947608829172,-8.538687143498766
-32.17926073720033,64.74190272506864
-84.50823116232608,11.457348408317372
-72.80651859528432,-9.267252438772434
-71.44661206934207,12.234180049001274
-87.6001253397964,2.50369539994757
-23.93480957803684,71.87331513663128
-26.019266142472834,79.14412892283138
-73.09691616532544,-8.292588025705701
-85.77544107554691,4.161649889703663
-111.89048849139016,39.88679115089728
92.53409446805945,-44.400628853829005
14.624483271805168,-33.61526279305806
14.765190582410733,-33.40563594785745
11.000292431847537,-34.76088397494175
14.753655659954493,-31.320442958139573
104.20136626025506,-2.158565089168705
12.541374328979387,-32.8066445736341
13.982273935303446,-32.854707984111215
23.030467052019663,8.566306938071746
22.77398874609798,-46.174385793882614
-35.66404673036265,-49.094330959334684
-1.629363690013899,18.95969740656109
103.68588206127431,-7.027591538488121
-83.81613634470799,-91.04588540164667
14.407623353406793,-18.743651789043774
-88.06708379924223,66.20056493821274
66.9501764534415,30.873028873007758
13.324544077905026,-19.655401738088724
-4.707944274331989,-4.069811487642366
-49.47682284110758,70.52246626310236
92.96229495514599,-8.276058055706848
39.23954474154794,37.860286045794524
-29.31331803099219,84.35966129698144
22.645328809161118,-46.62108532568632
-40.18626924111991,83.07306146813494
-66.0320030730142,20.20328756489522
40.92486318997634,16.351372343897715
-27.90213710002074,-81.75471466125244
-30.348335994251855,27.138931403966037
-25.788314694280025,44.410054163711735
36.595542813841824,101.94291177991403
65.75520940529445,-3.511951997206817
66.9813858141711,-3.6838183948363947
4.6461496890337655,87.29074129668906
-28.750012290562967,59.95975876829527
50.847371193766406,-42.16259902931713
-48.321932331393874,58.73321034400697
-57.39938762793431,-10.837094487915177
-33.172421090579256,84.33571450713937
-70.81770088055178,1.912180900036708
-38.98274888741015,81.86225814306336
-88.19270549199632,8.213899407853138
-68.53310729571847,13.613769497449843
-48.44965594116278,59.29015590583074
59.47792903045143,14.649616672348172
45.173070686272546,-13.3629838880844
24.6230879591121,10.03687733993976
42.92513987938051,2.6697351469780273
41.54238235027267,-2.9465616475325898
-63.23890260628722,-114.63868149027135
-44.11300053959927,-46.78354130155526
12.812780139415251,-9.562697520071485
19.685603589957033,20.873733858091214
45.16201715165247,-41.841640573072844
48.03179893305282,-85.89932113625379
49.607398319530276,-86.6270220090862
-71.46791070072204,-60.603999786844454
49.86555634696234,-84.68560250254976
48.36179647775509,-85.55444250543407
49.00968445505307,-84.37277995426565
49.24940554844759,-85.81258079988342
48.415624592340016,-85.80673823557517
14.314597290852772,-19.835859969984202
39.99780250805067,-50.79347470734316
15.212807109313124,-20.68310156970101
17.834202915759565,-20.249693127106156
34.8119250804032,-32.6625363188511
39.82694806252517,38.95612261563058
3.6720874650968773,2.1166995410930243
52.206254775450105,59.90141638350026
38.09790995048786,37.137959978798584
37.09089921887293,-13.383299985176375
37.48270507996434,8.869880653265358
32.266599744222695,9.899067851659437
12.082947962468937,-125.60258749906532
5.807467141943417,6.754175627344598
2.7903780748832205,76.16304764929349
-41.62802649202262,-47.45320007171264
90.00060411010953,-51.16608099610789
100.22626016535123,50.99923692060828
101.03570860778841,50.33738256010982
17.209164370959016,-29.028695118801494
-89.3415083681177,65.81406966730286
21.44542011066224,22.78096387574132
-68.08390912196435,-57.993238246895956
100.5082484383163,48.99218618242374
4.396384612623976,8.603465568892672
-82.39486864030414,-90.15135227585455
99.4503333693369,50.29515095194405
35.88652345608165,36.24559633722326
-59.436566062063555,-111.15535579568544
3.505045099205788,6.016772220959978
32.993750435134764,19.50580853601306
-25.159904891214566,65.04099503723167
-92.69576252000314,62.49219363946332
-87.59236017949556,63.60574333692124
-18.179967511295644,-117.0032906817377
6.8133764017139,81.06828311161664
42.25522051923048,28.251179329979365
30.75902852819795,12.583798183925962
-85.9847453829845,-89.20135062511045
-8.318285329228045,-59.63739144035526
13.542515649738988,-8.309754650093167
-81.77563990511653,-52.25305134307013
52.07540450793054,60.97231072260919
-82.47533555999445,-52.9046766612121
8.732819870408546,-37.94089961875004
-27.5128814228236,-84.2214086497815
33.83637399574447,28.94520618595123
76.27308541036247,84.5635277246117
60.09333731102624,21.823499366598167
-94.55361416780632,64.56696477785249
-88.01985601823883,65.96569764235069
45.96961420017868,11.340670597203657
-45.72527791827887,74.91831556685405
-24.84431236939853,47.48216666863232
-40.62117787815262,65.79166795372801
-77.34434407456257,2.716297719675408
-55.85671421887565,22.326918166235167
10.056007902887083,81.45077639005176
-21.512980126378448,60.984065660006756
-67.81994860334609,-9.61422482039333
-25.088875417247166,42.640891277580224
-51.23002399409358,62.08761724462785
-64.54387167646674,-5.741876527175936
-74.33090340968441,24.175361070036786
-39.48061161837892,84.50980255659137
-38.894712492449834,73.39458915302413
11.288415236612895,80.10781163567601
-59.13592766941137,-117.73090560086902
76.53594117969986,89.56812933239392
-27.94017302233052,-85.11479769673272
28.046964574094417,-6.654824205088809
68.41098234003181,4.020627845369938
44.76974626781908,8.338473251137678
-109.58306543804619,37.6811597056788
-38.84562795568237,-89.07606997406569
-112.84383945346615,34.448645718233585
53.497751291960505,22.676275264717244
-84.56305745873973,-90.56401340558108
30.589608249194136,-8.04882456847172
-104.91848007516738,-31.715184523150864
94.53817176801905,-7.262392216998843
-109.60501710389036,38.196777915549696
-100.32306414660623,64.20554084851186
-109.62527772551853,38.4414711471031
