-7.714812725027792695e+00,-1.196251763285155434e+01
-7.343028248001457925e+00,-1.197192213632513180e+01
-5.128507632184150289e+00,-1.150136123027177071e+01
-7.985702024492150386e+00,-1.218036362561127994e+01
-7.301545728070950148e+00,-1.195979837484050279e+01
-5.386054389937861231e+00,-1.149118592249887527e+01
1.040796007214053631e+01,-8.679198918208248514e+00
8.397395337068408239e+00,2.059048684219425329e+00
8.080087399475676335e+00,2.597532544069464766e+00
1.046476638913530266e+01,-9.194022854264856548e+00
8.139770774348216165e+00,2.003804164684116706e+00
5.330050856547481786e+00,-2.747981428368222900e+00
-4.808211704244750528e+00,4.212590791796852585e+00
-7.960350264584787006e+00,1.290006263433349432e+01
-7.585608064625843916e+00,1.267775279673034383e+01
9.505977321963705151e+00,-1.822954894660072656e-01
-4.583288035123567639e+00,1.074450040000670681e+00
-2.738671553831658834e+00,-6.019484262513675965e+00
-2.190577318402319840e+00,5.522307906984571524e-01
3.588372758327219580e-01,6.799316107166017531e+00
1.041789757144097939e+00,5.879784038151270487e+00
3.927120609057347389e-01,6.803607111084576609e+00
-2.606627284110035081e+00,-3.781750897720878246e+00
2.975976132218949854e-01,6.817153780509086047e+00
-5.666367829052074256e+00,1.900818490206531486e+00
-4.513270838279403563e+00,-1.775513897871852098e+00
-1.070899506546218305e+01,7.103674414006637683e+00
-9.701587407273589037e+00,7.972725049370031236e+00
-7.880077698627763638e+00,1.362462610752705494e+01
3.308304079464571057e+00,-4.196550927530603659e+00
-1.176373282725639413e+01,6.605162585829914335e+00
-5.212040483995080464e+00,-1.406866102429387144e+00
-4.429377399036346086e-01,-3.608447515327273702e+00
7.667364894337796777e+00,1.639177587229820654e+00
8.367710029210066125e+00,2.329234435259468050e+00
3.139509085062083926e+00,5.361439117113305564e+00
1.047817512119143757e+01,-9.232835567057746218e+00
8.397683455882454240e+00,-3.108857601445348173e+00
-1.948716447817102182e+00,3.563968060818550221e+00
6.083030459104799448e+00,-4.113159497004996723e+00
6.018360334867117523e+00,-2.672501775863261209e+00
7.974587353018534941e+00,-3.385471805454735250e+00
7.947973015956267595e+00,8.286687706740872628e+00
1.128982671386558678e+01,-5.129820764119555676e+00
1.111490274350881080e+01,-5.051171204460497499e+00
9.733108212216706079e+00,-1.510080093423818326e+00
-9.185679277925324016e+00,1.189529839489433272e+01
1.329484563946337872e+01,-1.257166433940162809e-01
4.187923423332802209e-01,6.743102320231575852e+00
-6.126871896117891403e+00,5.608056758118590279e-01
-1.014818109286944470e+01,7.596911827423948438e+00
5.047770168073502539e+00,-2.765941410280036372e+00
-7.027853945580573303e+00,6.533097780257484999e+00
8.317296623871371253e+00,6.054540378496003683e+00
6.217327167755372308e+00,-9.301219797295688707e+00
7.948592839533054288e+00,-4.506459274888815258e+00
8.376347379051948039e+00,-3.354067535770847375e+00
1.335866531360586151e+01,-7.062527033023330292e-01
-6.424768272138259739e+00,-1.413863575834914066e+00
6.537538888642512092e+00,-8.579493481240680453e+00
-7.613953906985465814e+00,-3.975639870408642196e+00
-1.278384853821063061e+01,5.070356985106243108e+00
-1.060981324697812944e+01,5.090594407730037574e+00
-5.690710156839063671e+00,-2.623664926926514429e+00
-5.153051195717607058e+00,-2.312620205956597896e+00
-1.327120259480446407e+01,5.195219475761106764e+00
-5.062977150108006086e+00,7.587505702301221788e+00
-1.132965672010976554e+01,8.192884854289996355e+00
-4.718583379513025200e+00,-7.028986497117765131e-01
-6.914566256308936509e+00,-2.649634002570734115e+00
3.047193847702856395e+00,-4.928696708734415566e+00
-1.097287582225681790e+00,3.571332777570594974e+00
-7.322997088446047798e+00,3.781310937007444917e+00
-8.834924097834218060e+00,7.753576540376482917e+00
-1.118712820285059983e+01,8.312571604613314236e+00
-1.323879803345442241e+01,6.206589429549499215e+00
-8.040836560749196948e+00,1.130903211021300514e+01
-3.642041214401173566e+00,-4.259081417547165849e+00
-5.760895925955336949e+00,1.204271336864245789e+01
-6.889099325932207307e+00,-3.852654010605526480e+00
-1.341457832400590533e+01,5.816531301432944723e+00
-6.690843573834428071e+00,1.091012936619637586e+01
1.458974651038695391e+00,-1.316627782053625673e+01
1.300525566775236008e+01,-3.298315958617450971e-01
6.390131238997025065e+00,7.450042866729666979e-01
8.474755810936386524e+00,1.364137858487543653e+00
8.200180574387006871e+00,2.258379013502130661e+00
-3.865673237849502009e+00,-5.718383460302066679e-01
-6.673430462353102222e+00,5.612996607105943170e+00
8.331277111517869371e-02,-1.992891839205815474e+00
-3.726051730003196560e+00,4.817090039534211998e-01
-1.126708222476257326e+01,6.702012675055895485e+00
3.575632907824661394e-02,7.797716715007501076e-01
-7.279145886248666208e+00,1.257182348879622680e+01
-3.527863777360139785e+00,4.363715936737474266e+00
-1.007514904449824111e-01,-1.632149737605415485e+00
-4.248728330330535208e+00,7.759624022071784921e+00
7.858241681518152610e+00,2.111934446855398217e+00
9.485181068542805960e+00,-3.347696075339102073e+00
1.027325014340894249e+01,-4.277697210697051666e+00
-7.821816646110789861e+00,1.232128489811925043e+01
-9.119760395528720309e+00,5.616909955526020681e+00
-9.766379000568090163e+00,6.946317776680953848e+00
-6.638763203249567368e+00,-2.434295003631176957e-01
-2.406437891861828327e+00,-8.519192661921725085e-01
-4.152672243260710161e+00,-4.439501561297772625e+00
-2.584872783611722458e+00,-2.616924690021671385e+00
-1.375356522543722981e+00,-3.903438639732477178e+00
-1.011680184799667614e+01,6.488292675589812930e+00
-6.984429576051869759e+00,2.793556222826687030e+00
1.431219486134543928e+01,-7.952009247780813528e-01
-8.375086142802123490e+00,1.339869321355680398e+01
6.469576705477981804e+00,-9.115049811061410878e+00
1.278045186603990935e+01,-7.673609759052310020e-01
-6.992385367083024050e+00,-1.212456912671861353e+01
-7.128049038165216622e+00,-1.217259999982747232e+01
-6.757542118756235006e+00,-1.136650839423911918e+01
-7.138123116070096863e+00,-1.171810567799409419e+01
-7.271378314885790672e+00,-1.180826916521727554e+01
-7.119158946977790059e+00,-1.173339926380065279e+01
-7.036743308584322953e+00,-1.183718080066565825e+01
-7.091266626651136384e+00,-1.167144270917451010e+01
8.023356605106704009e+00,7.990749339807298846e+00
4.419927355100973010e+00,-4.635978750362915735e-01
1.105433664444607444e+01,-4.358746090154852482e+00
5.423598732831785618e+00,4.633677383193849586e+00
7.623110659094480823e+00,-5.745960302972368261e+00
6.570543756344001451e+00,-8.950023800601648816e+00
-4.434114544769614419e+00,6.308226841151018505e+00
6.333994028813672905e+00,-2.654223021085251766e+00
8.767540490967904887e+00,-1.961617095691494228e+00
-8.521901425870302305e+00,-1.128530628192287644e+01
-8.450534204122533311e+00,-1.131226973234968902e+01
-8.163914002200039377e+00,-1.102369663018806634e+01
-6.427595076925335604e+00,-1.125587870150041248e+01
8.799185922318892850e+00,-7.639923621089589112e+00
-6.903687467133049482e-01,-8.944524928019569998e+00
-7.202569556952423957e-01,-8.968078257322817493e+00
-4.768986464621767785e-01,-8.854719992707293486e+00
-1.187303944798145244e-01,-8.692814451082902849e+00
-3.164274968620522377e-01,-8.792484420243065202e+00
-6.342502890005335958e-01,-8.934800545441929032e+00
-6.170646854755340582e-01,-8.926551504611223820e+00
-1.099204963218930153e+01,-6.009857375517446698e+00
5.573728148291842821e+00,-4.900468443529099716e+00
7.612753486574531436e+00,-3.301075260001624656e-01
7.839988399905809535e-01,4.177187974250808011e+00
7.220689943385799614e-01,3.718250543416992571e+00
3.916730960849120757e-01,4.800925866392233843e+00
6.178821331007327000e-01,4.376666608604538489e+00
8.531463890199573186e+00,-7.353253763416639499e-01
-3.621535914700881875e+00,-3.857006059566447043e+00
8.800209480632782411e-01,3.036135831322829048e+00
-5.784482526979906503e+00,-2.572745949112274499e-01
1.247793704970616169e+01,-1.373529874365065018e+00
-1.220598547927600919e+01,5.902515927097693016e+00
-1.136443525174382607e+01,5.030292954196889710e+00
-8.908060380656843691e+00,1.235471294515681073e+01
-1.255191713846036450e+00,1.730810522957566766e+00
-1.224475053022541449e+00,1.032565850271684876e-01
-4.207456618527221970e+00,7.743259503659208676e+00
-8.274442539402096841e+00,2.770070698909271378e+00
-9.631056874243522969e+00,7.830424795036405428e+00
1.078945071651650878e+01,-8.503471192334066675e-01
-9.096477213257125882e+00,3.143163821836312710e+00
-6.804928251257094551e+00,-4.637918056210319051e+00
-4.154036811410503738e+00,-1.624721914881977591e+00
-1.246096020484123024e+01,5.470121797827544263e+00
-7.143527474355368945e+00,-2.155390444956863494e+00
-5.125849910141125676e+00,1.997246373527558072e+00
-8.185926994142374014e+00,1.280959643337093645e+01
-7.063048849985753996e+00,1.106503806480895413e+01
-4.059622802933561481e+00,-2.585741364713313395e+00
-8.527722250600927367e+00,1.183920076604174731e+01
-6.747684807453642186e+00,1.015356194245041976e+01
-8.834434128569631284e+00,9.758503480822215082e+00
-9.185716010880062399e+00,1.269618840028395113e+01
-6.737913726296530292e+00,8.061363104135370605e+00
-9.158137712398291441e+00,6.453348788850624018e+00
-2.245475879266205510e+00,-3.905247018000188586e+00
-1.331946221954612319e+01,5.229392526701086119e+00
1.108290796471156270e+01,-5.360486995292870205e-01
8.215124067215871406e+00,2.331705277383854913e+00
8.015715388106739780e+00,8.009745816843864219e+00
1.193334178549759983e+01,2.916591439991673695e-01
9.989553521247973578e+00,-2.025688582707058316e+00
9.404409690300969515e+00,-1.620766916048359096e+00
8.315685485200759786e+00,1.207538111156489569e+00
8.217532647301231563e+00,-1.326643449138574571e+00
1.358979514629024443e+01,-3.016816936791729131e-01
1.286064452064349517e+01,4.628883867236387673e+00
-2.078160226337963046e+00,1.532833284303713794e+00
6.866797616858423270e-01,-1.307061594143087468e+01
-1.753510341693434560e+00,-3.098889044752847877e+00
8.030803146236687340e+00,-1.445928159978489225e+00
-3.959586131250053320e+00,-6.778805483181342684e-01
-1.777878753277084112e+00,-3.049489811744376055e+00
-8.131277074770252966e+00,6.504478984847129830e+00
6.946956729128412000e+00,-1.282369778514924619e+00
-9.108517805874585704e+00,3.217532970539050408e-01
-3.009232548139906704e+00,-3.002062686504445743e+00
-7.200610812615897416e+00,-1.447193493756662619e+00
-1.120996955329719391e+01,5.178564769085022057e+00
3.411652221047176248e+00,-4.185970214886442164e+00
-6.217025147011667752e-01,-2.619623133800712961e-02
1.245258526848075498e+01,-3.436004595089542368e-01
-7.150762082120684759e+00,3.824427254446458146e+00
5.321274990751184930e+00,-2.747531976000157083e+00
-5.660024543483371140e+00,-2.579483550764081201e+00
-2.665725630659042444e+00,6.642549745877273537e+00
-4.038514258982655925e+00,7.481100846038973629e+00
-7.398126468774312237e+00,-1.658207421338995902e+00
-1.905611778550710067e+00,-5.300826065896728778e+00
-9.978825002913190190e+00,7.165432190663222123e+00
-3.615412826765645793e+00,-3.390887863485235076e+00
-8.675647412057863050e-01,-2.179363239388258044e+00
6.873600899768457229e-01,-2.115894492187437415e+00
-5.228399636336968470e+00,-1.772369110428745786e+00
1.138567086351616187e+00,-1.340146322485962571e+01
1.400149947404420026e+01,-5.244877994208892780e+00
-3.052818271095112390e-01,8.721851151978082584e+00
-9.151547603042294199e+00,3.767815537351632216e+00
1.132370901492030235e+01,-4.466429122321057044e+00
1.294775387389047516e+01,1.083569318795305908e-01
6.428334919683977411e+00,-8.997191184323341417e+00
8.248395241343922102e-01,-1.310569878641634922e+01
3.417877039116832272e+00,1.009308141655411006e+01
3.582784603115202415e+00,9.792923009685178926e+00
3.455529172116308612e+00,1.001262645245212823e+01
3.468584150156424961e+00,9.990021555249384733e+00
-7.018957578508822515e+00,-1.215312346199662485e+01
-6.961015286054772488e+00,-1.214861241366484457e+01
1.338009996667492985e+01,-3.529132797486736473e-01
-7.095013842599835030e+00,-1.220217804923012217e+01
1.030872618516296768e+01,-1.261891954280075057e+00
-7.483407717630557343e+00,-1.255384558306411691e+01
-7.158006134684765875e+00,-1.213233428654802282e+01
-7.141400912912080123e+00,-1.216258372293033752e+01
6.494523105220506132e+00,-1.160043799184611979e+00
-6.987225863118819547e+00,-1.211066900111919686e+01
2.773096919682912276e+00,-2.357053758549072509e+00
7.544041249242427583e+00,-2.507292343319187378e+00
8.480980192955268393e+00,-1.580743447063033713e+00
1.338707406134812317e+01,5.691068089866123891e+00
1.456166376625159309e+01,5.893793571204661852e+00
1.360346078736584019e+01,6.882618817054371618e+00
1.335947105922940636e+01,6.034871431019734445e+00
1.450424316744950914e+01,5.952170073950418860e+00
5.320101616533058575e+00,-2.759598469074495686e+00
1.129431149006414081e+01,-4.417519564069531945e+00
-6.839666479061296656e+00,-1.159508758327181077e+01
-7.306489376207774278e+00,-1.173065224973880483e+01
-7.566352576423346576e+00,-1.147747211789543798e+01
-7.107871819637893829e+00,-1.161075580693339404e+01
-7.153254834734731560e+00,-1.180915446991703632e+01
-7.104657211392220617e+00,-1.180559434854429490e+01
-7.218764759317580548e+00,-1.189451803116720541e+01
-7.286398425574580173e+00,-1.185231486714394045e+01
-6.425170758876785904e+00,-1.127109651761477949e+01
1.044912226742583528e+01,-9.103756445642316564e+00
8.316045337232468526e+00,-3.351213281996400450e+00
3.386153021508053751e+00,-4.132988638226448685e+00
7.972851948001723699e+00,-9.588979764376565740e+00
1.371642176067935104e+01,-8.759266388011480720e-01
1.268075075652521200e+01,-6.382942140453509716e-02
-1.418836380091026683e+01,-1.391696294285251101e+00
6.174207287686794388e+00,-9.230901684156354037e+00
5.975516692419033049e+00,-9.595019095658605668e-01
5.575659698031651068e+00,4.238251700283306889e+00
1.226512484034125805e+01,-9.897918377025121117e-01
-1.119839584027682200e+01,-5.237113397363457601e+00
4.722499226364042180e+00,3.316061141249571964e+00
1.013618632461058588e+01,-2.133593937456628620e+00
-1.182938644428369734e+01,-5.685935492211967812e+00
-3.307666902272730969e+00,-4.928778109986422074e+00
-5.138761623934147593e+00,2.033840192917987455e+00
-6.431677001634369617e+00,-2.742244114074254835e+00
-1.042252355281651433e+01,4.677041173917548811e+00
-7.817311988236578912e+00,4.693525994850972438e+00
-4.041240721305904948e+00,-5.221071485112098287e+00
-1.981044356710115251e+00,-2.717045791280992884e+00
-1.008267612401285795e+01,4.361151995343555576e+00
-5.889203012086930755e+00,-1.292227278045476879e+00
-3.855260415488533932e-01,-4.109939680226904812e+00
-4.834708995520130337e+00,-3.193969629516682840e+00
1.236668102501109923e+00,5.548093599261200853e-02
-1.416606770233360457e+01,-1.362525278338809320e+00
9.838824120092738212e+00,-1.867270586545014321e+00
6.310252665091397262e+00,-9.406425400307343310e+00
1.231019618055509213e+01,1.783322665384792782e-01
1.422029372714457063e+00,-1.327867113225154938e+01
6.534101707393856984e+00,-8.947498136091095233e+00
9.889536657957114230e+00,-2.021204485669153783e+00
-6.783716121774142849e+00,-8.619957059262758348e-01
-1.146921368441500100e+01,3.591998169503770377e+00
-1.268223022414446532e+01,3.940325917789013310e+00
8.269816721703611151e+00,-8.267529707954709650e+00
8.778697501614715293e+00,-1.976457312828307167e+00
1.571857177226829716e-01,-1.130172804027490319e+00
-4.792817790651879406e+00,4.255500868044916452e+00
-9.171890987276329454e+00,1.167684504086044761e+01
1.399908005907833264e+01,-5.245253436005761216e+00
-1.012991071187373215e+01,1.145568465290986815e+01
-2.197477739706671596e+00,-7.153175383865689740e-01
-4.524004469651231375e+00,1.143360810588155863e+00
-5.673057707689014961e+00,1.223448829465987764e+01
-4.860072244655038176e+00,-4.275897449492253033e-01
-1.116226497754082203e+01,7.758897217174400396e+00
-5.880742128019798898e+00,1.216127947571210477e+01
-7.412441045693570096e+00,1.051933714742022907e+01
-7.732832998456540707e+00,1.349240545049239337e+01
-9.421452092915814092e+00,6.999107239558990834e+00
-7.498290081027350062e+00,1.350005533411447622e+01
8.111146366044309275e+00,2.642283315823380718e+00
5.584734036622692521e+00,4.208228923365533447e+00
-3.892897132411540007e+00,-5.698344994070739133e+00
-4.935060051475263165e+00,3.518687701212404595e-01
-4.791968374303417377e+00,-2.049316983886583787e-01
-3.455829158427606185e+00,-3.502882153312397939e+00
-4.296273203677121622e+00,7.862705120850699281e+00
-4.958389766448239477e+00,8.093454077352909337e+00
-2.728493906419925619e+00,7.556454497326333675e-01
-9.595242766367773513e+00,5.680671394125655027e+00
6.119337434074400423e-02,1.486492740365222831e+00
-4.032414740313093660e+00,-6.123051913040704619e+00
1.294073087135095790e+01,8.649976251737545585e-02
-7.755993742748176878e+00,1.183362709631473741e+01
-1.151285855197662933e+01,5.725509197860379373e+00
-1.390955422156239152e+01,4.435253249411877263e+00
-4.001883559786906019e+00,1.400598005469722684e+00
9.673081696752245051e+00,-8.997517397230209157e-01
-1.113581705717483139e+01,6.917061814282413401e+00
5.222759845383472488e+00,-2.764009910167984252e+00
3.244831191177747876e+00,1.039552884970705193e+01
1.373664255284313285e+01,-8.760691761951678869e-01
1.478514255869289151e+01,-2.059657480795595852e-01
4.488160736486121571e+00,-4.499710096862427067e-01
8.776860476944902345e+00,-1.488471972641776331e+00
5.006145845543912287e+00,-5.328027516596540281e+00
3.474161600988642462e+00,9.982488862418501085e+00
3.490381133815331882e+00,9.958959808439360017e+00
3.629668786808740055e+00,9.702034159117296497e+00
3.516800177239897796e+00,9.906025213096345539e+00
3.553793890617630957e+00,9.835710025028477688e+00
-8.086218078353800465e+00,-1.150008943188347388e+01
-8.447472612944963544e+00,-1.122525626806934618e+01
-8.671825383279571753e+00,-1.155658560679876246e+01
-8.607230520107293614e+00,-1.225959060751133656e+01
-1.423006061296490188e+01,-1.429915636930279010e+00
7.701729884126677916e+00,-5.588404931944651821e+00
1.293373025961362011e+01,6.788134665723202232e+00
1.375014624950764563e+01,6.819220010367533114e+00
1.341916279724511263e+01,5.584024539368551920e+00
1.386774527379007793e+01,6.765971310336705180e+00
1.345779584001264340e+01,6.259531328000754513e+00
7.733063069014582958e+00,-5.439141464028769413e+00
1.342538465748826049e+01,5.612678283094137299e+00
1.339279410231572598e+01,6.000728178319575612e+00
1.332935929947966258e+01,5.881924601301906641e+00
1.334316167013703236e+01,5.183304752717333486e+00
7.676584165824202444e+00,-5.648551188444690396e+00
1.514534556481311434e+01,-9.279830519699248104e-01
7.953470886605968460e+00,-4.906371178784789677e+00
8.220256970149316444e+00,-4.258718579929810844e+00
1.313415538421996409e+01,-2.860204694488294730e-01
1.321039956748780320e+01,2.806860346265228068e-01
-5.373444944221091646e+00,-1.586153391357120634e+00
-4.168578487379711817e+00,6.630671894323588944e+00
-6.043015502958781759e+00,-3.218316669917669959e+00
-1.100873256977967340e+00,3.408292227643332062e+00
-1.311946366786071216e+01,5.516359572790324961e+00
-5.298163940419424733e+00,-5.700652578030849682e+00
-7.951681207047688993e+00,1.142659457898307274e+01
-5.970419341147890968e+00,5.801086037107931581e+00
-4.145113521603033924e+00,-1.397057864452629250e+00
-4.136682233897857053e+00,2.566302510176903251e+00
-6.954606449984047423e+00,7.308539922976224013e+00
-1.902310162322538689e+00,1.420174017282518797e+00
-6.266108557606170137e+00,-4.147854395793371118e-02
-5.571628856386054984e+00,-4.160234544138014634e+00
-4.007934465150250425e+00,7.385444732327449024e+00
-8.359503589632849341e+00,5.342454157147788152e+00
-1.025864643921411101e+01,1.238132039355680547e+01
-7.517174276306022307e+00,-2.479900251097623354e+00
-6.758136098146239945e+00,4.622414027301624095e+00
-8.354655503368963565e+00,1.131942052252257547e+01
-3.044556280687040761e+00,-7.810410721392219147e-02
-1.148394437048085770e+01,1.018839859904972656e+01
4.199599454493986528e+00,8.485828105811830113e+00
4.079852355654228546e+00,8.819613726707133949e+00
3.919540381751323466e+00,9.227670824603494637e+00
3.739891375318233901e+00,9.535385382719358205e+00
4.021786694259594341e+00,8.995045007797129344e+00
4.033128496584921230e+00,8.875426292131452399e+00
3.845074708029623256e+00,9.306404948449449321e+00
3.732373813379796346e+00,9.526338221974283371e+00
3.872583336385624353e+00,9.253463802841567443e+00
5.279352793495127649e+00,-2.753677259667056454e+00
1.367057804453755310e+01,-4.787450922239642193e-01
5.801632639358063948e+00,4.378714964648564134e+00
-4.034525940861547255e+00,4.221499044615855123e-01
-1.092169306970677134e+01,1.027051674172023965e+01
-2.756897752452303951e+00,-2.580855059302450183e+00
-7.240592892970175498e+00,1.308090661850226866e+01
-8.946793438881449845e+00,9.082170238407858420e+00
-5.518423189598526513e+00,6.158940097746372189e+00
-6.080192195100220687e+00,1.233447374429324306e+01
-4.117356767295792253e+00,-1.139024938093074590e+00
-8.681726269286064834e+00,3.932892513948544000e+00
-5.819993712864570234e+00,1.225224846579581062e+01
1.354772082770554142e+01,-1.920439811458394541e-01
8.264582098948258349e+00,2.371804996894632644e+00
8.250258646833595222e+00,2.437682586038898869e+00
8.315554617167215667e+00,2.281550725815901348e+00
8.366347796573146312e+00,2.057891131346433866e+00
-8.607799941885621919e+00,1.142192894604811393e+01
-9.427107968162108165e+00,1.096848594747313221e+01
-4.308408993129939191e+00,-3.008284998047163317e+00
-7.962462044087410540e+00,6.686301423550202294e+00
-1.421245737668612108e+01,-1.418975664621849875e+00
-4.033769308048042568e+00,-4.564915157606009188e+00
-9.989676918661507088e+00,9.436564629995503495e+00
-6.650914177804832406e+00,1.058739834033260863e+01
-5.748264809992216229e+00,6.523263172245137298e+00
-1.186818056118851672e+01,-5.659732512351536293e+00
1.112256520255401071e+01,-3.667678639956590825e+00
1.051631005354867732e+01,-9.012553673786195318e+00
-1.186144067915472178e+01,-5.655351840167758048e+00
-1.182776803460734882e+01,-5.660205095091907168e+00
1.331038451239046516e+01,-1.356193902168131071e+00
3.094647132839484449e+00,-4.838812137961875592e+00
-7.681892772535163338e+00,6.757933638486752770e+00
-4.675717815009169165e+00,6.446314378817116442e+00
-7.400309321228050408e+00,-3.553085099916446943e+00
-3.686227087772133260e+00,-4.645542835946720572e+00
-1.138209948606575539e+00,-7.388670143809272783e-01
-3.488354258850091760e+00,-1.290202489517519036e+00
-4.890019446459556995e+00,2.127840604891370724e+00
-3.184408133748105829e+00,-2.662982536938873768e+00
-2.736853597208009692e+00,-5.132828128219879105e+00
-4.700785396780579717e+00,5.672108785963492217e-01
6.662273489104884483e+00,-6.661646237061992437e+00
-7.305219727203596136e+00,6.862618001427044589e+00
6.089819530076943543e+00,-4.105654407536242445e+00
1.223741070365559125e+01,-2.895094949747560320e-01
1.023933776271220175e+01,6.544205254693984120e-02
1.025235250293976996e+01,-2.284175339991144860e+00
1.787535032735923624e+00,-1.281326324927840687e+01
6.634954581215805725e+00,-7.354544951829772970e+00
6.217564023872360401e+00,-9.305476161776580213e+00
4.587501066063641275e+00,-5.340539241305694018e-01
1.395293223210320832e+01,-6.482300065254228416e-01
1.295576747335869250e+01,4.355508156602806658e+00
8.443853541162891219e+00,-2.409577795830378566e+00
-4.136069191522018684e+00,-9.116225707678310641e+00
1.352805058273757943e+01,1.496410940796116806e-01
3.520735010644278518e+00,9.905453416824272495e+00
3.454711265547367738e+00,1.001876902662791480e+01
3.661033262247388897e+00,9.649522007521984079e+00
3.439935399974567876e+00,1.006015100771056581e+01
3.527485377663233113e+00,9.891203054404630990e+00
3.467034939356222978e+00,9.999975606924207838e+00
1.016193988894995037e+01,-6.588464947248226511e-02
7.090371424012053225e+00,-1.307013699832748843e+00
-8.569812643205294123e+00,-1.132650924090516398e+01
-8.654886531582871356e+00,-1.125963179622302412e+01
-8.676998500887458832e+00,-1.182107208120055297e+01
-8.600863714095526191e+00,-1.173995671708403066e+01
-8.864391669469872781e+00,-1.161948180145903464e+01
-8.975120233847984963e+00,-1.161257781324182226e+01
-8.879674013177528025e+00,-1.161609278492483099e+01
-8.853222525027632628e+00,-1.160713653531571588e+01
-8.382965889774286694e+00,-1.138637459113492056e+01
-8.533062243605410657e+00,-1.145732852065867036e+01
5.006049865579340619e+00,-2.772315859811879335e+00
1.503673880269472996e+01,-2.513205508281370348e-01
1.543549425747062465e+01,2.739377612056330125e-01
1.571724207146561270e+01,-9.994859776959797992e-01
1.526659530024726408e+01,-1.405515671803583277e-01
1.328039479185950178e+01,6.359807951020603589e+00
1.335657166134872575e+01,5.761697454132119312e+00
1.335887807958733653e+01,5.864410880752092048e+00
1.333901137933735193e+01,5.952519756584650601e+00
1.354134432857052239e+01,5.734175957320612582e+00
1.253836689248855407e+01,6.693793624053347102e+00
1.358579336621022371e+01,5.707151945489631117e+00
1.338146794965525643e+01,5.311539096808230553e+00
-5.063159915188101046e+00,-1.458147737849775805e+00
-3.279709906905016403e+00,-5.108099068148547195e-03
-7.305585304920335865e+00,1.079323168044026104e+01
-9.915282407777720408e+00,6.811838785275345920e+00
-7.575637614291795607e+00,6.951229074868213509e+00
-1.165159978398928153e+01,2.001398955609734465e+00
-1.040270491936709618e+01,8.448642730632448306e+00
-3.377483008912323559e+00,-2.317432542445857724e+00
7.787648132245871047e+00,-5.425208275678758518e+00
8.277838138131253132e+00,2.370922477229600478e+00
8.272334960478088250e-01,6.670967172226081487e+00
-7.940912337409941069e-01,-4.503243014200559280e+00
1.504077753407296569e+01,-4.353326995891834694e-01
6.595413202415013387e+00,2.810270000738082086e-01
1.287371609716274889e+01,4.398157010826714064e+00
-1.287209879555722125e+01,7.228256880420278030e+00
-1.382935609783132458e+00,-4.309345547078023975e-01
-7.806482245910769668e-01,-2.879925113712343610e+00
-4.434218108753984922e+00,-1.677516994164452990e+00
-1.245682140843284635e+01,4.979177204607252882e+00
-1.194062294434009530e+01,6.473757446956871497e+00
-1.529015330290228736e+00,-7.693198968122125225e-02
-2.835191699675831956e+00,-3.695372069658141578e-01
-3.456615681635546888e+00,-3.795174052779615170e-01
-1.449289541093985001e+00,-9.093041921634417157e-01
4.195238922529371806e+00,8.563962584990699511e+00
4.283023769636075784e+00,8.424343263943406157e+00
4.050930979994239678e+00,8.821958930527637577e+00
4.182522173710393254e+00,8.567168134376130340e+00
6.517172504361523622e+00,-8.833792203769224471e+00
9.232468939349548265e+00,-1.635258711887284777e+00
8.405032847944717389e+00,-1.471787599962529391e+00
1.419260638068706548e+01,-1.184744773670193485e+00
-5.840627540043800359e+00,1.335705768577042818e+01
-5.796371968776442785e+00,-4.952368498052333479e+00
-7.734316689936298062e-01,-5.126191927508173540e-01
-1.773798721362729314e+00,-8.954315574036891823e-01
-7.344805189481278695e+00,5.522119492565082055e+00
-6.203730027226111332e+00,6.533611518870592327e+00
-1.204844097223285360e+01,4.229976449077001099e+00
-2.025386660797361849e+00,-1.475781345248155629e+00
-6.401554381095206914e+00,6.255738566200434114e+00
-2.778058932100119005e+00,6.731066502831422937e+00
1.060119865598805511e+01,-3.972904663763896060e+00
1.066041680382221557e+01,-4.291320897042026239e+00
8.383616024588167903e+00,2.238774224202735308e+00
1.066287232508764404e+01,-3.782238250414060587e+00
1.063358298737059471e+01,-4.164768278690026193e+00
9.801490472446896973e+00,-3.557586310964995668e+00
1.076596429042923830e+01,-4.877213439046165000e+00
1.063535265217632997e+01,-4.345043273170559495e+00
1.053648105896187026e+01,-4.275873180089234893e+00
1.062922910735948001e+01,-4.218186797166843860e+00
1.058273910864651235e+01,-4.146993049032596801e+00
8.267066552025239545e+00,2.602030423779609247e+00
3.346957535993947630e+00,-4.073774618020566507e+00
1.194482221742922867e+01,1.272576716419313025e-02
-1.188300843782694471e+01,-5.661437192525341722e+00
-1.189633720135539718e+01,-5.688724283076732391e+00
-1.182152946406609928e+01,-5.438727929936776562e+00
-1.171739778702891677e+01,-5.512896052507104905e+00
1.004393290218014911e+01,-2.010092323758247534e+00
-4.129623008240884907e+00,-9.108297640402680528e+00
7.407139587711755624e+00,-2.552089966886312400e+00
-5.093460731104903161e+00,6.955604220096172519e+00
-1.100033843539469025e+01,5.569385808712815411e+00
-4.490201019659075143e+00,2.144437636382363177e+00
-7.841466381553015452e+00,4.952828536808463689e+00
-2.698338363857609945e+00,-2.546491811536030880e+00
-5.313779582111685329e+00,-4.655376199589440489e+00
-4.645993568198230506e+00,-2.953827639576150244e+00
-1.085725391134640061e+00,9.489803655724464715e-01
-5.626996331093465642e+00,1.592008921281137801e-02
-3.040094616120692539e+00,-3.079937740536121904e+00
-8.213411607819502080e+00,1.124605470291784926e+01
-9.026433065327559291e+00,1.270082585929458752e+01
1.507319782554237442e+01,-1.971085576941092876e-01
-1.042840825735814114e+01,8.991558770905992759e+00
-1.246758070350435332e+01,6.020386091875724155e+00
-7.925720816999382912e+00,1.175893056545778315e+01
-6.765485040158102592e+00,-1.985567772371060524e+00
1.412934429912286305e+01,-2.536070230068893649e-01
-1.610793533103139330e+00,-8.187471320579173817e-01
-2.668689673977964194e+00,2.209530017797492196e-01
1.156828390089106229e+01,-1.787372783902325457e+00
-7.039780004491901444e+00,-5.483942833750926615e-01
8.295730986776815641e+00,-8.296299825333987243e+00
-1.111912666575238440e+01,-5.950235737416154080e+00
1.142703059895548767e+00,-1.207263428074583622e+01
1.366637625196238437e+00,-1.193582968913628406e+01
1.087275084215426846e+00,-1.259207121304097399e+01
1.419833327632701536e+00,-1.188804200785879672e+01
8.168529668384604037e+00,-3.002469053333300941e-01
8.707038103772839932e+00,-1.821988180618480779e+00
6.347562627399537583e+00,-9.249334529776055192e+00
1.498525202253350130e+01,1.238842814146618454e-01
1.490874477930258557e+01,-1.768136447716752435e-01
1.537371395877349300e+01,-4.156357314276060144e-01
1.583138624472491962e+01,-1.011729346838220023e+00
1.537614289985097571e+01,-4.461378778505334930e-01
1.532815165113400013e+01,9.869584838729653087e-02
1.503870594488951262e+01,-4.042331202731470619e-01
1.354100944087718972e+01,3.988933340282906137e+00
1.361176635510596000e+01,4.083823127458275692e+00
1.362312144309307804e+01,6.881583921022075501e+00
9.948448270172274732e+00,-1.293642868792779677e+00
1.330222472588947902e+01,5.208757466220487409e+00
1.341359689363637386e+01,6.127926654799574102e+00
1.242603900763470648e+01,6.636629717123970984e+00
1.336279496364632458e+01,5.455263063953773361e+00
-5.659938084273721692e+00,1.437267088016735306e+00
-8.315942986320965957e+00,7.465971560366901905e+00
1.399727158560921403e+01,4.604320336640407518e+00
-1.883129118050193229e+00,-1.678429015754825601e-02
7.751471060140493030e+00,-5.104561905444140457e+00
1.143754274987612440e+01,-1.753803315799175699e+00
2.079017414157820820e+00,-1.295123867462835499e+01
-1.015549209812805209e+01,5.216344585000065592e+00
1.356687374911214761e+01,4.013490194813782885e+00
-4.144738589623234937e+00,7.758738591601776591e+00
-3.197271316924262141e+00,1.152424872943967227e+00
-2.602207016552350982e+00,-3.469529501455020370e-01
-5.922553414586755771e+00,-1.112257136155626380e+00
-8.291851395785023726e+00,4.733030581636095135e+00
-1.877005281726854324e+00,2.257468915948204480e-01
-1.347745122006558383e+01,6.842616664733635723e+00
-3.114066648292343142e+00,4.889032734390655333e-01
-9.860961005430196380e+00,5.751275874187649073e+00
3.404871163708893089e+00,-4.668194573211449594e+00
-8.120520865105854469e+00,-2.522564359470302442e+00
-6.321495630386043452e+00,6.174645060091155990e+00
-3.403896198399180228e+00,1.759054036619540407e+00
-1.523994779761376206e+00,3.349891218963996220e-01
8.220293807445129275e+00,7.998174939713645903e-01
8.038937210829358193e+00,2.524879395314481023e+00
-1.011759249472140176e+01,8.685517849798863210e+00
-8.499593104950195155e+00,9.134205551337077011e+00
-1.134015156728005458e+01,4.740597321875071657e+00
1.216473199895433677e+00,-1.179762854370548197e+01
8.147257787949687469e+00,2.378109587488307142e+00
-1.889292692474166202e+00,-1.713336340431755644e+00
-2.640979372114428347e+00,6.343454417349362551e+00
-1.287091043530599888e-01,2.206173356976630195e+00
-6.647484645162468730e+00,1.334536468100802331e+01
-9.076903556754908564e+00,1.195101717709148126e+01
-9.521395746795732862e+00,1.210665948725676166e+01
-9.934656334479962325e+00,6.888766756876948172e+00
8.213514612577755614e+00,-2.447361865890517851e+00
1.115620436727265563e+01,-2.030987044054286095e+00
3.451091302473567435e+00,-4.088009068312828731e+00
1.297187662099254268e+01,2.506453730439748284e-01
-4.132591298406976144e+00,-9.095998610858602618e+00
-8.300105901465856917e+00,5.284482415146693590e+00
-8.068265335022877238e+00,-2.408435238086359842e+00
7.954860677508547973e+00,-6.059330837195548991e-01
-1.271137295208440499e+01,6.421211560412574570e+00
-5.825881698071023074e+00,-2.788007582653089678e+00
-5.723175045195452171e+00,-3.599752412352510422e+00
1.550549854774360981e+01,1.613342261119020404e-01
-1.199241429704998474e+00,-1.683550723461483045e+00
-2.663813062393210362e+00,9.254189393519117734e-01
-1.019466075958340134e+01,7.164344301226459599e+00
-4.997591468770777645e+00,8.191644687322896523e-01
1.240334609196465898e+01,2.891081984340500011e-01
8.986271813441176093e+00,2.986630110894350931e+00
1.137916095590836463e+01,-7.349919134245381791e+00
-4.936822867037788526e-02,1.509230605683906656e+00
-4.475371491332394980e-01,-2.820167458856123410e+00
-1.421639310244190035e+01,-1.415920240476224334e+00
-6.869233117656347254e+00,-4.714677315957199077e+00
1.381865634936851883e-01,-1.181786050920219516e-01
-8.985274491585904855e+00,2.313626078085206927e+00
-9.882513264482009063e+00,3.206340124063344899e+00
-4.947804084610818443e+00,-4.828760584474610873e+00
-6.585663457209784966e+00,4.727455408086509436e+00
-9.721077065589373234e+00,7.790213635010127646e+00
-2.147373785510585442e+00,-3.233413193026937638e+00
1.291675784170307040e+01,4.368688466605547660e+00
1.311324486053706906e+01,4.577453258802384184e+00
-1.171178677466343565e+01,-5.647426193832948194e+00
-1.177719188622500290e+01,-5.614909790984235372e+00
-1.105849082174702147e+01,8.254246627900274191e+00
-1.171084034554733933e+01,-5.633315215830463352e+00
-4.717860387927994559e+00,7.832866253992635919e+00
7.948726357857752944e+00,8.284739324025926166e+00
1.395009113246448251e+01,-5.199389067434566414e+00
9.187784456104880704e+00,2.222788817363531066e+00
1.389948959841679432e+01,5.560295244075993182e+00
1.319228634609490669e+01,5.522559969025663484e+00
8.552541617397698914e+00,-4.428107133800572193e+00
1.288034557707539030e+01,5.189529604503716698e+00
1.240131158651636945e+01,6.725060562128996722e+00
1.306341889789708155e+01,5.657487344536475504e+00
9.898480600839004495e+00,-1.601310562312389996e+00
1.253916843311037077e+01,6.692436298558577690e+00
1.325335689713018006e+01,5.958216097493638230e+00
1.945870027126230140e+00,-1.296194765373182989e+01
8.282294231445533228e+00,2.345240766831555135e+00
-1.109891946056085565e+01,-5.978637054518659788e+00
8.288750250570100064e+00,-7.663647029355804108e+00
1.328771206697607532e+01,-2.823330190641410442e-01
-3.910533096822770283e+00,2.893509558789173486e-01
-5.755177492082578006e+00,2.366997668830858603e-01
-4.033731864828435931e+00,2.193626089129428802e+00
-1.049975545618720218e+01,7.038637326430926322e+00
-2.301703437183257872e+00,7.180931988972660385e+00
-3.362703497425425958e+00,-5.557865827532649128e+00
-7.800356969497120652e+00,1.088110843157809171e+01
-7.558935357884537076e+00,-5.718239088230312461e-01
-4.493338316725239423e+00,-4.153381463345649394e+00
-6.455471007761038216e+00,-1.528914086839394670e+00
-8.649212675756711377e+00,6.731580611682066007e+00
-1.119836562505410349e+01,-5.810441910576598978e+00
-5.056757838062486243e+00,6.524959737894377554e+00
-3.208799716184846496e+00,7.035621247469355133e+00
-7.393544015911403200e+00,6.674844635389010072e+00
-1.159709711506037344e+01,7.084264196012884263e+00
-3.777739761673071794e-01,-4.361686834505362320e+00
-9.855923439968023558e+00,2.570334906390279617e+00
-2.766668515052899568e+00,-2.509293804182969545e+00
-1.204799713213123624e+01,4.950306189838828530e+00
-4.222222765313599524e+00,-2.151057923485258261e+00
-1.372386340292697016e+00,-3.009423085477922033e+00
4.662976173979801686e+00,-3.991315420619402365e-01
1.012714293411574396e+01,-2.085766638309801912e+00
-1.017998287806716640e+01,3.773908250748539306e+00
-6.046709152440641333e+00,-2.413711564161676204e+00
8.234269073966107300e+00,2.391360962322119033e+00
-7.447950701425082976e+00,1.244221865347687661e+01
-6.197482840802107873e+00,4.681510342758998355e+00
-7.887303557064728743e+00,5.869870338408913035e+00
-3.568643653303805063e+00,3.771931924222307497e+00
-9.435728118751134375e+00,3.063813758906358320e+00
-8.597245615979433708e+00,1.129101401699693952e+01
-4.681158846486355607e+00,8.385982137764157685e+00
4.725859636000715902e+00,3.318816738435171221e+00
1.285034841791824967e+01,4.589742227024778742e+00
-7.021058937300860947e+00,8.138369593570295990e+00
1.134365516977803701e+01,-4.408124740194284463e+00
1.044777587685028308e+01,-9.250722371724842574e+00
-6.311276258175798404e+00,-1.904831300855479859e-01
-1.648134591662681725e+00,-1.821834316800429177e+00
-9.772718702397891199e-01,9.066827444142407932e-01
-1.204842325479796195e+01,2.535119917953605473e+00
-2.729304861202136667e+00,6.253245772125828772e+00
-2.622009888070108818e+00,6.373352035493869749e+00
-8.925616725810611385e+00,4.995564264914944985e+00
-5.952265980355813113e+00,-4.592831735201341914e+00
-1.270928981268970137e+00,1.317017179193321619e+00
-1.090038096826463487e+01,4.348671272600346249e+00
-3.804968750443892933e+00,-5.383744508553936825e+00
-8.259631889690712825e+00,5.650726161732668729e+00
-4.881209290168973425e+00,-4.237152425122979515e+00
-5.088892940964048428e+00,-5.817551353992032048e+00
-8.650075001256867679e+00,5.128747001984453213e+00
9.800323042658757089e+00,-1.951487249946995295e+00
1.046665022109837651e+01,-9.240481775193121194e+00
4.913300689226661744e-01,-3.119056759929378586e+00
-1.410676999730830161e+00,1.410431152219655315e+00
-3.135063001574315944e+00,-2.159099735573737355e+00
-6.326797772076475646e+00,-2.966945687849689151e+00
-8.941035805717454821e+00,5.358620912295504191e+00
-9.098743544673395078e+00,7.863040442821096931e+00
-1.230732778709200481e+01,7.973694215532042939e+00
-4.472645671086195485e+00,-2.365934106470553910e+00
-1.915527992370437971e-01,-1.953627595395444949e+00
-1.067783497290895767e+01,6.858839306019659077e+00
-7.319564298944425396e+00,-3.573847625132018813e+00
-7.108276803277974842e+00,1.330992540080754516e+01
1.281526971133159343e+01,-6.523020154435896778e-01
-6.638409789735049138e+00,3.759205037689372197e+00
-6.725784512407882332e+00,1.199309672112155489e+01
-5.851272911277893840e+00,-2.074050612375431424e+00
-8.380243302610566047e+00,1.259921425031247111e+01
-4.514385582057359514e+00,-4.531548942497980015e+00
-9.465209234205209654e+00,1.320738196129223496e+01
8.977790651225779683e+00,-1.363870711579648676e+00
-4.484887048662679732e+00,-5.802654832077037916e+00
-6.234183126658724206e+00,-3.272945909882192250e+00
-8.641317345283903606e+00,7.846530376072255564e+00
-2.950872978709207839e+00,-3.840670095929096917e+00
-1.560402204797559866e+00,-5.404870706131142732e+00
-2.745772837107250397e-01,2.296832509785119658e+00
-6.448939740915243135e+00,5.441066407233142499e+00
-9.140364519675856059e+00,2.693886727193123942e+00
-1.537602194294959146e+00,8.329647194030332935e-01
-7.893219608154506517e+00,3.643967444513955378e+00
1.398963108365196817e+01,-1.778527999933946502e+00
7.786621807255931671e+00,-9.044876161002688875e+00
1.922920896523096390e+00,-1.278106481518091542e+01
6.136909608149206719e+00,-9.314480686792920849e+00
8.547427004179988685e+00,-1.773403599630384742e+00
1.297478881363959680e+01,1.536481179310068002e-01
-8.336163791239053822e+00,8.393335168406643731e+00
-7.768180614375943094e+00,5.724011669386599443e+00
-8.951430004900595705e+00,7.324013678758211299e+00
-3.218748572458514534e+00,6.262248848252117917e+00
-4.569381044484189580e+00,-5.333042210296646601e+00
-1.433633674374477884e+01,-1.602787441940823010e+00
-3.680458344767602252e+00,3.697215780079336489e-01
-9.993135175384546542e+00,8.231393658135999658e+00
-4.454579210812147139e+00,1.838135994572802634e+00
1.401221228641154504e+01,-1.447092762668934940e+00
7.015580158451086845e+00,-9.781793445969210410e+00
8.382277962380346281e+00,-9.708127127941557077e+00
4.416581120984460540e+00,-4.699894544436379329e-01
8.594933877277165735e+00,-1.599537479796788286e+00
8.365512163842819149e+00,5.995803049213781044e+00
8.318142417147699419e+00,6.156743727646028397e+00
8.330154915406049909e+00,6.038317171753960544e+00
8.306647885643313245e+00,6.026665778786289174e+00
1.430567767052446593e+00,-1.308025924237189486e+01
1.137936063053717994e+01,-7.552985711431888127e+00
-7.003916140843974292e-01,-3.344168217472336835e+00
1.223895329150171385e+01,2.357458021636543721e-01
-1.015691872740725721e+01,6.277162357829944916e+00
-2.612025038049436088e+00,-2.119814973931084978e+00
-2.629114595237839413e+00,-4.276771504117773404e+00
-1.158705879067087219e+00,1.123895493009219759e+00
-1.846201116177894175e+00,-3.551560255015204781e+00
-1.113825545952965790e+01,8.393345930222107398e+00
-9.757933012026372310e+00,4.009670234835203573e+00
-1.407262745727394915e+01,6.158157913057165977e+00
7.962492431091622969e+00,-3.690826236977006403e+00
1.254952888817229884e+01,6.679316554648333515e+00
-6.588500514585604151e+00,-2.455554669220576525e+00
-8.725016860102796645e-01,7.920767725197495057e-01
-1.086104633553030396e+01,7.826498419198755663e+00
-1.418175091532069665e+01,-1.384556283999835546e+00
-1.109712263813934108e+01,6.542522279878810743e+00
-6.627858480417496700e+00,6.757100357814222136e+00
-8.105773821851171235e+00,-1.269594679530734460e+00
-6.623476199492010608e+00,1.048638613703984923e+01
-1.176483253217816660e+00,1.022606020034813268e+00
-4.542403295764590787e+00,-3.401461032481050140e+00
1.058362817582450077e+01,-9.438913202986507045e+00
8.999660056099010319e+00,-1.500941841048436753e+00
8.882528859385589115e+00,-6.655301911146797034e-01
8.729189714525311672e+00,-1.394370560248629154e+00
8.311324033259111843e+00,-1.622780825354365186e+00
-4.509663908964602896e+00,-3.506683738196838984e+00
7.966946382933365989e+00,8.186197470381804564e+00
-3.755474163672932963e+00,1.315195463293585609e+00
-5.103337324663287156e+00,-3.323126926071745313e+00
-9.988535011951377385e+00,8.872400776108770870e+00
-9.946304459600215253e+00,8.512063097025436065e+00
1.366255362636758974e+01,2.025963283483707689e-01
-5.506155465255018200e+00,-3.589232477936408650e+00
-6.050649364729192570e+00,-4.930959871123940630e+00
-3.695195587582428054e+00,7.309997395339703274e+00
-1.006077118270701476e+01,3.365287529226649976e+00
-1.070724898035025063e+01,4.684355046567404202e+00
-6.579283953066998869e+00,-3.735085673631521885e-01
-6.643181766208888561e+00,1.276945048015030615e+01
-7.664913599776670416e+00,-3.147649012521376743e+00
-1.056637213251890017e+01,6.411460479917931998e+00
-5.121946212238765561e+00,-2.218015154446166370e+00
1.297194729922982326e+01,5.083109493060888440e+00
-4.685940830089260878e+00,-2.848075119387446369e-02
-1.126240841112251978e+00,1.518230699222387292e+00
-6.864084929149244729e+00,-3.182801273813647303e+00
-2.561901479417103999e+00,1.298320806202389210e+00
-8.259146708957882055e+00,-8.549994285045134923e-01
-7.952718459731419998e+00,5.353641474078443707e+00
-6.336550224118617791e+00,1.223448569562429533e+01
-8.984997390347247759e+00,7.773897585860168213e+00
-2.709864286921084275e+00,-7.128719564008441090e-01
-9.513058365505143499e+00,5.021130433713208774e+00
-6.935075416840831508e+00,5.962597986987574927e+00
-2.514805884791128765e+00,4.975911935305541434e-01
1.134758031940075718e+01,-7.437490866380616517e+00
-7.320120134794386502e+00,-2.729245966349420183e+00
1.284500077389935768e+01,4.493160363326644813e+00
1.275119654532994495e+01,4.873708450140742166e+00
-1.052799879563321639e+01,7.198128237744970015e+00
-1.009915119292983832e+00,-5.207140044407865709e+00
-3.345274144765054469e+00,6.740232090755744032e+00
-1.051691636859600543e+01,4.702497637631963379e+00
-7.030490067539162169e+00,6.722655324953848321e+00
-2.772371058024079016e+00,-8.906408999496222556e-01
-3.068626386698839692e+00,-3.140849123140530441e+00
-3.078633252835710543e+00,-1.569682159880813277e+00
-5.812808534865477661e+00,7.587273402622042084e+00
-7.711777041606062255e+00,4.832239721160885182e+00
-1.203421563895737734e+01,7.380218574668295339e+00
-7.872561715775360014e+00,1.363413852804838555e+01
-8.238722889724551024e+00,8.775550398697356869e+00
-2.570770118960958417e+00,6.491161229424996293e+00
-9.850407180772815963e+00,4.548553412467423840e+00
-3.488739174113344887e+00,-1.998666661443356363e+00
-8.723291706136533818e+00,3.245689684763448657e+00
-1.180994007682224733e+00,-5.213941304462355042e+00
-2.090058058253184026e+00,-1.981747591974054173e-02
-7.013750336077957392e+00,-2.696200344939246651e+00
1.386802197469710762e+01,-5.241918973834795992e+00
7.677444691518382491e+00,-9.463622242517178762e+00
-1.420898674255165695e+01,-1.409725391416068785e+00
-4.128459479143118394e+00,-9.109715655615513441e+00
9.025259093834420154e-01,2.524749927209183342e-01
7.936832043299649087e+00,8.309967226843962607e+00
-5.366371940118733086e+00,5.222129290935487944e+00
1.349278914417251229e+01,-3.229561464718777031e-01
1.385837830104246748e+01,-3.968318737665601503e-01
-2.785471688619382213e+00,3.413497827599293100e+00
-2.305405437515997136e+00,4.000861794502989177e+00
-2.524345681469928770e+00,4.327179527966093175e+00
8.655061192537560899e+00,-1.849797365666081772e+00
7.645178937913236439e+00,-5.483482604611418232e+00
4.453411296258193985e+00,2.613980893042866516e+00
1.400166699856925057e+01,4.497346856291781769e+00
1.348938698860154517e+01,4.046605565340089861e+00
1.358929145100892022e+01,3.993502836709097892e+00
-5.688158538710442080e+00,5.146614883568640941e-01
9.269018944187447318e+00,-1.692314910993400812e+00
8.407529658091755564e+00,2.147844567229787671e+00
-3.052669772294518857e+00,5.087926453499785201e-02
-7.438394797470833097e+00,6.398576386622428558e+00
3.218964953826648934e+00,9.568042494245567742e-01
8.096048661709447813e+00,-3.364036790391673026e+00
7.869862041965922650e+00,-4.851458864976868846e+00
-1.423631912678680500e+01,-1.442065446743155732e+00
6.144846588080253191e+00,-9.323293085490508503e+00
-7.125732708273455174e+00,1.294746924903800078e+01
1.390492790665236456e+01,-5.242900488372105983e+00
4.734832783711245163e+00,3.333862054930759822e+00
-8.522223599935092153e+00,1.056110503913696519e+01
-8.792071663847531582e+00,1.335481066298807207e+01
-6.536158122612029331e+00,1.015105409021461469e+01
-8.625035329689488606e+00,1.312636789335790155e+01
-8.420200464861595790e+00,1.342009970685362852e+01
-4.652015605767192419e+00,1.175156055028730995e+00
-1.120970418557264026e+01,3.724305554145971975e+00
-8.436497083660638552e+00,1.322184353165550164e+01
-4.189479189018556760e+00,2.606440934800458908e+00
-4.105186151032727437e+00,1.404677569338621534e-01
-5.725769431734358150e+00,-1.227721468796961313e+00
1.580740694892601361e+01,-9.288778309814303968e-01
1.430943052116919745e+01,1.102507694120115289e+00
6.219042402062658681e+00,4.562448275883703275e+00
1.108241382025225441e+01,5.035334648476480490e-01
1.124750086884305844e+01,6.654612499701173522e-01
1.129015836624557956e+01,-7.308543466126677934e+00
1.136071721646453447e+01,-7.400606708660832922e+00
4.448973862862834139e+00,2.605300216773747568e+00
1.295359077480676291e+01,2.063027628268956082e-01
-4.495722230901626482e+00,-2.398794195196479961e+00
-3.969829333841228269e+00,-3.485267440385273474e+00
-8.487967900900020624e+00,1.266104632849776657e+01
-1.198924368869460899e+01,4.756305002726417541e+00
-5.531888346318481808e+00,-7.385699812078886373e-01
-9.268333201475464023e+00,9.078474514755175306e+00
-5.557908585438950944e+00,-1.824184718935903671e-01
-1.047429836095295164e+00,3.525581705797208087e+00
-9.654788437773907939e-01,3.023097883543312214e+00
-7.856258680748137380e+00,3.916587925450830010e+00
-6.966283909327230184e+00,6.666345610333573646e+00
-4.399094718497274847e+00,-5.163231597325458111e+00
-8.961748222032241529e+00,7.126668870152493618e+00
-2.711182487551975662e+00,8.398038428424446644e-02
-4.656742807148173569e+00,-2.679761801434047186e+00
-8.945285250972885294e+00,3.372608476416402379e+00
-9.148434881299708721e+00,-7.090212954153078950e-01
-9.199163949074446123e+00,5.397209744692730737e+00
-6.868313023639568193e+00,-1.062797459082852614e+00
-3.329995479640209144e+00,-1.982583536502650956e+00
-9.526117545202092529e+00,6.421786130771796941e+00
-9.829612615087077288e+00,5.952972962921002420e+00
8.254183459712269411e+00,-8.947937596054124754e+00
-4.296263052411977590e+00,-5.724412527763002245e+00
8.709115735487232612e+00,-7.787423544102833439e+00
-9.187711292789632722e+00,5.770272073669041824e+00
-3.071821819319158209e+00,7.158815740222732593e-01
-3.866503869171710850e+00,-4.222183642599549813e+00
-1.297615048472035681e+01,5.802149851894339072e+00
-1.373230557758806114e+01,5.996465603822424661e+00
-4.620266527246511323e+00,1.606930084437287354e+00
-2.874081934524229887e+00,-3.988824987798897936e+00
-3.587674840925522357e+00,6.710412476565087658e+00
-6.370973663147310617e+00,-5.173501087103527851e+00
-9.894736445498725885e+00,7.375254397968053155e+00
6.924916251697443847e-01,4.040213247259397678e-01
1.314746840887229418e+01,3.883879927447431712e-01
-1.417049932205278751e+01,-1.365715403343130907e+00
4.577711635783175304e+00,1.121609841924113837e+00
5.388451989697207622e+00,4.639223970228345983e+00
8.266577069669416744e+00,-9.126144799111729711e+00
1.282649214959735140e+01,5.737040979955279063e+00
-1.418232826444236139e+01,-1.384038745992588249e+00
1.140033715960692717e+01,-7.454317646923004581e+00
-1.230451692699645427e+01,5.764707540195926683e+00
3.443626582001800607e+00,1.003196297928338154e+01
3.492241686572903347e+00,9.950663945280426859e+00
-1.381535108342238338e+01,-9.550212139915487120e-01
-1.425018143545298699e+01,-1.461205653650140546e+00
6.342532577670874971e+00,4.552519825218441341e+00
6.978333941687895781e+00,-9.694229956482326216e+00
5.159644728658442148e+00,-2.770707862599988580e+00
-5.027018629956645945e+00,1.074481501621563240e+01
-5.271962306865542125e+00,-6.453506045253947221e+00
7.204652877205233175e+00,-1.338073882542209159e+00
1.279001680313864853e+01,-6.960551119344601245e-01
6.284146206014583846e+00,-9.248519261324672058e+00
7.097875209493485826e+00,-9.791701988857917982e+00
-8.234044337611328146e+00,-1.271666234012340446e+01
-7.084876452613987574e+00,-1.204277247319651245e+01
-8.173833619181239740e+00,-1.258328081917543528e+01
-7.188311973190474546e+00,-1.204977645578911272e+01
7.210275668452258424e-01,-1.324329561740457173e+01
1.296234325875663629e+01,4.612071994480232640e+00
1.289237233977354435e+01,4.615944237020720209e+00
1.302984558703150242e+01,4.804517377760740615e+00
1.314378995048175547e+01,5.280419502834281076e+00
1.286750162031517952e+01,5.207689022008289648e+00
1.299527128426946554e+01,4.803782838885298112e+00
1.287369404315439780e+01,4.972117833582953672e+00
1.301282112476965480e+01,4.823092372382817850e+00
1.287261739348741152e+01,-3.669086477771006938e-01
6.772959320705080888e-01,-1.317425839728176307e+01
2.764636114911858567e+00,-5.274802989149052657e+00
1.008232463437021487e+01,4.524798281371351927e-02
-1.416277847451631189e+01,-1.362697067044579269e+00
1.225083293624900982e+01,3.778379460724334393e+00
2.466551703905715431e+00,3.187226241125920900e+00
6.207184049440607865e+00,7.701622165201134074e-01
5.644474957508475832e+00,4.313892401219799666e+00
1.257497368899663392e+01,8.275536613263511088e-01
-3.613067417632233713e+00,-3.697095338315388169e+00
-8.428294055926208728e+00,1.260825726181184692e+01
-7.765327989941718023e+00,1.206641445325224637e+01
-6.274964304799372172e+00,-3.445798194179428009e+00
-1.223754594291385800e+01,5.821144912310552755e+00
-6.660803073194874635e+00,-5.165976888179645954e+00
-1.025806448985782104e+01,3.600240415016776385e+00
-9.078504330852071647e+00,1.150011052593075966e+01
-2.897972919679763781e-01,8.733838352249028603e+00
1.393125136995897329e+01,-5.242265056099628673e+00
8.303961310729974343e+00,-8.997072785662110661e+00
3.244619664082212473e+00,5.289979671482301526e+00
5.703357901974480448e+00,4.394331078368173493e+00
6.468528526618463559e+00,-1.117932267995899398e+00
8.028014910525435255e+00,2.618405266059782743e+00
-8.921376912210750021e+00,4.014485775852164373e+00
-1.328320531886855704e+01,4.294536711300780851e+00
-7.241726710544771350e+00,1.226953175289468589e+01
-4.058310899142580475e+00,6.874873610298707582e+00
8.571500673294325523e+00,1.825470774065976576e+00
-3.882221398475701690e+00,-2.525174996404820238e+00
-8.561742205149782237e+00,1.219378735120754875e+01
-8.521289306804451513e+00,1.236393025781622512e+01
-7.883753712970493766e+00,1.227148260134714519e+01
-2.318061605580628903e+00,-1.529071618837528845e+00
7.490508797115812412e-01,-2.207188016009209885e+00
-1.101410541844456858e+01,8.164130783138588754e+00
-1.250860091530268114e+01,5.520630088994087359e+00
-3.275406335470756325e+00,2.955102435816919226e-01
5.291534971818083743e-01,-3.237442861034091290e+00
-2.311005506566158996e+00,-7.090561383445466159e-01
-1.176893711764138395e+01,7.347927034543173086e+00
-2.372582669724190296e+00,3.413976288724863140e-01
-3.791567021739691512e+00,-1.140400447697955011e+00
-2.825412259288596850e+00,-1.604341393569145513e+00
1.132891317975883361e+01,-7.457503784284366333e+00
-7.336395699968137230e+00,1.229308362924992615e+01
-1.004332028691461787e+01,1.083820546365188342e+01
-5.350317906501629306e-01,-2.681450805020956452e+00
2.391304766938444626e-01,8.030899942053074669e-01
-8.144485940339251329e+00,5.810950391854090569e+00
-3.271203766083051523e+00,-1.968250259077402031e+00
-4.268347866294564419e+00,2.286200250941076817e+00
-2.414340941124774265e+00,7.148846772543469896e+00
-4.410016929012459563e+00,-3.478751394721988355e+00
-4.871476676434008724e+00,8.218395377117394318e+00
-4.136265347099644885e+00,-9.114020445055096786e+00
-6.141108634963772239e+00,-2.445804820780520306e+00
7.941913843393856531e+00,8.268199233615405319e+00
-7.330495715131792878e+00,1.342856788539139856e+01
-7.104349610734994158e+00,1.288506131698206048e+01
-8.333741562986006102e+00,1.368756743577176671e+01
-6.153010187836875922e+00,-2.442305207423735247e+00
-7.608737124723245593e+00,1.308280205845500710e+01
-2.901296151066700357e+00,-3.908795509994154926e+00
-1.040634529628251315e+00,7.039265216576828799e-01
-2.777359680567536238e+00,-2.034443876816689034e+00
-5.369491433565284133e+00,-5.429939041938030009e+00
-7.171736732755344512e+00,1.336263800128943302e+01
-2.654157157529949962e-01,-4.606600703932265617e+00
-4.825919191689309606e+00,6.882852736313476161e-01
-6.088851442051488760e+00,5.166972640929203386e+00
-1.866398609174952927e-01,-4.443729601347028435e+00
-2.866498311168847124e+00,-1.455051026142545778e+00
-1.193820345916575576e+01,6.752806088331140266e+00
6.651066060131354263e+00,-1.169216100869944430e+00
8.263851073701641070e+00,-9.189221696233358827e+00
1.376524647074600161e+01,-1.150066897890771545e+00
-1.417617093895811031e+01,-1.371868711125015849e+00
2.630783114397949873e-01,-3.706745774028171958e+00
-2.360974616066260356e+00,1.308412375709206765e+00
1.980274872356417859e-01,-8.546524003851633466e+00
-1.158407924978752002e+00,5.598460787848524411e+00
-1.417729920216572559e+01,-1.370095185429812901e+00
1.394811603661753985e+01,-5.209430381919314179e+00
2.469021306693840234e+00,3.309245119695509718e+00
8.879527475937532444e+00,-4.235441221698549086e+00
6.320805531335536465e+00,-8.266901402052322823e+00
1.392845119166239520e+01,-5.194919737847565777e+00
2.373032490134824313e-01,2.477468881328044770e+00
-1.280822402771817714e+01,-6.261113991277758473e+00
-1.187285233747030233e+01,-5.289446612421755844e+00
-1.181224454488913800e+01,-5.416364435853598280e+00
-1.316572922515485544e+01,-5.675377845549055777e+00
-1.166272074907803713e+01,-5.493862707693500269e+00
-1.185664954975223750e+01,-5.558530782324760722e+00
-1.174773982013249274e+01,-5.622099405341852929e+00
1.164839055949142832e+01,-7.015419673387659483e-01
1.052008360857260527e+01,-9.272347867726788095e+00
8.039337734459101270e+00,-9.665238717483822128e+00
7.765423349179910950e+00,-4.842389070624829372e+00
2.474056778251818134e+00,3.309388199968915867e+00
1.119874839887452733e+00,-1.216834105614467099e+01
1.632628180466578316e+00,-1.255017777863941575e+01
1.286175919882559882e+01,4.502380032004476007e+00
1.291993495904212175e+01,4.605513570522355771e+00
8.500238241166911735e+00,5.878060888200800527e+00
-6.703140189370706103e+00,7.681814894219295198e+00
7.022050502322880750e-01,-1.315632635191928479e+01
6.810540269852062290e-01,-1.312593317916738123e+01
7.661461540767673384e-01,-1.314000604122271909e+01
8.016760957139715815e-01,-1.313315053956003275e+01
1.525199179316304665e+00,-1.241057385312761774e+01
1.486196031922739857e+00,-1.249102068160899925e+01
1.058277563044447422e+00,-1.220509408490400283e+01
1.623014136930996498e+00,-1.254766580345439486e+01
-1.160864869458834825e+01,-5.764698355957904141e+00
1.130694917945217703e+01,1.339295911138641326e+00
1.478808121599784720e+01,-1.266417417681642288e+00
7.945333036669893545e+00,-8.310607540172082475e-01
-4.230043337563006434e-01,-8.856746332541469258e+00
-3.356186984157857323e-01,-8.791985596053336849e+00
-3.121772351428409586e-01,-8.791483307785675549e+00
-6.030458753140767181e-01,-8.920139987497751832e+00
-4.758603708676564792e-01,-8.873613806932969084e+00
-5.092386580818680786e-01,-8.871419607593971079e+00
-3.693783532232496336e-01,-8.792339405770057681e+00
-7.220333168099281052e-01,-8.910266198279735761e+00
-5.323802044491755536e-01,-8.896362442350412181e+00
8.255482461386810300e+00,-8.433789995652629656e-01
1.300205745091544429e+01,-2.977300652888767440e-01
9.690313319339507458e+00,-1.151732286192200805e+00
1.533017318216739433e+01,-3.955515231916206242e-01
-1.422948696015966696e+01,-1.435670721936428640e+00
8.352922769076032594e+00,2.156131319020734960e+00
6.267963803793969113e+00,-9.250589925454105966e+00
1.853004385150701872e+00,-1.254155920894419296e+01
-4.212551147488955650e+00,-7.724846016266327664e-02
-1.912674873474504267e+00,-3.883639037398685989e+00
-6.716598915830894079e+00,-1.784764721906203055e+00
4.626043574073460896e+00,1.110319768918197614e+00
-7.192129175904582894e+00,7.414047830060662037e+00
-3.553724253826126667e+00,7.184340150616722376e+00
-8.622075397890428761e+00,6.303859913497465328e+00
-8.258230028194601946e-01,2.535461058646895083e-01
-6.017012643878395517e-01,-2.140610217988955455e+00
-1.155578930059968146e+00,1.033961459885245793e+00
-7.408484231880312798e+00,1.249365681879057810e+01
-7.802652827029501914e+00,6.308079065264061036e+00
-1.352073100740104472e+01,5.891104663031652144e+00
-1.278720673986698664e+01,5.820524516664697501e+00
-7.829750419828094721e+00,-3.001880197814881690e+00
-6.082515176822815839e+00,-3.043097176281627458e+00
-1.205360983119487805e+01,4.992463731910385505e+00
-8.766786235762626944e+00,1.362383803092321344e+01
-9.166280669386393853e+00,1.337813222472303032e+01
-8.212704326208715599e+00,1.300650591993821159e+01
-6.815664463388970695e+00,-2.481395010129781031e+00
-3.657275349362155037e+00,-3.349005250828265279e+00
8.356069229386118735e+00,2.173025957249338447e+00
8.760560954904395459e+00,-2.630363234100481673e+00
5.946460180944751706e+00,-9.370794201056622530e-01
1.115962850950079144e+01,-7.236094162580110734e+00
-6.647558693042372013e+00,1.237130075518490457e+01
-1.139838576339576015e+01,3.576177207153883320e+00
-2.513577181078692213e+00,-4.878893770864040746e+00
-4.310198660619244393e+00,8.528584690103893085e-01
-7.490667664510406887e+00,5.993987837334567637e+00
-5.950433629574102490e+00,6.661028866200873644e+00
8.309532272812378273e-02,-8.203776102977951012e-01
-3.531667781793824012e+00,-1.690729769725987319e+00
-2.756399754201441343e+00,-2.025234362385255338e+00
-2.017338549052215324e+00,-4.790373437789472444e-01
8.673187003230559355e+00,-1.944401744333801751e+00
-5.572966610228195172e+00,-1.770957010817165056e+00
1.122829819086060965e+01,-7.292315103810685706e+00
1.087950489496778594e+01,-7.291116020036392253e-01
3.787001417720150975e+00,9.419516079948362375e+00
-6.481599681851656136e+00,-3.335835410979778093e+00
-2.756912163453922204e+00,6.336523214535450421e+00
-6.771885879773238415e+00,-1.263218074752552100e+00
-8.631576066120230095e+00,3.296569396693833642e+00
-5.367108611184148614e+00,-2.075302151009092100e+00
-9.667172138025510009e+00,5.702825439528152351e+00
-8.157440304333141157e+00,2.645601270403763472e+00
2.757526142355636034e-02,-1.265073518258745144e+00
-7.461295432763334290e+00,-3.092505615641365058e+00
-8.077113907766536371e+00,5.931955198761310832e+00
8.929655424873038427e+00,-1.865580147242219544e+00
-6.828188488011618595e+00,-1.090408795361497951e+01
-1.419919062072583138e+01,-1.403955768381750735e+00
8.932335094466253622e+00,-1.788926812383169196e+00
-2.440384198076721578e+00,-1.616632271486122541e+00
-4.615957912236707372e+00,-3.611613716227706217e+00
1.141859252233133937e+01,-4.455522647708971995e+00
8.752800937436090223e+00,-6.913167850407861081e+00
1.302930977284829694e+01,-6.172586687200987826e-02
-5.278620373197489418e-02,-8.559766196201140431e+00
-8.537063375567427448e-01,-9.013205746780178274e+00
3.022318040378526027e-01,-8.500334272638587763e+00
1.142463802453847954e+01,-4.881563725132743725e-01
7.650191488788442129e+00,-2.440345170926628615e+00
8.307562872789535646e+00,6.038115373147763698e+00
1.284172436904484371e+01,4.621284824512807532e+00
-6.356972871337539743e+00,-4.237033444421173911e+00
1.296915833005431729e-01,4.976131253393651477e+00
-3.692254039548270583e-01,5.195845492941927546e+00
1.937173711750307947e-01,5.156032842773015545e+00
-3.361816772746348270e-01,5.349249938135131721e+00
-4.913670489157471316e-02,4.902441327873837906e+00
8.981581760557739991e-02,3.691056359130351350e+00
3.069744891823182886e-01,4.965785044272895910e+00
1.002949120430746827e-01,4.993898242216413763e+00
6.975203482932375465e+00,-9.989825304279111862e+00
8.031015340828870919e+00,-3.269797200265040615e+00
8.009074143770558152e+00,-4.829896872587905676e+00
7.948520682913634339e+00,8.259609436952313644e+00
7.648658307930855216e+00,-5.676102710323461586e+00
7.844868780521023766e+00,-5.172733561054555729e+00
6.621400070521032077e+00,-1.182711252065201446e+00
6.460490696612819050e+00,7.017593637630004100e-01
-3.208603640100997634e-01,8.741008141339509763e+00
-2.822028656510001121e-01,8.725826315962246227e+00
-3.019061486610357670e-01,8.732568868751595659e+00
7.188193306324660803e+00,-1.311999818323712708e+00
1.388475853037370200e+01,-5.227926687466748490e+00
6.150431549872198644e+00,-9.323342659109487229e+00
1.078593675603274527e+01,-8.239523869762930275e+00
1.389297563354592313e+01,-5.146253005116768087e+00
6.533742513209528369e+00,-8.828538636332238454e+00
9.020913262012003386e+00,-1.652928019084006550e+00
8.896103177602077139e+00,-1.269335844110326406e+00
-6.840150458712697557e+00,7.756958557429878276e+00
-1.217290068380324009e+01,7.563909791732684518e+00
-8.850226015758222431e+00,1.062944885010281837e+01
-1.007772519757266316e+01,1.240214787411976616e+01
-7.163761552444986025e-01,1.441569572291793999e-02
-2.936483077055826563e+00,6.342363372870764238e+00
-1.449305375183023381e+00,-5.070929645417133536e+00
-4.801042128660759634e-01,-4.658958412506379432e+00
-1.931376577881372070e+00,-2.045323368282652154e+00
-8.307679019754132810e+00,1.323580862775777511e+01
-9.657620532794929602e+00,4.856005383603306136e+00
-8.742824426458232878e+00,1.223010577813748334e+01
-3.358857812059563575e+00,6.954579085246592740e+00
-1.105415045804951824e+01,3.089644168086470355e+00
-6.792931741559985248e+00,4.533788195844270952e+00
-1.168270139483516168e+01,2.314705902458352949e+00
-4.221326484550628422e+00,-1.351797773878231634e+00
-6.516233750087251586e+00,1.052336691658723034e+01
-2.209146582284693405e+00,-3.086164226404573441e+00
-1.133024446087125270e+01,5.985550241587863418e+00
-2.518939716814650787e+00,-1.846191125322687698e+00
-2.350803447461713436e+00,-3.527985853246842662e+00
1.140568514121896904e+01,-7.451848746170026239e+00
-9.404645922910882305e+00,7.065526513579452939e+00
-7.745673573286551594e+00,7.184054206283874144e+00
-2.271423962816295994e+00,-2.801616982129676803e+00
-1.657256594223459167e+00,-1.402693670022050920e+00
-3.775516640985816075e+00,-8.961207611170761700e-01
-1.072219138347477596e+01,6.200760015514376278e+00
-1.023026097145729096e+01,9.088622357327267309e+00
-5.181740151402856043e+00,3.275502013454054673e-01
-5.324085328700473241e+00,-4.790387806320615560e+00
-1.133173536912399015e+01,8.101295878032065190e+00
1.461216060176518816e+01,-1.563376134300211995e-01
9.353427165524312414e+00,-2.986062063032559166e+00
1.046361651757695732e+01,-4.767552030005035135e+00
9.242731912828739738e+00,-3.100566852285991715e+00
9.586162066755173683e+00,-3.506876996652522838e+00
9.585005955161912894e+00,-3.465030885581043218e+00
9.398239800055348425e+00,-3.056770297270576808e+00
9.729836407983325941e+00,-3.075952171568412830e+00
1.287515745372759390e+01,-1.069789838530691206e+00
6.264139946890817434e+00,-1.065405628277277694e+00
-6.306318927766025872e+00,-3.786992726141325871e+00
-7.971305827297582525e+00,7.161534099416503096e+00
-1.238546392255440942e+01,5.160045529062283087e+00
-6.157667882030636086e+00,-3.164450116975193517e+00
-3.646502776586967087e+00,5.885334293995215793e-01
-1.229333022540188125e+01,6.147159469200728310e+00
-1.289894288539605860e+01,8.501788883971126864e+00
-5.517374377997755985e+00,-4.800955314168158239e+00
-5.298401511975075806e+00,-2.850529236841687908e+00
-1.165414942753017158e+01,5.862045073234036785e+00
8.111700456357134215e+00,-8.942579602615994716e+00
-4.906624793832402354e+00,1.391649892462208937e+00
2.026391868424786136e+00,-1.256620453888420030e+01
-1.344185243303080490e+01,6.480187413272848751e+00
8.587943942271934361e+00,-4.598422792128038949e+00
-1.016549301609657796e+01,7.091096974657395968e+00
-6.398249048664498950e+00,7.268639815455781417e+00
1.330455738054546266e+01,-2.645174994122745926e-01
-1.210033507944130626e+01,3.757093110656870572e+00
-2.415112505914430052e+00,-6.319419658721180610e+00
-6.989550361353194852e+00,4.108943556804216524e-01
-1.287963174880184170e+01,6.282013532698489833e+00
-7.699432938044305175e+00,1.329095615711828060e+01
-1.197661105026053363e+01,3.888370104495833868e+00
-1.021594477140281221e+01,8.601646297034614363e+00
1.264537316696923597e+00,4.227972802967299160e+00
8.282060659516464751e-01,3.880264702435459956e+00
1.592861886214749667e+00,4.377555547146497972e+00
-7.688248861874267703e+00,3.712516808853798533e+00
9.510861703212817320e-01,4.421189048835344693e+00
7.432236659186738370e-01,4.389541610668822536e+00
8.069036546781094277e-01,4.113037983814644249e+00
8.000151673414186426e-01,3.964713832609086275e+00
1.028409055455012711e+00,4.907200499271159089e+00
-8.022233147111176521e+00,-1.228855959956251098e+01
-7.070612311608153178e+00,-1.123947482895496286e+01
-7.103465414234838349e+00,-1.081858821339705834e+01
-6.911450476098075058e+00,-1.093534057011915728e+01
-6.732512981173757183e+00,4.237717283983071237e-01
-8.193345629333855129e+00,7.023479504364440018e+00
1.239391654892409456e+01,-5.449367160466785098e-02
1.278092676816839734e+01,4.416683495797255610e+00
5.455486283053850194e+00,4.149703849776748221e+00
8.233012914665694737e+00,2.330700145058239858e+00
-1.414155353047774000e+01,-1.338962725910373353e+00
-1.423639913115148126e+01,-1.440872183627347480e+00
5.925947283876579874e+00,4.450089387561832588e+00
8.365571752133407202e+00,2.318622520789507924e+00
1.388810646253699765e+01,-5.231623278903169805e+00
-7.283614613593637266e+00,1.179475431806445762e+01
-6.427866638079893224e-01,4.223258456514404346e-01
-2.416614329232651404e+00,8.560047343422944044e-01
-4.128352187461239886e+00,6.780658446298067688e+00
-1.205689049502898058e+01,6.589170540870850523e+00
-6.941004160571501380e+00,-1.072470830555051657e+00
-8.512349377485865176e+00,3.144757822680321002e+00
-5.775729914427575551e+00,-5.362915380545222099e+00
-1.493575863771591239e+00,3.920192825295230610e-01
-4.026729227908293574e+00,-1.894794676435491709e+00
-3.719162471854069896e+00,4.347732120801108380e+00
-2.933605767364176664e+00,7.042089549750855326e+00
-8.265080564426412479e+00,1.376732493884294151e+01
-5.063541919076812725e+00,-3.402167265907817040e+00
6.660823635087765204e+00,-1.174131340104009658e+00
8.155774094463852819e+00,-9.340943775766685775e+00
6.444152013017601099e+00,-9.189536401589892378e+00
4.713971786655915430e+00,3.310415722645967396e+00
5.768316622021009366e+00,4.584687940978263043e+00
-8.411154567062451015e-01,-2.701746937763072509e+00
-2.180946928441705790e+00,-1.328021937738329328e+00
-5.646337591531267464e+00,5.984444685051764523e+00
-5.393817653112752408e-01,-2.566001309396864549e+00
-1.086316239431636888e+01,5.642920861909871633e+00
-6.658545192008867630e+00,5.595068283192142111e+00
4.880304324012101347e+00,1.050313674836241384e+00
2.780090936296787163e+00,2.248590459530326602e-01
-2.114460248641835793e+00,2.421637814508018405e+00
-1.046839467341229346e+00,2.749654850423433494e+00
-5.166185024238656442e-02,-1.338964218161451614e+00
-8.356680190083535464e+00,6.231283590728459387e+00
-6.142148760054735313e+00,7.184564771146485285e+00
-1.225597948184724650e+01,6.799797269396388621e+00
-1.875886033806496211e+00,-4.484917563426884080e+00
-1.137350117873736366e+01,5.403780481350161757e+00
-8.043063500192433324e+00,1.211176942307785964e+01
-9.755853539616554215e+00,6.590329959988528330e+00
-6.768025888856065819e+00,-1.868370113313636338e+00
9.989593148831538372e+00,-2.302404018980555023e+00
5.688246854561401555e+00,-4.816055645787248096e+00
-1.410366147486683541e-01,8.478966400150795835e+00
2.862203422388609919e+00,-5.094142015048043426e+00
-2.248814768213131199e+00,1.932243054626290535e+00
-8.544399928298771485e+00,1.187051869468669807e+01
-3.352746966336449308e+00,-2.310668053650315912e+00
-1.574821505849572034e+00,-4.763806956908526402e+00
-3.627833082149741095e+00,7.045587923692627763e-01
8.367527206867544365e+00,2.115071088286101908e+00
-5.333140671794764032e+00,6.897652969047928018e+00
-4.531898237473402702e+00,7.307913550991256280e+00
-5.663354387969611103e+00,1.198088751333593827e+01
-9.078800566374027881e+00,8.438637683677173484e+00
-3.165304004685205452e+00,-5.157736974307955080e+00
-6.433575046147298693e+00,7.358112907726434671e+00
-5.772277003100095172e+00,-1.298821599640162416e+00
-5.657184917200827279e+00,-5.246464173329578706e+00
-4.496046324789320536e+00,-1.885149768612224497e+00
-7.671318249571837278e+00,-1.782719123440845044e+00
-1.008189462750478427e+01,6.731084348997501188e+00
-1.073440111245441564e+01,7.882318897398979729e+00
-5.200355286674113842e+00,-4.307418609205630133e+00
-7.557374674953725169e+00,-1.797787668420340657e+00
8.965253876259302146e+00,2.937904364430708348e+00
1.323236013297246139e+01,6.453996873202622053e-02
3.143353219613399308e+00,5.366406702446753663e+00
-4.127699174721782605e+00,-9.111117759125551885e+00
1.296325043591969717e+01,-2.040452065053906805e-01
1.087167912459017849e+01,-4.984255411149734805e+00
1.135802688384550763e+01,-5.377530223901072937e+00
1.388238241520898164e+01,-5.226264689194051627e+00
-9.043489701856662677e+00,9.730642742615019714e+00
1.065294533980492808e+01,-8.831514481568917274e-01
6.502144182458113875e+00,-8.981580024359075765e+00
-1.106366493182395239e+01,7.962892692923383642e+00
-4.133803894825041958e+00,-9.117826717834688566e+00
-1.273597902562770123e+01,6.520799140889220524e+00
4.504018824796060527e-01,-3.897130140836952972e+00
1.167673981585581444e+01,-2.902850823418002157e+00
-1.518636254913825701e+00,4.636252481834647554e+00
-2.901670685880213263e+00,6.873919242773476768e+00
1.934366148172246724e+00,-1.288585322147240042e+01
-1.003562240714566833e+01,1.412492823762791261e+01
-7.086529178930581985e+00,6.388300778851145445e+00
-8.054751704636640142e+00,2.870272619300365147e+00
-1.502425158647894943e+00,-2.458590203151004516e+00
-1.178101962676879921e+01,7.823507758101800214e+00
-5.426338107782675557e+00,3.854957770088999869e+00
-1.243686604689672315e+01,5.813329465394747153e+00
-6.570640249327633242e+00,-1.212242090187978460e+00
-4.981644367760279302e+00,-1.354177739830766614e+00
-8.228866065980581013e+00,2.871388719398995093e+00
3.210498242148063230e+00,9.595981045871880832e-01
9.567881607513225362e+00,-2.426102099176690174e+00
9.638789354630354467e+00,-2.259833521675169710e+00
1.274584889271318033e+01,4.125860527258917720e+00
1.123845309263569270e+01,-5.101106275321547479e+00
1.149162325782999616e+01,-5.145722318634642356e+00
1.117704640122760118e+01,-4.810848402670161228e+00
3.303052935003027102e+00,-4.765491421121172522e+00
6.738979839565415020e+00,-8.853953937489594139e+00
8.592448733672650718e+00,-3.924115710345937647e+00
6.340112096784433326e+00,-9.125512553151308381e+00
5.588843406303012351e+00,-2.737434782051639814e+00
8.833042694997057964e+00,-2.601410279611814147e+00
7.888295495711415306e+00,-5.208864967918945155e+00
-7.587584228921161689e+00,1.157043581684386879e+01
1.118866966230559257e+01,-1.824663777957319599e+00
1.266581502098178724e+01,4.048365914356270245e+00
7.666322834668430453e+00,-5.683860730696808972e+00
6.924670657832018072e+00,-8.949618432151398295e+00
7.627066269692114098e+00,-4.923470080566957563e+00
5.564407313667764754e+00,4.315391383471014031e+00
-8.935481529579281101e+00,5.766091732275639536e+00
-6.823562270800927365e+00,1.216288922791151172e+01
8.235609979067215036e+00,-9.655909335075675060e+00
1.421708855080532707e+01,5.989777312730530490e+00
1.281992827748897845e+01,6.588876997841458305e+00
-6.903126627831215778e+00,-1.258312182957516079e+01
1.053994383043674432e+01,-9.357873413051009948e+00
-1.150326666257674546e+01,4.685121339244944672e+00
-3.931884377546590592e+00,6.792228859833240762e+00
-8.140413759840956942e+00,6.530442808741108607e+00
-4.323942060338647586e+00,-1.153903117187581762e+00
1.155826615362618021e-01,8.730264411290564741e-01
-6.929267943813179009e+00,1.215813491850755135e+01
-9.494837170989464781e+00,4.733445490616928097e+00
-3.959471269894756063e+00,-4.313923493533211584e+00
-2.760054039462330078e+00,7.084425833214047508e+00
-8.083039719294099257e+00,4.228966810579928293e+00
-3.731951188021661814e+00,-2.793966510572219786e+00
-4.976443495747653878e-01,1.377258764858253048e+00
-1.240910431468447506e+01,6.892393246113554639e+00
-1.147273483493179391e+01,6.069390847651225052e+00
-6.482158707519691809e+00,1.195130321563081388e+01
-6.329857103733441903e+00,-1.260746720721962255e+01
1.058239136022304194e+01,-2.833185077857959477e+00
7.788763788378171071e+00,1.503597089063227532e+00
8.573302931488962386e+00,2.214735212189945290e+00
1.127069313513668902e+01,-5.015550872911760383e-01
7.755879089030350393e+00,1.717575527077004116e+00
7.779809528985407674e+00,1.811913339084677110e+00
