-8.846221300742087124e+00,1.239995550044197437e+01
-8.936808988566852463e+00,1.196703468556116867e+01
-8.810382042679226089e+00,9.142212410146964174e+00
-8.922957988635058513e+00,1.268098839650479803e+01
-8.833422735166182704e+00,1.175612194639277064e+01
-8.766081891923859004e+00,9.292239671248989197e+00
-6.735205523296611041e+00,-4.944974590560029526e+00
1.116901108411640564e+01,-8.754162439130762863e+00
1.155317324348645514e+01,-9.342078492428672831e+00
-6.616069357194207967e+00,-5.492469241504596589e+00
1.091846110742287657e+01,-9.003197984168046730e+00
-3.009130958976248937e+00,-4.986235592568307062e+00
2.152053910318721286e+00,9.303278194055845773e+00
-1.389516759681098534e+01,-7.674425833097229699e+00
-1.345470072604444489e+01,-7.946669314552369023e+00
-1.187082148670451254e+00,-1.318716401938185623e+00
7.282174385224488233e+00,8.223251809275524238e+00
1.471053314868906625e+01,1.331472959878981754e+01
1.107583991626741948e+01,6.418839787191225277e+00
-1.292270979051032276e+00,7.369735332069772271e-01
-1.084858768975012433e+00,-1.236149035201957735e+00
-1.301979523124091820e+00,7.283700045304161153e-01
1.302734511755208402e+01,1.016575462022109022e+01
-1.284128719459521895e+00,7.698684365107497651e-01
5.464710707866553996e+00,9.102050713030859441e+00
1.028079931840731831e+01,1.037159275286755999e+01
3.861278801966238738e+00,8.493391364134415866e+00
4.008320851294828735e+00,5.824601863709503391e+00
-1.466565086177497079e+01,-8.100205481038344146e+00
3.213849243954393753e+00,-1.045453228479318497e+01
1.991472426742646018e+00,3.793865403405294767e+00
8.870700414083200869e+00,1.055491033923489574e+01
1.565469065991169728e+01,6.366831958747605213e+00
1.024110581056573821e+01,-9.243307730367993358e+00
1.140563487110032170e+01,-8.848938210623398248e+00
-9.994721238539753250e-01,-3.163803871572195447e+00
-6.526913232073060733e+00,-6.145812105750738219e+00
-8.020839321014975098e+00,-2.538528418059246672e+00
1.278451043696053091e+01,1.083729638460299016e+00
-1.102176439292682630e+01,-3.033076923273403391e+00
-3.382370227993253486e+00,-4.831422874051264138e+00
-8.032423002358971331e+00,-2.906506320455201742e+00
-1.755798122721519405e+01,-4.043291537306138023e-02
-4.382095288329939109e+00,6.241993533872607358e-01
-4.473954189148190430e+00,4.718353449881348971e-01
-7.596975745818435932e+00,-4.010247346901728571e-01
-1.322250304363469553e+01,-6.005041884415329712e+00
-1.349544904176289251e+01,2.233215812527650890e+00
-1.308638506893185172e+00,7.214960785875054183e-01
6.562998144416829938e+00,9.784211495897970678e+00
3.837908445706402105e+00,5.431200812465653449e+00
-2.737421153088711367e+00,-5.047609004692660051e+00
5.929807446157023598e+00,-5.286429467767834733e-01
-1.663766913092330313e+01,-2.304975367214428417e+00
-5.260561772412779113e+00,6.286229663276654556e+00
-1.095036950016578636e+00,-6.937358377482545357e+00
-7.360685415797346032e+00,-1.397317712644717380e+00
-1.397415507451595929e+01,1.578168894662980382e+00
7.765722115654290825e+00,1.188902530798656265e+01
-5.021053663015936586e+00,5.597283358989379565e+00
9.401014460546582185e+00,1.464732568032281179e+01
4.043272879731754088e-01,2.620350320381523712e+00
4.257412682615543176e+00,2.444993706763717967e+00
9.568466135969014630e+00,1.194239124878610170e+01
8.570701366970801871e+00,1.152559366507402316e+01
-2.599455770019931666e-01,3.715499787846182400e+00
4.556571014571607847e+00,4.615447368113406723e-01
2.552403863184848909e+00,4.946736291735871482e+00
8.374400839306211708e+00,6.184733227954147594e+00
8.477783719593160683e+00,1.317695870312952700e+01
2.476883247147040112e+00,-1.061905111235038568e+01
1.113079825438965642e+01,2.000444976577058664e+00
7.917116806303641674e+00,-9.360314813673283885e-01
3.865797995391837105e+00,3.477548260870200636e+00
2.659230587186572681e+00,5.732867205644359920e+00
3.881101678410346922e-01,4.360202848712202872e+00
-1.316164804436553126e+01,-7.590246183231235122e+00
1.256986273190184100e+01,1.099815683760870044e+01
-1.188520645151614907e+01,-9.296163781401256543e+00
9.492368282299752380e+00,1.351590273106634044e+01
4.386208926565965394e-01,5.143819199515198726e+00
-1.128980385817768095e+01,-8.020649783051158721e+00
-2.700220076830094573e+00,-1.121169776999083467e+01
-1.328829099443678174e+01,1.544621199568023684e-01
-2.736480726084348447e+00,-2.231900366246775957e-01
1.038214759443176760e+01,-8.500781538220621769e+00
1.125037690070851326e+01,-9.122296337835191338e+00
9.156669591285549359e+00,8.894317621471072854e+00
4.011010427658263211e+00,-5.973672185461609274e-01
1.458640920696607779e+01,5.907374535874707178e+00
8.904557446513333474e+00,6.596809628537988246e+00
2.571096013841621897e+00,3.810425075408473639e+00
1.341268143105074451e+01,4.355866785373466499e+00
-1.323181696619667136e+01,-8.166209983907570802e+00
3.619194197724023176e+00,9.464656699767877157e+00
1.411635592565542119e+01,6.069023027148978677e+00
7.747099972984240246e+00,-4.072150012454060608e+00
1.107886510361688792e+01,-9.527036473108729808e+00
-6.496744323428367274e+00,-7.552992943717333763e-01
-5.476938055020985630e+00,-3.998774568580696909e-01
-1.327242681222020693e+01,-7.450125511194867656e+00
6.092201919795545706e+00,1.923184496969780000e+00
3.860025017500161137e+00,4.339774217469718032e+00
6.516850870151031039e+00,1.095326653893282653e+01
1.332698251780463394e+01,8.014994348267274304e+00
1.299443399572686353e+01,1.185400182841270045e+01
1.244825250101262704e+01,9.209168725847394654e+00
1.513695551569493247e+01,9.076582168937036954e+00
3.757434658140011763e+00,3.081608534834474611e+00
7.759362062420279038e+00,2.703223241643103680e+00
-1.420923069686699591e+01,2.817415806544378398e+00
-1.442312233004159872e+01,-7.335226417568147639e+00
-5.076864961040922886e+00,5.955598737975006607e+00
-1.328922761816812326e+01,8.866605220344512261e-01
-9.235155432723594515e+00,1.165675615282976096e+01
-9.245642128536266213e+00,1.177802198288741309e+01
-8.616121921537651218e+00,1.095278697866027606e+01
-8.711836930310393967e+00,1.163661372486525991e+01
-8.772069709068480492e+00,1.177944278382882004e+01
-8.759206942002432328e+00,1.154033337094385914e+01
-8.865178361674296070e+00,1.159063406475980607e+01
-8.589460389715839028e+00,1.148525122799258824e+01
-1.731896028571791035e+01,-1.117580997521235991e-01
-3.062752935511244168e+00,-2.832496364036831693e+00
-5.132022370159242897e+00,2.517661490362766430e-01
-9.442207060413736031e+00,5.239882927198229901e+00
-5.296409252721513417e-01,-7.741210283792485214e+00
-5.883711154393710174e+00,5.925183644236196479e+00
6.671952150436805340e+00,-3.382940436915126803e+00
-3.577620800561201797e+00,-4.769664289625938025e+00
-8.293563748570953464e+00,-9.634119610962450508e-01
-7.729353724703112327e+00,1.311301336215542079e+01
-7.762068364123189568e+00,1.304933188304118197e+01
-7.574821949337361637e+00,1.257437056516678098e+01
-8.328708491982977691e+00,1.062099706572797331e+01
-6.975320544220990904e+00,-2.942492766084629618e+00
-1.569850762846847481e+01,-1.283001960797372121e+01
-1.569064465639494088e+01,-1.287667067032228196e+01
-1.566374762330953985e+01,-1.257963427313373828e+01
-1.569261798186507839e+01,-1.216898774072755707e+01
-1.572110846689590069e+01,-1.240016422700684018e+01
-1.568636030837227757e+01,-1.278210283328924746e+01
-1.568435109527315952e+01,-1.275529204397941641e+01
-2.354370648075600592e+00,1.389740089932290701e+01
-1.019971517051616416e+01,-4.747324394342478660e-01
4.566562035658889296e-01,-3.664436223464199394e+00
1.274050249362229215e+00,-3.258444369999523804e+00
1.253676221426054616e+00,-2.794589501391335773e+00
1.935568482215591857e+00,-4.050118304113727419e+00
1.458155573323918874e+00,-3.306306745417431525e+00
6.696686894955491409e-01,-3.729703398837630690e+00
1.200434737855958289e+01,1.096747471606000879e+01
1.550216854608162942e+00,-4.712860899341588805e+00
7.346571769691489173e+00,9.994634838958640799e+00
-1.130336328274172608e+01,1.181648449021560410e+00
1.012331890456587447e+00,3.767879820984132877e+00
2.473296041208671969e+00,2.361546487342534473e+00
-1.350981927056900567e+01,-6.267576323556115270e+00
1.176702184562573272e+01,4.425288048161167609e+00
1.253697151092489648e+01,5.965924515875931533e+00
7.705641181037593768e+00,-4.115626795045208119e+00
9.113808761409906367e+00,-5.055755432919371017e-01
3.963551004861778360e+00,5.815496531184803253e+00
-1.105608210165284611e+01,4.484103529369581898e-01
8.487353838119231497e+00,2.390579755855353206e-01
1.033475898883284039e+01,1.390058232532559224e+01
1.017264074560107190e+01,9.629951029561665266e+00
6.644771531945986576e-01,3.227714946201493351e+00
7.558335391354178867e+00,1.251397938599169279e+01
5.791646976536853231e+00,8.784347690164345579e+00
-1.382091185634891772e+01,-7.447279136740427852e+00
-1.144743979095678732e+01,-7.801094145330075058e+00
1.104129421018360802e+01,1.028453850995229679e+01
-1.312538728546478062e+01,-6.481589915542454783e+00
-1.073072571967484201e+01,-7.798565195248241544e+00
5.406781256465559515e+00,4.019256334062476732e+00
-1.432305030996332640e+01,-6.311398405356745123e+00
4.903954581671277069e+00,-1.989462947865968889e+00
5.335210737245946078e+00,-3.004543421737237985e+00
1.381816017141089858e+01,1.011457825291532409e+01
-1.096622380450947704e-01,3.967334060722594202e+00
-1.128274784528755426e+01,4.686316341649410244e-01
1.133277572506809427e+01,-9.099799910239225298e+00
-1.735563410747854363e+01,-1.106070442699635670e-01
-1.270725945536423396e+01,3.462558627581148740e-01
-9.239229600058251890e+00,-2.233336911935702940e+00
-8.831950410756972403e+00,-9.336078100581346462e-01
1.014450672041252410e+01,-8.594679638284153711e+00
-8.485809058375298974e+00,1.561277886719737718e-01
-1.367715132020356705e+01,2.922275306128812922e+00
-7.401617577208926768e+00,-1.243922729649971615e+01
1.028870406289085437e+01,5.088481506513349295e+00
-8.670725092965113623e-01,-1.253117794459831558e+01
1.450378824146300083e+01,9.076131102933203465e+00
-8.155724904977388334e+00,4.005010230250350411e-01
9.354901799044036181e+00,8.974334202667838767e+00
1.450484561238912562e+01,9.122582812614924208e+00
5.736651538058814559e+00,1.306338509831558858e-01
-7.782833941421487545e+00,1.268673811017130504e+00
6.714676961811361089e+00,4.518348547259900982e+00
1.247143613825581276e+01,9.666765070282371752e+00
6.817955896613203670e+00,1.211246709204066896e+01
2.583260778727646922e+00,2.294606847754993240e+00
3.203885018222861092e+00,-1.045356336732272595e+01
1.307301923504444474e+01,5.608566107968086634e+00
-1.286471784741076085e+01,1.199519702844034974e+00
8.436007215083501265e+00,-1.222365060417774707e+00
-2.999589156751350849e+00,-4.997912789079952844e+00
9.510787571337138147e+00,1.194429850320376651e+01
6.013920668812135162e+00,-5.459987318729901951e+00
7.416337025394646787e+00,-4.178525674421035063e+00
7.044814138201569875e+00,1.218586879320832672e+01
1.566323398673223899e+01,1.011923504945333008e+01
3.849357630554069321e+00,4.598333794815395947e+00
1.228324147982728398e+01,1.086922815158368039e+01
1.374241140067277378e+01,8.027394000360510873e+00
1.382303073399271476e+01,7.081184229960907572e+00
9.364694772486890528e+00,1.066153522986776103e+01
-1.292747509482469415e+00,-1.305445377182336841e+01
-2.784638263758587140e+00,8.860433436792725104e+00
-7.442332319945466068e+00,-7.815794242263770286e+00
2.763205738240966269e+00,-4.895611508478508456e-01
-5.016102851673129415e+00,5.429246438807127095e-01
-1.299047636985075016e+01,1.924992714318213283e+00
-5.551315137096406005e+00,6.030167288282675564e+00
-9.597611812683881638e-01,-1.278480460932830454e+01
6.225449143904281613e+00,-1.356894120698953543e+01
5.963073621045369421e+00,-1.333288841916113299e+01
6.164961643265955082e+00,-1.350123438482927973e+01
6.132389816659628679e+00,-1.348622548802878995e+01
-9.218983457117312597e+00,1.169770989002413586e+01
-9.271306207825597667e+00,1.169833984684888684e+01
-1.310788014840992233e+01,2.554977864140509869e+00
-9.278969581953752765e+00,1.178031288074606486e+01
-1.030488434639416795e+01,-9.475733339835500368e-01
-9.097611361719664558e+00,1.186056321509068212e+01
-9.151667138210278551e+00,1.178033597081021711e+01
-9.110797294656711287e+00,1.172980027267878000e+01
-7.602435126219464046e+00,1.632867741142083995e+00
-9.221257085147826160e+00,1.168768920089295271e+01
-1.544619488624345216e+01,-1.166671680907661468e+01
-8.019104172896000193e+00,-1.334830769687698426e+00
-8.416922181230441780e+00,-1.932364807797449513e-01
-7.601421917904794157e+00,-1.388613510844266585e+01
-8.852478437874200523e+00,-1.438880779096578166e+01
-7.610083452307974561e+00,-1.529437406881690187e+01
-7.490655444859869228e+00,-1.424670089632738090e+01
-8.786001412797627808e+00,-1.440222451037085705e+01
-2.991654347120258794e+00,-4.989527214204072081e+00
-5.033587845055465415e+00,5.209774226508488981e-01
-8.639003441009437623e+00,1.121183776925046693e+01
-8.714504182118258058e+00,1.182542222960577760e+01
-8.503269407620429376e+00,1.216014829026635446e+01
-8.628806288249666778e+00,1.147564610909584637e+01
-8.814263049059499977e+00,1.168810451529616223e+01
-8.805098979289782690e+00,1.154815469374642589e+01
-8.848830081415629323e+00,1.174693586244904253e+01
-8.750990992473621333e+00,1.181189097559686374e+01
-8.347958031431659265e+00,1.063288050771108573e+01
-6.563770458176943379e+00,-5.351597880272532137e+00
-7.318882386422797204e+00,-1.538430345409339983e+00
3.268898738285372474e+00,-1.044853747455653803e+01
-5.880888635061537251e+00,4.339292158450611225e+00
-1.428489602532492064e+01,1.712886746569085350e+00
-1.278228860576061443e+01,1.719773535513613671e+00
-1.381176872118601473e+01,9.132451360265212870e+00
-5.217080730893356666e+00,6.266727761852800782e+00
-7.185051486281786026e+00,2.019253920784007672e+00
-9.024871166768575037e+00,5.062521680137793467e+00
-1.231674096342135627e+01,5.399184401675951595e-01
-1.309079452328618665e+00,1.391973701351011528e+01
-9.676977191349894980e+00,3.812436914871047300e+00
-9.230759058850789955e+00,-2.488812855760015097e+00
-1.775308341469611584e+00,1.472933628722171306e+01
1.403719707828486918e+01,1.152348461849587302e+01
6.803363838728241575e+00,9.889689119850430643e+00
8.715331687078860412e+00,1.280830820211160948e+01
4.066947727278720670e+00,2.049163601659827805e+00
7.227678329725789830e+00,1.560220940336861428e+00
1.376818735861326637e+01,1.224191556191766139e+01
1.394876501132730873e+01,8.839199645492849200e+00
6.103838970935835384e+00,2.677461560718532141e+00
8.299632740783286167e+00,1.097800404033524835e+01
1.610346736973286497e+01,6.706040316464181750e+00
1.072136292751624431e+01,1.126579839385153115e+01
1.455693463164539558e+01,2.839829220241495200e+00
-1.378027925570660628e+01,9.116485688285481004e+00
-9.216721598476917521e+00,-1.857648755673982244e+00
-5.458212414404866486e+00,6.253258963644484858e+00
-1.235869041410168911e+01,1.639475860535795970e+00
-1.622151967623859603e+00,-1.264218441268063131e+01
-5.548904046642237020e+00,5.897550245738470309e+00
-9.233232274195948719e+00,-2.130800381399127197e+00
6.895650822672956259e+00,1.126178306789407735e+01
1.676499871036056577e+00,1.025774428011202444e+00
4.294403403354044357e+00,1.533931000780999865e+00
-5.131199759086471524e+00,3.407493434502870233e+00
-8.038750049012074683e+00,-1.468027876117224073e+00
1.418141595672754107e+01,5.289761661463031395e+00
2.608574678722800133e+00,8.902465071997834656e+00
-1.323499811855635322e+01,-5.888472747250634853e+00
-2.785496151474588622e+00,8.860348742358345575e+00
-1.500453116794518671e+01,-5.495780834068221488e+00
1.196234416153163593e+01,7.238479892334476418e+00
7.316800885632538609e+00,8.091752166554925907e+00
-1.207493796744295267e+01,-9.461272712482724501e+00
8.226360834706559544e+00,9.271977656712131477e+00
1.046440842446640485e+00,4.923525094452410045e+00
-1.207216892718954959e+01,-9.239885026888895680e+00
-1.109804938112404393e+01,-7.329346469498487338e+00
-1.444719513747618933e+01,-8.255202484738354940e+00
2.487133955596789292e+00,4.202487553094679029e+00
-1.433285289201864288e+01,-8.516628425408379499e+00
1.162236881923495169e+01,-9.309322450988092967e+00
-9.012781849794281541e+00,5.026769929528489556e+00
1.399385993799229055e+01,1.254149098296565867e+01
7.948725515663962682e+00,8.911845338102692082e+00
8.635389403078754356e+00,9.022594526553772809e+00
1.214848165252676182e+01,1.009927186410023658e+01
7.856051780970207510e+00,-4.030181091781271263e+00
8.274454605611992974e+00,-3.521348618413231435e+00
1.060039734730097649e+01,6.955262061285827357e+00
5.890746091764295755e+00,4.610290326252944659e+00
1.293551498630090890e+01,3.711635019147746739e+00
1.389048495670742867e+01,1.346923392135830078e+01
-1.316672177209319550e+01,2.253687909135886791e+00
-1.287258379653139606e+01,-7.231808632078299048e+00
1.965094233466327944e+00,3.036535223310121712e+00
-7.203457945853739552e-01,3.211964705927777164e+00
7.061982249485496688e+00,7.906478951274656275e+00
-7.331041125501205791e+00,-1.414371745952621440e-01
2.721254799614780229e+00,3.428616214894509184e+00
-2.921359439007030989e+00,-5.011550327033835295e+00
6.427736714204651314e+00,-1.385967067623874982e+01
-1.436647081815756088e+01,1.972184708996040481e+00
-1.420456365137646060e+01,3.583623156717623992e+00
-3.028120393996924342e+00,-2.794007801676426705e+00
-8.447896755101124810e+00,-1.785844120680790681e-01
-4.411307748464770029e+00,-2.723992461093514006e+00
6.126502554716913629e+00,-1.347739547750014744e+01
6.118818823343143976e+00,-1.345970671050942258e+01
5.886755246581342860e+00,-1.325729009181347173e+01
6.074200509030022843e+00,-1.341986759648785466e+01
6.000608506551312615e+00,-1.336189625208533194e+01
-8.019961297980595205e+00,1.261382937276968796e+01
-7.694536289382164718e+00,1.306586523858710081e+01
-8.051666501258972986e+00,1.338048645150078819e+01
-8.781513125142879517e+00,1.335040309515285983e+01
-1.387730995573092940e+01,9.182899852159970067e+00
-6.404958640438239703e-01,-7.642271837636682719e+00
-6.778277715371362255e+00,-1.500970506105147528e+01
-7.747149787984977110e+00,-1.523887060419028217e+01
-7.669368697295890769e+00,-1.378776513774029588e+01
-7.864429743875460233e+00,-1.521254446011097805e+01
-7.553028341465022777e+00,-1.450450230078231506e+01
-6.693997010227575872e-01,-7.485814300403541566e+00
-7.669374536342232318e+00,-1.381985188425779398e+01
-7.536233261336990452e+00,-1.421786672369501403e+01
-7.506586626827050246e+00,-1.406948766055378108e+01
-7.715825300616852012e+00,-1.326748951988980174e+01
-4.909054914491745025e-01,-7.622950270761561953e+00
-1.498998304022040351e+01,3.377727765876743948e+00
-1.398517718813289124e+00,-7.310122083618664668e+00
-1.931135137683473779e+00,-6.915535512382037453e+00
-1.355262679921229640e+01,1.811457384142318272e+00
-1.299458692129843485e+01,2.155623434306487951e+00
8.931976371401045611e+00,1.069537626102903793e+01
6.550999962445389180e+00,-3.903744128530409974e+00
9.522438812264431007e+00,1.289042287093841921e+01
1.115295663389845338e+01,2.143786845734369617e+00
2.110105239786986553e-01,3.610477653179521074e+00
1.254834258592723018e+01,1.381669496497068117e+01
-1.228009147156250336e+01,-6.723842524090558825e+00
6.961716729519529245e+00,-1.408830446409054860e+00
1.011189788938959921e+01,9.221363758017982803e+00
6.058503980964188074e+00,7.812971864611780504e+00
5.379846308908468266e+00,-1.454008664876377255e+00
1.120760017664408714e+01,4.678644066837609472e+00
7.644331847802273927e+00,1.205515547370471907e+01
1.080862598660401019e+01,1.241766895593585573e+01
7.217142696895584741e+00,-4.272334829449841109e+00
6.170167180210810010e+00,9.360839399066732680e-01
-1.304589775430209286e+01,-4.915862584139868652e+00
7.760050530090608412e+00,1.305475394557018909e+01
7.300514974921464173e+00,-5.836693521806948226e-01
-1.267145506808499356e+01,-6.141166804878912977e+00
1.014056990882441234e+01,7.720854216698150196e+00
1.665333280880133104e+00,-2.536838475999451670e-01
4.824062183408770466e+00,-1.227576392616360934e+01
5.073127527545570281e+00,-1.253013382298885148e+01
5.393348766993439014e+00,-1.287471962685655669e+01
5.663974027129809130e+00,-1.312103791972180744e+01
5.215387035721976261e+00,-1.267021410743923049e+01
5.127126019162524528e+00,-1.257769368718029668e+01
5.489857624591786944e+00,-1.292615508769848098e+01
5.688143831766286240e+00,-1.311001365244112016e+01
5.446579035678153602e+00,-1.288821609079759511e+01
-2.971636523039427935e+00,-4.993720897062809527e+00
-1.408158084709710245e+01,2.305817928723866483e+00
-8.874435165550144333e+00,5.321425413472741006e+00
8.676722723464527220e+00,8.069255196649377737e+00
1.225788217167754324e+00,1.978960968253668795e-01
1.229906623681563715e+01,9.293704042249128605e+00
-1.392847794265720296e+01,-8.643212855428975772e+00
3.472539209060976351e+00,7.405712404254590098e+00
6.789498367823604497e+00,-2.015800623535589864e+00
-1.231779584514286796e+01,-9.173469830238159872e+00
9.158394764197199223e+00,9.070772974945953138e+00
3.182893118522818199e+00,-5.202392357053706728e-01
-1.213345369853316669e+01,-9.350973032599755541e+00
-1.352166824396478617e+01,2.396711041595283476e+00
1.142006534743105561e+01,-8.998998047155733815e+00
1.145496072115486008e+01,-9.132271019018959990e+00
1.133682219732216723e+01,-8.919683142772594664e+00
1.114253088287188298e+01,-8.838571721936377301e+00
-1.274257524638307615e+01,-8.718057398605020936e+00
-1.213019622157644584e+01,-5.682555252971434712e+00
1.134121733625323003e+01,1.095150114198682267e+01
5.327792295431057035e+00,4.902685599576641629e-01
-1.385197685825009550e+01,9.165565628869771331e+00
1.383899862042264317e+01,1.146127514458185637e+01
3.354882741106358868e+00,7.220386435024290783e+00
-1.109411583916781474e+01,-7.961515171992971318e+00
6.893128158251183635e+00,-2.327098203007520905e+00
-1.741870046050932874e+00,1.476166771559282687e+01
-6.032945251236993656e+00,4.979360716768422290e-01
-6.552619239356119785e+00,-5.320347986401151807e+00
-1.699757124028484334e+00,1.475459506810640420e+01
-1.757349691604484621e+00,1.471913608376161520e+01
-1.438947351654061890e+01,1.525394611927303412e+00
2.564238894754288012e+00,-1.053547635611467115e+01
4.710132151111783294e+00,-2.143491230483397736e+00
5.676017717735152956e+00,-3.004063899797821069e+00
8.654593093261551573e+00,1.406292788672701022e+01
1.358951371759926197e+01,1.167851756959020371e+01
1.299598443114325441e+01,6.210136470586193447e+00
1.043753848584496424e+01,8.235953827792455328e+00
3.776859611490098523e+00,7.269127674028011299e+00
1.164863255260413233e+01,9.437911313806575109e+00
1.461013886584971644e+01,1.101199674431252262e+01
8.152134275602309188e+00,8.100016963158090277e+00
-8.907457509245331195e+00,-3.032613985569629911e+00
5.852435729420403021e+00,-3.844831199984535264e-01
-1.101454347120763444e+01,-3.035426395091764817e+00
-1.253911556231108193e+01,1.053423952870572222e+00
-7.306280224845030702e+00,-1.072720918596545125e+01
-9.965456688258209184e+00,-1.985257693166784021e+00
-1.572561903307820863e+00,-1.256920340694972005e+01
-8.595676993423184697e+00,-2.947830633670545097e+00
-5.176191450948007144e+00,6.304443531233784093e+00
-3.201782994309492203e+00,-2.843545939527996946e+00
-1.434346646345894527e+01,2.029971431494958622e+00
-7.569623510434993818e+00,-1.207515181198940546e+01
-7.859521900087726110e+00,-8.199740669099704338e-01
-1.358920676660916982e+01,-1.899109888315725581e+00
-1.313086730661000878e+01,2.292456594750665211e+00
6.065684057352665803e+00,-1.342477375575595744e+01
6.153128662176774455e+00,-1.350981282279001938e+01
5.816994721290920545e+00,-1.321145742230463682e+01
6.170595607424091078e+00,-1.354637790708181377e+01
6.031061827129934549e+00,-1.341096418145544433e+01
6.154244265481792375e+00,-1.349216814027838396e+01
-7.260394123982665704e+00,-1.051837861173984479e+01
-7.830923292664154545e+00,1.142433842159054969e+00
-7.765970564337561832e+00,1.316619706059665162e+01
-7.666849860689219476e+00,1.319812992797229967e+01
-8.348049346113631586e+00,1.342417104074944589e+01
-8.291307257112102036e+00,1.338431212139887272e+01
-8.133178751817629504e+00,1.358976471271254916e+01
-8.138564948398251175e+00,1.367310853562690731e+01
-8.127338186818127141e+00,1.359088031131880214e+01
-8.127546902711657140e+00,1.357232125959553315e+01
-7.859128926741959731e+00,1.305246612326483024e+01
-7.922074723599781265e+00,1.318946805969958724e+01
-2.684050992408004266e+00,-5.056925936384118359e+00
-1.452549620966636468e+01,3.681327648081576864e+00
-1.420683163635035662e+01,4.337629031104754063e+00
-1.550095344288298804e+01,3.669755649985223300e+00
-1.446328393492612285e+01,3.949465823621044258e+00
-7.330930562913538395e+00,-1.455433834365651968e+01
-7.563079567431775452e+00,-1.397258189250651128e+01
-7.541434184869490132e+00,-1.406238600054956400e+01
-7.498082710932194139e+00,-1.416329288471757408e+01
-7.745160098306263841e+00,-1.396905138008747471e+01
-6.363465064005819904e+00,-1.479730336791967815e+01
-7.825320978584174192e+00,-1.395959917248895898e+01
-7.728840023218275235e+00,-1.344909321158887749e+01
9.265009930619163114e+00,1.041357677678670335e+01
1.031244264886354145e+01,7.457072497028442548e+00
-1.125803146826506307e+01,-7.386040212160740914e+00
3.548298235222623553e+00,3.908450159962086445e+00
4.986360658751832986e+00,-4.679248836689283708e-01
5.938810275852724807e+00,5.158978860369566100e+00
3.365049560962700248e+00,6.255006815483691973e+00
1.143534867499410446e+01,9.487048130949524705e+00
-8.902352104066365568e-01,-7.635137967735800224e+00
1.142970231049868346e+01,-9.020099794518685599e+00
-1.395514373040133371e+00,4.602484950489852955e-01
1.610171607759690460e+01,7.694486840066540267e+00
-1.455042206260110937e+01,3.618709331077711422e+00
-5.768745852679226793e+00,1.633434151085622066e+00
-7.493176006931299149e+00,-1.214962438192874750e+01
9.506669510395288070e-01,5.224903105594202124e+00
1.249691293788163904e+01,6.166139485771846118e+00
1.517007558845818771e+01,7.047124688320717034e+00
9.544447901134923029e+00,9.588839152561776658e+00
3.468478850158729365e-01,3.086822789267091860e+00
1.420556119324750011e+00,3.946436097342715943e+00
1.173946143034488721e+01,6.356953069515027366e+00
1.062790974033835489e+01,7.171987019504235228e+00
8.699325651183849928e+00,6.138687998345228714e+00
1.154996308471271327e+01,6.724467772172939561e+00
4.884275016535949199e+00,-1.234136391171102431e+01
4.772373278932150242e+00,-1.224024320650432252e+01
5.087809449744915113e+00,-1.253918865332293286e+01
4.875955855300076358e+00,-1.233059629654066214e+01
-5.219874866061349650e+00,5.804537677207740387e+00
-8.798660805115966710e+00,-8.463852706494990885e-01
-8.315281278391816855e+00,-2.484153184961792465e-02
-1.519873875379508910e+01,2.242633955424585324e+00
-1.326258402407838588e+01,-1.155517327516451331e+01
1.184675135783296973e+01,1.338772490000943982e+01
1.317705095968006468e+01,5.912573724008947984e+00
1.233333174190726922e+01,7.331244969529927324e+00
6.336934282328911650e+00,6.983154293176149774e-02
5.849264378612569537e+00,-1.703302252425472618e+00
3.483876866301754305e+00,1.728134286885358639e+00
1.154831757581008134e+01,8.213156650307130491e+00
5.463908011050049751e+00,-1.129295893796713468e+00
6.091564372164964603e+00,-5.384745963663966961e+00
-5.565827382420769354e+00,-1.861205586623355945e-01
-5.271861102798593102e+00,-1.542900983739286802e-01
1.131473850252762325e+01,-8.833544627311647801e+00
-5.664049933502724343e+00,-2.131267151261769521e-01
-5.374071620211813283e+00,-3.003675110357779676e-01
-6.293736626466307271e+00,-7.827601235140086988e-01
-4.672897707035447823e+00,1.535639567754319354e-02
-5.244645181880581042e+00,-1.287382271747034013e-01
-5.293828399463738954e+00,-4.305403165827584311e-01
-5.366401508326026359e+00,-1.569946021564850580e-01
-5.435210158733758234e+00,-2.127436890282060622e-01
1.171409765808204106e+01,-8.990162077260812623e+00
3.342480499400475313e+00,-1.042424188160965848e+01
-1.217758113660106645e+01,1.077793395683114719e+00
-1.709503105520288946e+00,1.477789450956800898e+01
-1.740076666508284742e+00,1.480052232878766993e+01
-1.479464948063633933e+00,1.463508465328444963e+01
-1.617872155454913141e+00,1.454765249436023211e+01
-9.250289745504467476e+00,-2.282664682431519321e+00
-1.357710366136910984e+01,-1.900436326891683292e+00
-8.207349751198782073e+00,-1.512597079584200532e+00
6.829335372151801309e+00,-2.925859836505583012e+00
3.828074815235816164e+00,2.687425422917311124e+00
6.411202207777539464e+00,7.893726856616921417e+00
7.162715240587815835e+00,1.247513887080398565e+00
1.259915944152527878e+01,9.227746723421681452e+00
1.189516758664396789e+01,1.285734612016122469e+01
1.073120206942909505e+01,1.086524992105459653e+01
1.139326689758870259e+01,4.987199229536276590e+00
7.258086134755106222e+00,9.727760642941817082e+00
1.219287063705019492e+01,9.705678253328120064e+00
-1.209855817108543441e+01,-6.815122082057482267e+00
-1.450459662071096467e+01,-6.443001705506492982e+00
-1.431106664752994284e+01,3.827803894846503407e+00
3.495475982915941415e+00,6.821994762860257744e+00
7.970131849883405062e-01,4.030539997016280296e+00
-1.257238823798490657e+01,-7.258341213255636859e+00
7.972987627382332576e+00,1.254358249829563654e+01
-1.319412380065603152e+01,3.021792410117975614e+00
1.227111318708928778e+01,7.164682342678181826e+00
1.051244551527233106e+01,6.465687400862480061e+00
-1.151961326625620607e+01,-1.033141263278717359e+00
6.284577818914468317e+00,1.151168650023649143e+01
-5.352695298544663416e+00,3.398928492110498301e+00
-2.252004040269391272e+00,1.399735122458599257e+01
-1.420746509359857468e+00,-1.143955328573198926e+01
-1.633983003630331332e+00,-1.125085004304922087e+01
-1.289904869895058592e+00,-1.209904003917280413e+01
-1.679647823579188293e+00,-1.119068521039670827e+01
-4.843877789265705225e+00,-1.860771231433461903e+00
-8.420247762627690591e+00,-5.713901213363532516e-01
-5.278703237025943906e+00,6.111532943538704465e+00
-1.408209629399265062e+01,3.936990302233322581e+00
-1.433552797694150982e+01,3.698957509756419793e+00
-1.482873443598115593e+01,3.814540926449141445e+00
-1.556575512274426742e+01,3.716625128689979185e+00
-1.484536034780038172e+01,3.783382190097488440e+00
-1.426302690702936360e+01,4.160031109280329709e+00
-1.449153749277029668e+01,3.529186827863502796e+00
-8.426659700731971014e+00,-1.193603212995930107e+01
-8.464973854075299897e+00,-1.202180371911215495e+01
-7.619070314083314699e+00,-1.529916834092276012e+01
-9.486296360414723239e+00,-9.881372911121523162e-01
-7.654720386319859848e+00,-1.328211093274329002e+01
-7.531783124535238905e+00,-1.435434847214484932e+01
-6.281189341187436881e+00,-1.475682914583459215e+01
-7.641484957442414405e+00,-1.360394101664053146e+01
5.587823151938679622e+00,9.317487446508300408e+00
4.193932818078858205e+00,3.787788426794980734e-01
-8.701114649296442849e+00,-1.254031883232501343e+01
1.162406981992690369e+01,6.605291603283333757e+00
-9.934478574778226045e-01,-6.967130087478873079e+00
-1.143467007620638398e+01,-1.027869185907848815e+00
-2.303720358172708149e+00,-1.276820934488313064e+01
4.335055979437780316e+00,1.422355585112007548e+00
-8.441049881984223902e+00,-1.195688619776131922e+01
7.760852108879372935e+00,-4.131836807787654386e+00
9.792729443665336930e+00,7.190256884421412309e+00
1.082772091525601255e+01,7.209487393583904336e+00
7.946231054493764212e+00,1.084071873742311709e+01
6.915731939554361496e+00,1.588085227474113292e+00
1.138486925725201182e+01,6.232032844761688395e+00
9.384902567035291465e-02,4.968481752063802048e+00
9.460766651214296274e+00,6.415211894096968237e+00
4.991164915326788076e+00,2.697540332759937431e+00
2.686699338388959912e+00,-1.035653916263284913e+01
7.127282448649805424e+00,1.406038808876948210e+01
6.246720751722863341e+00,-1.414860829607829551e+00
7.381864683375758851e+00,7.587591668112798615e+00
1.166831227343419286e+01,6.131065106851131041e+00
9.805268519174406450e+00,-8.667019594092186807e+00
1.152630552672561492e+01,-9.329956129871735726e+00
3.763077828994660923e+00,6.639198109891009558e+00
2.318163618612023136e+00,7.520774692534089034e+00
2.438842946996769179e+00,2.020119597056473371e+00
-1.539445619897282791e+00,-1.111540593933205301e+01
1.134447037482929765e+01,-9.227552397855454558e+00
1.085727083123253855e+01,9.015316293674695558e+00
5.837527607271701058e+00,-5.335595610418986112e+00
1.250768089537727512e+01,3.076074250215711903e+00
-1.385535995675546594e+01,-9.182732310301421563e+00
-1.337234335976368094e+01,-5.890587435124729154e+00
-1.358760406105449015e+01,-5.564626182573701563e+00
3.303583525923918796e+00,3.656477961057831294e+00
-9.117111233727575481e+00,-1.190053060274468333e+00
-1.109481517467371781e+01,-1.253867909794862179e+00
3.368528503602970847e+00,-1.053071828111860775e+01
-1.343249362377743594e+01,9.751823169366592436e-01
-1.358933189091754734e+01,-1.923767711686425352e+00
6.451220562359848643e+00,1.246699308785439664e+00
7.065635659157424975e+00,1.395724802307184120e+01
-4.062136948235165690e+00,-1.646824302615067737e+00
8.587364575731498695e-01,4.093330588623010691e+00
9.509649303614919447e+00,1.248977260544799073e+01
1.007202968373427332e+01,1.286447297831650971e+01
-1.433184451957777661e+01,4.328873660997317074e+00
1.285471990395845232e+01,7.436889237975111477e+00
9.978748426033913432e+00,5.874238687655549462e+00
3.853629395459631013e+00,4.452368740589202289e+00
7.435533089894421188e+00,8.454730059648225549e+00
-1.063738578569378035e+01,5.707389086703119618e-01
1.215134216656642963e+01,-8.086840190677349938e+00
-5.581397737050613372e+00,-3.939697543179685457e+00
1.276578180820932751e+01,3.699078331115651430e+00
1.536958834352675929e+01,6.571012142324049066e+00
-1.385873799973142972e+01,9.173157916379686583e+00
1.037120577021535439e+01,1.391130889185904174e+01
1.295114428689857711e+01,4.791673241323766597e+00
9.588067532629128920e+00,-1.302153484031398079e-01
8.434407338520760078e+00,6.431175917615769011e-01
1.228357670197373608e+01,1.287765236471843444e+01
7.647565643587932449e+00,-2.998576242679333426e+00
4.041789624394463765e+00,5.389978190581615536e+00
1.436487182074683844e+01,9.189910408909142348e+00
-7.550433512531186331e+00,-1.209376873201289015e+01
-7.674207386183974577e+00,-1.237608280372969105e+01
-1.565510630832170236e+00,1.456342841465803950e+01
-1.557885470220992108e+00,1.462900486111583653e+01
2.787800678190287762e+00,5.976618365645928854e+00
-1.584822213011353398e+00,1.456107249648975532e+01
7.902233781481612596e+00,-3.723568772527705129e+00
-1.755803069017510865e+01,-4.178981597794882707e-02
-2.910453639927275571e+00,8.887303084365834493e+00
1.141363599245473814e+01,-7.903487139508023063e+00
-8.193140478888684797e+00,-1.382879738402106007e+01
-7.480381600596894387e+00,-1.362959054782661106e+01
-2.467601521628826067e+00,-7.212686430820616224e+00
-7.332925847624942151e+00,-1.313389088896858503e+01
-6.248107452049472599e+00,-1.479922962546423015e+01
-7.325108751231065973e+00,-1.373584748728251270e+01
-9.391816228468927719e+00,-1.459235180076598137e+00
-6.363102296338034591e+00,-1.480068490984373675e+01
-7.429277756001741118e+00,-1.413838695382274757e+01
-2.103869010652470894e+00,-1.273782243396681935e+01
1.140704727836305921e+01,-8.974076169718824048e+00
-2.301335688278444813e+00,1.398531432883713066e+01
-5.315194341396380473e+00,2.972309881593832248e+00
-1.329196816112818702e+01,2.252552250499760156e+00
1.081001255748661194e+01,4.563463175009665029e+00
7.343713428021830580e+00,9.690456230732968024e+00
6.508850878181807076e+00,7.934553899119739739e+00
3.097148844201920603e+00,4.548372642338700089e+00
6.539712408097212659e+00,-5.842582183400301332e+00
1.458960205189149661e+01,1.196439677819953573e+01
-1.149075941586751881e+01,-6.566700936695676560e+00
5.934526880446133745e+00,1.212101321623971906e+01
1.191352242306553677e+01,1.199574128264775474e+01
1.009656500616292440e+01,4.031624666346421471e+00
3.763263340121990375e+00,4.295157114475369742e-01
-1.976357941571192267e+00,1.406303115561976824e+01
6.624066352050387962e+00,-2.919341148885086668e+00
6.879960054449255402e+00,-4.937838868781553536e+00
4.985366307711925238e+00,-7.447708939859268851e-01
2.362119118625965353e+00,4.050425363165840231e+00
1.629666495199567322e+01,6.972545748621483241e+00
2.562692739856987867e+00,3.830502233406439805e-01
1.297135129067044446e+01,9.185989126691929130e+00
6.896397392532940263e-01,3.430173983332159615e+00
1.060456634288174627e+01,1.025614330000263230e+01
1.474685258954412603e+01,8.525166220188152622e+00
-2.898766525519096415e+00,-2.649437848509293758e+00
-9.232097773390723461e+00,-2.464575086996693365e+00
6.938235672264572607e+00,2.827674646002524828e+00
8.784806353299162041e+00,1.227151991435438916e+01
1.140206523773699487e+01,-9.078589179183577329e+00
-1.321058246927930568e+01,-7.931522213910562336e+00
8.692761409260157279e+00,2.198673167227400693e+00
6.208319970024883006e+00,4.121390743254116917e-01
3.837358731059269612e+00,9.627015432685622542e+00
2.774951651417291387e+00,3.996749130600469324e-01
-1.202629003338300961e+01,-6.090343215713041047e+00
8.659053573707081952e+00,-3.288259051375812980e+00
-9.642317517581096453e+00,3.828750811984559022e+00
-7.398109861266561005e+00,-1.238534512109396779e+01
4.154913813481226903e+00,-1.162783586921490642e+00
-5.048956438954061987e+00,5.683766219639077022e-01
-6.639277431123169926e+00,-5.694339719815628698e+00
6.888034405563062457e+00,1.071077928312733896e+01
1.276529368287480359e+01,7.844329968951583965e+00
1.208428119182200611e+01,4.776841421377175934e+00
5.630988962919569296e+00,5.069927645537444683e+00
5.862699587389268885e+00,-5.238815644665677951e+00
5.876147551445479067e+00,-5.398615647006934637e+00
5.628418658697844634e+00,1.066753052549130221e+00
1.124898690233217025e+01,1.340638504979662571e+01
1.162956604952220907e+01,4.726378474101802674e+00
3.396256470457111210e+00,2.040580085578725278e+00
1.380191415690580392e+01,1.234480436024804106e+01
6.159781987442004336e+00,9.038128115430543730e-01
1.183076058773354156e+01,1.226112845865845458e+01
1.273744124823729784e+01,1.381779442306171646e+01
6.300521845251130237e+00,1.547843990105257195e+00
-9.172343813528758716e+00,-1.952616206886230721e+00
-6.310713660332594621e+00,-5.490401754456248895e+00
1.528590908448138919e+01,7.930218375266956166e+00
1.177401708940614355e+01,4.597751328207446697e+00
1.174987096460923119e+01,9.159135604921349483e+00
9.001130155583805248e+00,1.298081740001655682e+01
5.998617968832584246e+00,2.394214266167229432e+00
4.262392827834445619e+00,3.925324139027327242e+00
1.468276413607333852e+00,5.801713303492896934e+00
1.016816150792327811e+01,9.744121303857314231e+00
1.484958456562324969e+01,5.867144914101931619e+00
2.765855636834796627e+00,3.976389977751753513e+00
8.801107484268909431e+00,1.406092762388714057e+01
-1.402934072931953757e+01,-8.774085171877741729e+00
-1.330285326592850481e+01,1.267150976547990471e+00
8.024863438343036393e+00,1.633586365459833933e+00
-1.220613817081286356e+01,-8.394921890963660260e+00
8.856633112178890599e+00,1.169549421826712532e+01
-1.372176103167140049e+01,-7.091200367106828217e+00
1.299061463801498206e+01,1.215243552206842459e+01
-1.466896574706243150e+01,-6.211578865683963002e+00
-8.554739263773688762e+00,-3.318810495610973743e-01
1.358902227326460377e+01,1.351210161114744857e+01
9.136079369353952373e+00,1.260714074734898915e+01
4.818598149174041723e+00,3.812575465018768206e+00
1.293407565782077917e+01,1.027933904737230542e+01
1.632509723979219984e+01,8.930350129357176314e+00
1.234954221967290344e+01,2.965745060972514668e+00
7.134497639633116783e+00,-1.187115845053743346e+00
8.874529771424191082e+00,-3.127337606984157414e-01
1.084269547000287659e+01,5.336304737981716784e+00
8.058766415870060484e+00,-5.228386497999716331e-01
-1.570345942417205798e+01,1.494145785153612405e+00
-5.136249709656320661e+00,4.415584751588886192e+00
-2.178174791200085725e+00,-1.252551118231627036e+01
-5.227442447744756748e+00,6.369654380760350953e+00
-9.767347831443460748e+00,-1.219864520853236822e+00
-1.355484684476855328e+01,1.586819355408913612e+00
4.868596783773165626e+00,4.002136965248688227e+00
6.106977752938737680e+00,5.781135799684223864e-01
3.707805356471824521e+00,3.409428393762029330e+00
6.003683582996306889e+00,-4.725268872336605419e+00
1.307567758871463504e+01,1.297337758723663370e+01
-1.407100151530286780e+01,9.282918711828168412e+00
8.819282136348817858e+00,6.412225797671057492e+00
3.869947745254036509e+00,6.066010987955869460e+00
6.751393334988679662e+00,8.074729604616699419e+00
-1.502609307520224569e+01,2.355380256305874553e+00
-6.227686923282856668e+00,5.412137169176959084e+00
-6.113274750611580544e+00,3.905938402516196284e+00
-3.070603638509551647e+00,-2.839974808410782980e+00
-8.281063527436430149e+00,-2.173178965943759755e-01
-1.659871058700774071e+01,-2.247989327858926689e+00
-1.676067766174118034e+01,-2.386392987304989166e+00
-1.663835286527655910e+01,-2.306124043875902530e+00
-1.660887379684860932e+01,-2.291160179514978079e+00
-1.025247556438954044e+00,-1.290544128403456980e+01
-5.605573734775860295e+00,-4.126206035703390285e+00
1.520255814502436920e+01,7.889085682518798492e+00
-1.286155907504379314e+01,6.867499392887244092e-01
3.522050395932892819e+00,2.611964270802060728e+00
1.293533730890946387e+01,8.858805346500616906e+00
1.353286882220078446e+01,1.044223798448940066e+01
1.158173908502918259e+01,4.958055539252398169e+00
9.420119539933558883e+00,8.005742807758100099e+00
2.761027009744342564e+00,5.797691072012518099e+00
7.104708988074320608e+00,2.636511189079119521e+00
-4.753322457589058692e-01,5.084353575721762830e+00
-6.833529298207343672e+00,-1.935008974054517106e+00
-6.375673591925719919e+00,-1.479154216041487580e+01
8.367389544443863514e+00,1.308012169394343616e+01
1.167188186757854851e+01,5.025063956903746742e+00
2.188166945354302673e+00,6.242374558613556168e+00
-1.379614775694804507e+01,9.117281939985019790e+00
2.807498520258824293e+00,3.244678149473296802e+00
5.974226883221449569e+00,-1.664273635307254473e+00
6.235419955071943576e+00,1.326859995182148566e+01
-1.091986057146863587e+01,-7.821144477897501446e+00
1.167656356682317487e+01,4.868444442547462891e+00
1.118267816897286338e+01,1.094853721558999382e+01
-6.272012665195114245e+00,-5.131464962193735602e+00
-8.830329659615438587e+00,-4.422776335682634952e-01
-9.182184197734333253e+00,5.077068583095031284e-01
-8.729924911846721258e+00,-9.923584938110868725e-02
-8.157822988875846448e+00,1.615530874065964489e-02
1.112234925039444100e+01,1.078525743772663503e+01
-1.748077598276213607e+01,-6.560638438415410112e-02
8.530580507752878461e+00,6.275761995862446874e+00
1.006179658724378179e+01,1.139172508390117144e+01
3.786851348908630399e+00,6.784200019768599432e+00
3.869912595757211360e+00,6.414516948083418768e+00
-1.347867794380989181e+01,2.526084109528182964e+00
1.043450663779757193e+01,1.196234523944561623e+01
1.147048960518107563e+01,1.329931610458816138e+01
7.104733103303977337e+00,-4.543496213295137309e+00
7.335873614411328347e+00,2.582828103245879525e+00
4.076957702834033803e+00,2.279485467519779984e+00
6.608231942280005100e+00,1.076565919648527014e+01
-1.308643361344173606e+01,-8.850244646869404264e+00
8.051314354398309447e+00,1.409363330111152557e+01
9.976989856943914159e-01,5.732477087820778472e+00
9.830921082467360961e+00,1.099576985644757166e+01
-7.340308858970844952e+00,-1.293576937973239716e+01
8.320160998758204585e+00,8.986945465939124134e+00
1.131634151808375677e+01,4.648918827749247029e+00
9.009823350317558877e+00,1.365863541010769033e+01
1.016059487560193020e+01,5.549001056687388633e+00
5.810880862589389295e+00,1.320145831202518494e+01
6.613917089594011145e+00,1.001399358709027521e+00
-1.237258173511171933e+01,-8.874361549053798370e+00
4.929615090507375896e+00,5.853220832238157811e+00
1.162239822452509586e+01,7.319025704135222909e+00
5.056509004084191794e+00,1.700908100337023887e+00
6.016663580603093031e+00,-4.982110560102217534e-01
1.040958708391881338e+01,6.240176386353533111e+00
-5.563312132403130050e+00,-4.009581901860888031e+00
7.987894262455902172e+00,1.353760192827001063e+01
-7.425822415100471474e+00,-1.229041100710999501e+01
-7.210516721949826291e+00,-1.261240451084040259e+01
3.454988653443268998e+00,4.061636831646672441e+00
1.676369266179314721e+01,8.212006957037830901e+00
6.353304142930680243e+00,-4.765226380020196828e+00
4.293900587414888115e+00,2.250414803107641415e+00
5.687598335405836814e+00,-1.710843431825806116e+00
1.105223330316916908e+01,7.628774517347209461e+00
1.335537884711537160e+01,9.768135966651053437e+00
1.203273623354507293e+01,8.417570514014974137e+00
5.980814792294817828e+00,-2.431737490957686099e+00
7.393430193211059098e+00,1.251496011927225371e+00
1.655781911812399976e+00,5.162164655555384840e+00
-1.470539988812767618e+01,-8.074091379061648865e+00
3.032182036124295710e+00,8.032359762499394762e+00
5.922563406844922440e+00,-5.559743948340074127e+00
5.583620357093579400e+00,2.444954028103754506e+00
1.070689130034166858e+01,8.948574813692683705e+00
8.299778903773368910e+00,-2.223333625623984400e-01
1.648734170395520238e+01,8.518733882229541976e+00
1.164082581251425985e+01,6.630011582942156423e+00
8.460948516057003488e+00,1.326846866942459435e+01
-2.815372810389880076e+00,8.828966280567790648e+00
-5.529615206224785418e+00,4.637378846172432567e+00
-1.384023541088876996e+01,9.152999773765444047e+00
-1.357450816299268936e+01,-1.897853707655155597e+00
1.426265044698108397e+01,3.000411846582149433e+00
-1.757772857500738084e+01,-3.753832792477979075e-02
8.150145367998756996e+00,-2.047959331188134779e+00
-1.389297710437168654e+01,1.784430012610960681e+00
-1.352395046002998136e+01,2.627092189439488301e+00
1.354780791677498186e+01,1.990693002615018914e+00
1.296343976370827100e+01,9.151068993449766875e-01
1.315991538771106484e+01,7.517014519083450308e-01
-8.323623092837163284e+00,-5.687846937841103401e-01
-6.121198629027826410e-01,-7.453073563320568695e+00
-8.715350351706023346e+00,3.276038620197949225e+00
-8.723478128497468731e+00,-1.242119133819396914e+01
-8.358681865898104135e+00,-1.197340935935403472e+01
-8.470836277433051009e+00,-1.195354467740231996e+01
6.860697010457062817e+00,9.744735690152666052e+00
-9.027833095891681481e+00,-9.097447115302779164e-01
1.124962444220019364e+01,-8.761027944063142670e+00
1.001606427855404036e+01,6.652879430692806295e+00
5.633906010134293929e+00,-2.379399136060018072e-01
1.617431468393249805e+00,-6.268841815223628267e+00
-8.096781025740000359e+00,-2.794761772051036708e+00
-1.425673593502273295e+00,-7.230083636491044352e+00
-1.388775196412312241e+01,9.186334351393096398e+00
-5.151244493608559516e+00,6.327548348822153557e+00
-1.372495472649209702e+01,-8.726043535707260546e+00
-2.824774264821721559e+00,8.841774817942177123e+00
-9.639586561835386647e+00,3.852050175986144520e+00
-1.208069598820382495e+01,-6.007379431050243745e+00
-1.506613995894840130e+01,-6.918863796870040161e+00
-1.069259532411301983e+01,-7.831875435739331870e+00
-1.455458988569329826e+01,-6.943212817094048361e+00
-1.459175306506643643e+01,-7.329122103461168436e+00
7.721398185397822189e+00,7.524360422977569129e+00
2.455675637433733627e+00,8.402493801487836977e-01
-1.442810637675829000e+01,-7.220996486180397689e+00
5.991465167239251599e+00,7.826184786726421372e+00
8.599420213175305250e+00,7.464836281442341459e+00
8.340530960867072352e+00,1.064847155354583919e+01
-1.549082326383816266e+01,3.762633596555915005e+00
-1.259639130458293899e+01,3.802416784683514628e+00
-8.802978006516347875e+00,5.799992950270959291e+00
-1.118022330128432529e+01,1.780814334765762119e+00
-1.118662600863597412e+01,1.867972803734277987e+00
-5.636369048471634002e+00,-3.916554402304439186e+00
-5.566481306486350533e+00,-3.984865095785540490e+00
-8.723280981431788206e+00,3.270767110210200279e+00
-1.305170963699411146e+01,1.511814819759791151e+00
1.018982950017848133e+01,9.722202140831109674e+00
1.189321627269293735e+01,1.121458004677968567e+01
-1.383985913064429063e+01,-6.839165411441356035e+00
1.337192653774759599e+00,2.116772901305055132e+00
8.209737566997961977e+00,1.043930822260590574e+01
3.684853166211177200e+00,7.240839394526455308e+00
7.425439103673197927e+00,9.590030900751482790e+00
1.110008087423092071e+01,2.216300190169469886e+00
1.109827771130425944e+01,2.602225252382238008e+00
7.813583874593383882e+00,-3.188951209697478140e-01
5.185137980654613621e+00,-1.003837992861066564e+00
1.386895061767108217e+01,1.205969249738117632e+01
3.764953718761437695e+00,3.302732959845339433e+00
1.037950499609908306e+01,6.628560099282832851e+00
1.055834935416331177e+01,1.070646527802102455e+01
7.974525814670674784e+00,-1.011004217226932483e-01
7.767537593346856006e+00,1.102656648949264628e+01
6.177507631642704666e+00,2.685687860854685916e+00
6.985870662650575547e+00,1.143421878781311030e+01
1.146010273456171902e+01,9.266297613247601817e+00
4.737149005887046016e+00,3.277417507221428661e+00
5.007731023942938897e+00,1.698797433862802464e+00
-5.418601687041493697e+00,3.919813973105014338e+00
1.384071771088422231e+01,1.340905731302249215e+01
-6.915976719695688502e+00,-2.906632304172543702e+00
5.455540602351065083e+00,1.756740483278648624e+00
9.998026008150656452e+00,6.253425604050842246e+00
1.244838163653663266e+01,1.161487666412949160e+01
2.763960169406691758e-01,4.050812656081607344e+00
-2.323947381926321498e-01,4.840419210319558019e+00
6.667418666596174326e+00,8.242188483121326570e+00
1.309448341772620417e+01,1.041403772778404502e+01
6.568723910655348774e+00,-4.491479599290888025e+00
1.131343095014482536e+01,1.301716843608171814e+01
4.227029950558346627e+00,4.885746031331494876e+00
1.416588039766060803e+01,3.049392612867686925e+00
-1.374251744237286843e+01,1.315785804298861050e+00
-1.378678106220307775e+01,9.123158428012548171e+00
-3.084037398024316978e+00,-1.523334629340725499e+00
-9.489253429992736244e+00,5.210246095512932385e+00
-5.278376743523424786e+00,4.048829577623346943e+00
-6.975870022718183350e+00,-1.373892591412800357e+01
-1.379507334939952301e+01,9.114114033482236366e+00
-5.554498330906964654e+00,-4.009281975577999368e+00
9.371158470218540204e-01,3.580837679629697234e+00
6.186596181991220078e+00,-1.351700984072860479e+01
6.100644424104904040e+00,-1.345859292549176622e+01
-1.330583616912708322e+01,8.804174640960225062e+00
-1.390290328534888253e+01,9.190120055787357245e+00
-8.729853589712439188e+00,5.892724205149096228e+00
-6.196360886551055103e+00,5.482432844277663087e+00
-2.854142949591781164e+00,-5.027374789253314269e+00
3.492417068240719846e+00,-6.130311473520649201e+00
1.283523267319099226e+01,1.293627938883226491e+01
-7.846255826846693537e+00,1.072926999895160938e+00
-1.306207266457328942e+01,1.334955613828450627e+00
-5.306586784791035072e+00,6.244338071986181404e+00
-6.237493006618771041e+00,5.347711898715863832e+00
-9.296793073128139184e+00,1.301456271303879575e+01
-9.086054825703628879e+00,1.169132564024312337e+01
-9.269379075836566173e+00,1.289564816781909329e+01
-9.071888768412415871e+00,1.178443927702805638e+01
-9.249082282779543807e-01,-1.274993641500251407e+01
-7.499141614250178556e+00,-1.245746182284788084e+01
-7.426726399157725922e+00,-1.241948817828962248e+01
-7.489046610836358475e+00,-1.262776819709301535e+01
-7.286496338576661458e+00,-1.319102368573037154e+01
-7.166133094629649314e+00,-1.300496262878137443e+01
-7.471726504886907705e+00,-1.263687316867904542e+01
-7.288492050195288563e+00,-1.275862951321698269e+01
-7.468343380968633483e+00,-1.264828370336279484e+01
-1.322534563821224296e+01,2.130335843591526057e+00
-8.584199509834614661e-01,-1.269235543467284799e+01
2.173405454462993269e+00,-1.075625320587097633e+01
-1.006887692221943809e+01,4.536968256838121993e-01
-1.377232867403825800e+01,9.106062787792485125e+00
-7.203470985374792690e+00,-1.117338498203195307e+01
-1.022589529297367150e+01,2.457491901277286672e+00
-2.722238969389780827e+00,-2.165901947056198540e-01
-9.036549231451324715e+00,5.148413704769228438e+00
-1.361182643609271103e+01,3.611601308017610146e-01
1.243352252130077318e+01,1.089963927211804240e+01
-1.383943116929884987e+01,-6.968733647819735033e+00
-1.300100231046714150e+01,-7.329750859061998192e+00
9.399066154469934986e+00,1.285922771731938496e+01
1.260430001251501286e+00,3.229291719770019942e+00
1.112435137717024780e+01,1.391997521456304554e+01
6.063347950000233411e+00,3.329746707282381646e+00
-1.261372626481400872e+01,-6.049836316815895287e+00
-7.477301819268056704e+00,-7.788770133834250764e+00
-2.815929343844302934e+00,8.852456264967903721e+00
-5.243004091102680064e+00,3.975330501020381213e+00
-1.073037342691952389e+00,-3.158931035639040097e+00
-9.028848627025299223e+00,5.260841741970571306e+00
-7.597470789848538075e+00,1.628022150587591144e+00
1.160587567844602752e+01,-9.355553536478630861e+00
2.900646233188908685e+00,-4.249056361256094982e-01
-6.493205578161388436e-01,4.544917524547300580e+00
-1.301883601576214211e+01,-8.222174920225381101e+00
6.617343438442636838e+00,-4.142222742726016094e+00
1.092936814451465644e+01,-8.474088063723197450e+00
1.122287328384042304e+01,1.000474700928093164e+01
-1.344375029668234589e+01,-6.574277272146814788e+00
-1.368260438490044173e+01,-6.788430652475132554e+00
-1.312780893023085937e+01,-7.420477219499279187e+00
1.213730828927201344e+01,8.233749516977498573e+00
1.383334537377853835e+01,7.214287853134041306e+00
2.785303190184445832e+00,5.893578312163506361e+00
8.782370825844306728e-01,2.714630951372074552e+00
9.664264705206788264e+00,6.811589859737676278e+00
1.542614143154023232e+01,7.666084464849888924e+00
1.117200265443626073e+01,8.005991570314634487e+00
2.017562375193791890e+00,4.971684323453008147e+00
1.071664179892932545e+01,5.888410550001330179e+00
9.991533121330997247e+00,9.051099511840149603e+00
1.101026296966684370e+01,8.651781361610206389e+00
-5.571019906657557641e+00,-4.006747118744203640e+00
-1.297910995843897908e+01,-8.037000451206253615e+00
1.815788597503470880e+00,9.322275294884255104e+00
1.514507913498763791e+01,6.770662709600837381e+00
1.348703943111497239e+01,4.264006705217969539e+00
6.445182211007916884e+00,7.410925715471583519e-01
1.037501129378109077e+01,9.122422180254215363e+00
6.409274084571460861e+00,7.740971693836835144e+00
6.548711047385323170e+00,-5.720341361802560698e+00
1.164650439052399022e+01,1.164600471377660540e+01
8.447309397884374960e+00,-3.425936279361297743e+00
-1.358663052167336360e+01,-1.915539971402733688e+00
8.641414580293801606e+00,1.237940764915142822e+01
-1.754519016482272065e+01,-4.063006090452776081e-02
-1.420907948986371316e+01,-8.759201811003057614e+00
-1.347917276022466915e+01,-8.408303453791456050e+00
-1.460550916878819017e+01,-7.553128038446518033e+00
8.576045411887813330e+00,1.205014100911919606e+01
-1.399883278027363964e+01,-7.888741072893129314e+00
1.296943938860179379e+01,1.031410749428609464e+01
1.180920495199457321e+01,5.316833065708583383e+00
1.122435387642281590e+01,8.441902790549411506e+00
1.212704332247063199e+01,1.417050497226831496e+01
-1.409946579287381319e+01,-8.765865382395160665e+00
1.652147695181308151e+01,7.086765125471704785e+00
7.404396738665226962e+00,8.610258844719313132e+00
8.100701890313134257e+00,-1.475697729050693852e+00
1.642299795079802749e+01,6.887260483551385981e+00
1.099630520280610035e+01,8.316182747795490826e+00
1.343714070389979476e+00,2.587618576081406996e+00
-7.697014183960122047e+00,1.511679153750593585e+00
-5.235589122480411639e+00,4.102128311713465258e+00
-1.454681488165443426e+01,1.850757440806886533e+00
-1.379206826658311691e+01,9.121319410679824102e+00
1.605577296707324209e+01,6.259650105109259677e+00
9.718030959768576338e+00,5.277478359570072719e+00
-1.587029235850890174e+01,-1.185499868273162782e+01
-1.527066507584472710e+01,-1.119609114933407135e+01
-1.379440752991996355e+01,9.126050609237163158e+00
-2.905911511447929474e+00,8.886964282510360746e+00
-9.948446860305981687e+00,2.233122726882368347e+00
-2.737412978564089272e+00,-7.137673731090876217e+00
-6.336017244217182487e+00,6.054086299000918103e+00
-2.904325394366149560e+00,8.877874164833793103e+00
1.115535477455499880e+01,4.150895487262595829e+00
2.594933276829934687e+00,1.196943240413214227e+01
-1.347253549819252383e+00,1.468873484447996347e+01
-1.477409118319850556e+00,1.464884913412674372e+01
-5.490204173875051552e+00,1.769754872153315617e+01
-1.582212701280915956e+00,1.450662560748932606e+01
-1.469112706639094101e+00,1.469345276935536582e+01
-1.567705555872050516e+00,1.459922760325423319e+01
-1.127962880443797644e+01,9.911850914227735565e-01
-6.231616088013848476e+00,-5.476527274527807521e+00
-5.942450937394656130e+00,4.299311347124437077e+00
-1.341242196399853981e+00,-7.178312774162077581e+00
-9.899256329610649274e+00,2.122610427178905024e+00
-1.404530388748206349e+00,-1.154553519037435017e+01
-1.746028014702652564e+00,-1.223203904058683378e+01
-7.439366586072912568e+00,-1.231241359312491923e+01
-7.443443730327821584e+00,-1.243090997439464118e+01
-1.652304336191117073e+01,-2.137475355438472668e+00
5.019531246807030556e+00,-2.311864299421003910e+00
-8.757418904943414795e-01,-1.266580545912055022e+01
-8.655837656734790553e-01,-1.258539813156735399e+01
-9.068334773052162401e-01,-1.273878657026660122e+01
-9.530033618800262118e-01,-1.266943225382933491e+01
-1.777274467862138163e+00,-1.193031810731439712e+01
-1.618756701558760946e+00,-1.211562924560483978e+01
-1.343069506768624688e+00,-1.158175428576419996e+01
-1.635781113443185886e+00,-1.223253118815940610e+01
-1.949865820986307341e+00,1.447770207540039600e+01
-7.724630282584117325e+00,-7.405566784101122124e+00
-1.351658941307436024e+01,3.899943594062409868e+00
-9.145777732896224421e+00,1.095922279329442528e+00
-1.570072037526518827e+01,-1.255050875005195188e+01
-1.569038906175554793e+01,-1.238890813506303346e+01
-1.569680966845794678e+01,-1.237806472220318099e+01
-1.569836281631864594e+01,-1.273656491230824983e+01
-1.569069373986681448e+01,-1.259974094325574434e+01
-1.565486573134090342e+01,-1.262126171551502196e+01
-1.567633057660203200e+01,-1.240562852170147146e+01
-1.560422547045719988e+01,-1.282529932123302530e+01
-1.568624476243195254e+01,-1.266732616804385714e+01
-7.468315746122204501e+00,4.806214567232885287e-02
-1.333125162815889198e+01,2.387271971118010150e+00
-9.647473117673014187e+00,-2.516270681899475670e-01
-1.476156256961988333e+01,3.782982615899517675e+00
-1.387179830617668053e+01,9.170659194973058703e+00
1.124933954050597507e+01,-8.773309591441975641e+00
-5.214502704367871111e+00,6.244170025381026612e+00
-2.163262387234610173e+00,-1.224530750714258609e+01
8.720674063378179852e+00,7.526505192563830882e+00
9.493522150312170282e+00,8.026488200969620124e+00
7.669201867132190209e+00,1.226783809780936529e+01
-3.102254980694428177e+00,-1.521839013196661039e+00
4.816002321771416739e+00,-1.064532825509118208e+00
6.930152936828055665e+00,-4.668377228601145568e+00
4.768326884049091774e+00,8.623063765641669765e-01
1.205982800946852507e+01,6.299092139833094350e+00
1.447399196726265913e+01,6.727205073717323458e+00
1.162216702465308416e+01,4.956852770926864160e+00
-1.327438660297834261e+01,-8.004925844191427942e+00
5.604701573469626830e+00,-1.227567090596341781e-01
2.535049841405513371e-01,4.917603421282957576e+00
8.136234303056697481e-01,4.035881175689858935e+00
7.782880056299853244e+00,1.398194520139241526e+01
9.593216841660012761e+00,1.269425083969968959e+01
1.307614346626574164e+00,2.300980328227413718e+00
-1.490486639427077975e+01,-7.084659293434143912e+00
-1.472442032409996671e+01,-6.504813235744117961e+00
-1.417376355517319197e+01,-7.377044986914536473e+00
8.183846595836149262e+00,1.329296216532820019e+01
1.241022834871306735e+01,1.058224060624126750e+01
1.125051807619534117e+01,-8.845650078842497877e+00
-7.569716447381845015e+00,-1.829341805249990793e+00
-7.163408414726527340e+00,2.044313859792350474e+00
-5.719550606271365467e+00,-3.767845192219531736e+00
-1.263293539422260636e+01,-8.662830570142318720e+00
1.522701745713622046e+00,6.653611156347879474e-01
1.489406372930066524e+01,1.028275608967832966e+01
7.624488217304669746e+00,8.197463921626649608e+00
6.349634040497695864e+00,-3.769364413178766249e-01
6.462848254176832619e+00,-2.231775048221908975e+00
1.417140110742223058e+01,5.136629945056657931e+00
1.085076139696142583e+01,8.983248180591928644e+00
1.205650623256111231e+01,8.837960208066307999e+00
1.183208894935917321e+01,7.035646566757875142e+00
-8.241397617331804426e+00,-6.320611985510637965e-01
8.930674148319710071e+00,1.115833027612480421e+01
-5.647767142667173168e+00,-3.824293710855244388e+00
-1.113729983419275626e+01,2.892181868722846216e-01
5.592126963026965214e+00,-1.301763266358330284e+01
9.030899116189573306e+00,1.274136793180586835e+01
5.846300283412831256e+00,-5.282189971419086305e+00
6.840045803675970149e+00,1.289811345136286214e+01
8.451087813242958546e+00,1.135383467456978768e-01
9.051328983057247868e+00,1.147146648938858426e+01
5.263466264702675979e+00,2.391763848263523506e+00
9.363778935951547311e+00,-4.792313846699583491e-01
1.447984200997335336e+01,5.218191667578753190e+00
8.195462028874914040e+00,1.389643255257147914e+01
6.020376607956555048e+00,5.352129537560945671e-01
-8.473459446258752692e+00,9.141186251603539148e-03
-7.898884833930120308e+00,1.099817100966928152e+01
-1.382754445228986029e+01,9.144121228472924301e+00
-8.223878586897340526e+00,-5.075183822514063303e-01
1.209944564551704005e+01,8.370382389459836148e+00
1.090361976685809609e+01,1.138644791865529804e+01
-5.037488309964215816e+00,6.562988666150479933e-01
-7.025660040776939397e+00,-2.470114011982998292e+00
-1.317607651388349765e+01,1.849470329440022986e+00
-1.593756218582510442e+01,-1.204081575720278607e+01
-1.584083612368916150e+01,-1.296627006169390484e+01
-1.584447439755916776e+01,-1.176858664099512986e+01
-1.159189333781242404e+01,6.380250706877400590e-01
-9.348349805776761556e+00,-4.559844558428248762e-01
-1.662434358572623694e+01,-2.296492216121283292e+00
-7.413631709113055024e+00,-1.234485787667310497e+01
1.023353959070674968e+01,1.341137072325693858e+01
2.244722190818001728e+00,-4.079924697606604589e+00
2.670609537853892324e+00,-4.236931159616490028e+00
2.244976444142438243e+00,-3.749362297047736714e+00
2.782768303926884013e+00,-4.154939129559716449e+00
2.347078524608833039e+00,-4.027191760352875072e+00
1.243335174687030031e+00,8.471184780644559709e+00
2.095927820836034794e+00,-3.918541406119655957e+00
2.324043249735708638e+00,-4.057379735831600165e+00
-6.455350858113481749e+00,5.494507647687256302e+00
-8.019081475788157221e+00,-2.887416029988324251e+00
-1.497502087574102747e+00,-7.260493004303415709e+00
-1.752285854906816098e+01,-2.867275149771689527e-02
-5.403245859901910642e-01,-7.671387306052241506e+00
-1.143970843228916401e+00,-7.426276401143036665e+00
-7.630644999384684546e+00,1.527929833700798490e+00
-2.750486051904182272e+00,-2.351466352536841775e-01
-7.389424528687991156e+00,-7.874566240805540573e+00
-7.424642042229834260e+00,-7.828215681305688456e+00
-7.407404483920276839e+00,-7.855446394319776537e+00
-7.875238796734101321e+00,1.087951355160504008e+00
-2.827909517429429531e+00,8.834728937628474554e+00
-5.155752068272803079e+00,6.326572346783395417e+00
-6.992562277399805737e+00,-4.858057871587794452e+00
-2.925378947269626106e+00,8.872961363125849488e+00
-5.050247062627227557e+00,5.698239843593576381e+00
-8.447166206393697863e+00,-1.078922772415666032e+00
-8.546124563786719364e+00,-8.220913415529527979e-02
5.029152582952262307e+00,-1.873925646445234960e+00
1.077072680995717180e+00,5.901986904745473161e+00
-1.207726965971280642e+01,-5.489788499725722914e+00
-1.308379678007090341e+01,-5.065832617194494070e+00
1.273157787649075523e+01,5.934207784756497794e+00
5.832204793578455337e+00,-5.101928722912906444e+00
1.625177811099847958e+01,8.772913030876486218e+00
1.647716292179294229e+01,7.080346093210159175e+00
1.349682801771707119e+01,8.620354787821943532e+00
-1.449427849448101746e+01,-7.452025792247384928e+00
5.212604156500439956e+00,2.547816977817539463e+00
-1.351983999488078858e+01,-6.633361133266948428e+00
6.706385592784601890e+00,-4.846351918226228683e+00
1.555598251572468449e+00,4.706808596948459655e-01
7.455238223646685647e+00,-6.935394634647792378e-01
5.840634695214228067e+00,5.062947273481252175e+00
9.557049775823323046e+00,9.458834281966135293e+00
-1.085856733707945665e+01,-8.042198095252620860e+00
1.425767717858144579e+01,9.643325820706554197e+00
2.163956942656187987e+00,2.956935457139033385e+00
1.212207413375022824e+01,8.564292478528706454e+00
1.422885898869399846e+01,9.794581336106565672e+00
-5.571681952536361671e+00,-4.024472269554846271e+00
3.570210285585971643e+00,3.331508726955968225e+00
4.713742363642313471e+00,-2.688662243415167463e-01
1.391806245912201412e+01,9.211347486786081618e+00
1.242854217673682271e+01,7.394721105684208595e+00
9.438156400923178424e+00,8.138211497114198778e+00
3.060661594123095686e+00,3.140187144015706533e+00
3.484961670406690359e+00,6.862394714221362158e+00
7.356029122390872921e+00,9.000740361788601263e+00
1.191564450876343351e+01,1.334118813871629960e+01
2.104858578844241990e+00,6.163473053964429127e+00
-1.416655754407498335e+01,3.390944665870868402e+00
-6.823755656237892708e+00,-9.078972558164083440e-01
-4.892896523038364087e+00,-4.142169735504326877e-01
-6.881584056710938313e+00,-1.071044403730739836e+00
-6.388184144349853710e+00,-1.024818459638687118e+00
-6.428243612131542939e+00,-9.664458347349472733e-01
-6.797191847615979832e+00,-9.146235064845592566e-01
-6.685277136535896503e+00,-8.230200303061384615e-01
-1.391898840678319083e+01,7.652889325414269361e-01
-7.610014366613479631e+00,1.827221721505016605e+00
9.972141690390568414e+00,1.247441548496762920e+01
4.437921919753167188e+00,-4.182530227407980083e-01
5.253338740234939630e-01,3.466152815145810973e+00
9.275217389202047968e+00,1.220201829524716786e+01
9.116616722621907698e+00,6.840700996247294441e+00
5.083215032738493733e+00,3.811126489913839954e+00
8.618928539579489012e-01,5.827820844620293927e-01
1.173287020938192704e+01,1.337822922535693415e+01
9.918808351509424526e+00,1.160047918059064820e+01
2.061577587531087996e+00,2.977219122417131381e+00
-5.237948087405893460e+00,4.096925674863338251e+00
7.720560136624356140e+00,7.410565137832328730e+00
-2.298424237283195115e+00,-1.231633796886357857e+01
1.282293615026778855e-01,4.439349444897531249e+00
-2.409204630087312893e+00,-7.204308415808135635e+00
3.768560626048157669e+00,4.695769022171304208e+00
5.336203505376033718e+00,-1.867772551227917743e+00
-1.124930846470806145e+01,4.355623862341637675e-01
8.732786287043186046e-01,1.678180863706644210e+00
1.650581816369971477e+01,1.108034192213651359e+01
5.438453020971445895e+00,1.093386983909645238e+01
7.827167857028043407e-01,3.918282438316408989e+00
-1.422960193708207655e+01,-8.150402417063249416e+00
1.819317995181090719e+00,1.804693973328889811e+00
3.832954879628509559e+00,6.614568941727827500e+00
8.979049391373140621e-01,-3.575328853767215431e+00
1.242419555252157970e+00,-3.478843892276860750e+00
8.555268651367811117e-01,-3.948420516989495699e+00
8.289349778711530448e+00,-8.693325879555428015e-01
1.082999468381125263e+00,-3.633427547795694768e+00
1.338754711086695304e+00,-3.356991629307973568e+00
1.236775580259882990e+00,-3.202506375070917954e+00
1.270587803732579291e+00,-3.182474249362433838e+00
1.259845020323373754e+00,-4.125235645152537600e+00
-7.608626430880967462e+00,1.192315490997287597e+01
-8.127487931619524986e+00,1.130039556072194529e+01
-7.710284566809413320e+00,1.104927405238479388e+01
-7.843426078638983334e+00,1.108064225913727974e+01
5.554090008595599315e+00,1.086796438711086665e+01
4.509892659964687134e+00,1.589857291752412027e-01
-1.282926387724686634e+01,9.916745732765430699e-01
-7.405651923477661214e+00,-1.212619334548533345e+01
-9.040660932980612685e+00,4.916436123990490792e+00
1.137303973336540430e+01,-9.032185597240298236e+00
-1.374431994728130846e+01,9.090924763301169165e+00
-1.388899675481179052e+01,9.187170873522793713e+00
-8.794621943345877213e+00,5.470503952679362847e+00
1.139198726944226614e+01,-8.867421927964384665e+00
-2.824241289658969034e+00,8.835052779466781914e+00
-1.259998986066488769e+01,-7.604622936495242236e+00
1.243416681636527699e+01,4.843362299935942694e+00
1.027505226648939640e+01,5.627457413664080477e+00
6.526176658085453219e+00,-4.065080690466837510e+00
1.567774781196895617e+00,4.224081183177975873e+00
6.878265596087638656e+00,1.166854294175399431e+01
8.593903216160532210e+00,-4.543002955441350355e-01
1.205936818838123692e+01,1.386293067698200865e+01
1.121246261235578245e+01,5.652728882032356239e+00
1.388272924927636609e+01,9.433014719980873153e+00
3.559509573637684277e+00,9.175252033967801424e+00
6.594728967728408442e+00,-5.274103846785198613e+00
-1.468372566999569884e+01,-7.601479826875760182e+00
1.066475675239828647e+01,1.166418201232934848e+01
-7.729796120938766002e+00,1.521230443216714745e+00
-5.822029154391459294e+00,4.054658833406536544e+00
-5.511673717256111438e+00,6.106514953095564024e+00
-9.655604474953436878e+00,3.818682017298103748e+00
-9.060138699690213571e+00,5.456337957029495200e+00
1.523571827241010368e+01,8.199083232833123347e+00
1.189055714396256391e+01,7.895616495911544241e+00
6.969463530381261762e+00,-1.837006964381886931e+00
1.517867113603362128e+01,6.307935764247945443e+00
2.812257332697871703e+00,2.516803348435877830e+00
7.004332925611917560e+00,-1.123722640585868238e+00
-3.564078518368378301e+00,-1.604453299322933235e+00
1.187517986821477933e+01,7.431250690031541595e+00
1.108308275278361599e+01,3.679066182746896452e+00
1.103376787981754781e+01,2.701223371322795774e+00
1.460585260729994417e+01,5.135843913909631908e+00
6.997438692451737552e+00,-8.410705762824287335e-03
4.239224163136945833e+00,-2.538750116766893772e+00
1.595264887524824537e+00,3.728659560448524868e+00
1.536329612614507845e+01,9.782409698284693533e+00
2.514560958324560058e+00,1.340658698959489969e+00
-1.277707174463202833e+01,-7.032639247430874541e+00
4.397984225479245168e+00,4.637363368905877969e+00
7.819764139494435717e+00,1.242377484438896040e+01
-9.147187830788940488e+00,-2.399582182616765813e+00
-1.003824835556829065e+01,-3.174964001375319422e-01
-7.446265852531448459e+00,-7.651047751047257428e+00
2.337709556074410777e+00,-1.066905047185033517e+01
1.074073966662900936e+01,4.363777771288296137e+00
-1.322184863672256583e+01,-6.455523946921265299e+00
1.152799085842057103e+01,9.475133641553913577e+00
1.559050199728766373e+01,9.721383509741460927e+00
8.819983730148445389e+00,6.487474884655511254e+00
1.119598935035044285e+01,-8.862231891157264840e+00
6.698257981821742035e+00,-2.799106119652067015e+00
7.188049677008107707e+00,-3.573645315910215725e+00
-1.189483816319054377e+01,-9.359196500272247476e+00
4.579023285033399837e+00,5.888194109746168969e+00
1.438754257688399640e+01,1.107632478892981176e+01
5.275819485897420336e+00,-2.158110567446391848e+00
8.105130046798775467e+00,1.090699139658383743e+01
1.183256613353774434e+01,1.426333176196416552e+01
1.019556770261131540e+01,1.056649614781339253e+01
6.653402056912242735e+00,1.321529573234633759e+01
3.999977180301425683e+00,4.465669239703325744e+00
3.072281969814693259e+00,5.507889625685779222e+00
1.166271998042936531e+01,1.251226886358002766e+01
7.196156751543407282e+00,1.256107088982368047e+01
1.211075224302560649e+01,-8.111388393139929320e+00
-1.315650065982626771e+01,2.017213281323040786e+00
-1.006780352180677962e+00,-3.161039299836313710e+00
-1.358458914481307467e+01,-1.889053075898117662e+00
-1.310442423503283038e+01,1.845165124133004930e+00
-4.575585482372990676e+00,1.180004104147460153e-01
-4.210423762031046735e+00,8.560407002838146262e-01
-2.829042627529705811e+00,8.834175273708199327e+00
5.271872007023799434e+00,3.575942282853843857e+00
-1.079188359922931717e+01,2.382511300437377966e-01
-5.486912299992597220e+00,5.939361333022827871e+00
2.784025406730998853e+00,5.557061562211159433e+00
-1.358880887416215799e+01,-1.896917828871546696e+00
7.372726556950532917e-01,3.158138561922271048e+00
1.623148090586611048e+01,5.483875640672418506e+00
-7.955410583190229978e+00,-4.042342259367758928e+00
4.177150138202736507e+00,-3.146480412372044455e+00
6.357900314766844474e+00,-5.282588728288307500e+00
-2.042414067078680340e+00,-1.260138155142523075e+01
-1.591056648376903659e+01,-4.508891926932268035e+00
5.690788968662489289e+00,-5.839176016265804625e-01
9.116038993370377597e+00,-5.582510037601546848e-01
1.432549828273107906e+01,8.190535480496256682e+00
1.716267244879192466e+00,5.750648255692608402e+00
8.600860884914347082e+00,4.346304339723189081e+00
6.423438726514416608e-01,1.466898438814190575e+00
7.370296520408123442e+00,1.157528967882553594e+01
9.245164385775773042e+00,1.035725000961671860e+01
9.095505318207974810e+00,-4.810680529335105149e-01
1.621474931127590446e+00,-6.268278660439595029e+00
-9.786571067141466074e+00,-2.175957609121480729e+00
-9.482109208189529070e+00,-1.903081121994206759e+00
-7.478421673775645040e+00,-1.178579436534712777e+01
-4.407267750117654259e+00,5.498985880071397547e-01
-4.300845352270497912e+00,7.348407531862510833e-01
-4.635152697830212887e+00,4.355051211951425083e-01
2.607802919674366393e+00,-1.036814822831997240e+01
-5.660148040315576168e+00,5.727577358211925151e+00
-6.488130574103187165e+00,-2.015208866809863331e+00
-5.038621889337112414e+00,5.967056526036536468e+00
-3.174259862210429439e+00,-4.937294899745514165e+00
-8.362833912202608744e+00,-2.147539156256719650e+00
-1.101460894957420278e+00,-7.495589930684595892e+00
-1.199802636326541716e+01,-7.262060496316248503e+00
-1.125456533313133534e+01,-1.087082466626207111e+00
-7.395581128967499751e+00,-1.172845168368942481e+01
-6.230388047560961873e-01,-7.728139387493585311e+00
-5.888263870671572420e+00,5.624761603239754493e+00
-8.000565771872678589e-01,-6.902848718911823944e+00
-9.064865513433144173e+00,5.114274918568257888e+00
6.067630534884295379e+00,2.010021951498745629e+00
-1.267620163903936259e+01,-8.344977939711437642e+00
-6.050951970527883361e+00,4.056701927245101480e+00
-8.545204231940408235e+00,-1.440856638808588208e+01
-6.710140592613923261e+00,-1.485402251259435324e+01
-9.655325575112632563e+00,1.166435488017290112e+01
-7.459289405769697900e+00,-6.815529684229376883e+00
2.597583889373914268e+00,2.013474486080576664e+00
6.644447075916140477e+00,-4.180379277531166338e+00
3.500855841877398067e+00,3.611692706631186578e-01
9.752327968303772465e+00,9.808657052051794167e+00
1.357753938480393430e+01,4.457690818587175308e+00
-1.270734186530220455e+01,-8.311599316209221655e+00
5.784598338183132071e+00,2.664684599144303334e+00
1.309253780893179631e+01,1.176234642693959387e+01
6.518800194407133652e+00,-5.430237618925150223e+00
7.757535870653682331e+00,1.824085614337250250e-01
1.171220830633409271e+01,1.021615197281384013e+01
1.262607782826931313e+01,4.192277434632082134e+00
1.580504861583473364e+00,4.466475508075270717e+00
2.014990210843035534e+00,3.151184177182475565e+00
-1.212872064631986291e+01,-8.599981165328044241e+00
-9.452371181155839963e+00,1.083090186671284094e+01
-7.586665963519427791e+00,-4.313807926053339514e+00
1.020562585011636259e+01,-9.171930385076262127e+00
1.133330385196500600e+01,-8.564218291155929919e+00
-1.154316836214401576e+01,6.287197182278917440e-01
1.036305658213754022e+01,-9.211902312937670700e+00
1.050196608074598892e+01,-9.216996304916204252e+00
