3273
3273
3273
3273
3273
3273
12951
13664
13664
12951
13664
661
304
304
304
571
304
304
304
571
571
571
304
571
304
304
304
304
304
12363
304
304
304
13664
13664
9993
12951
12744
1551
12225
661
12744
12278
1673
1673
1673
304
1155
571
304
304
661
304
571
12744
12644
12644
13
304
12744
304
304
304
304
304
304
304
304
304
304
12363
304
304
304
304
304
304
304
304
304
304
304
1561
746
13223
13664
13664
304
304
304
304
304
304
304
304
304
304
13664
1673
1673
304
304
304
304
304
304
304
304
304
304
13
304
12744
13
3273
3273
3273
3273
3273
3273
3273
3273
12278
13925
1673
13569
12644
12744
304
661
661
3273
3273
3273
3273
13067
713
713
713
713
713
713
713
380
2041
304
304
304
304
304
304
304
304
304
505
304
304
304
304
304
304
304
304
1690
304
304
304
304
304
304
304
304
304
304
304
304
304
304
304
304
304
13
13664
12278
1219
12951
13142
13664
278
12597
570
304
1561
304
13142
304
304
304
13142
304
304
304
304
12363
304
505
304
661
304
304
304
304
304
304
304
304
304
304
1561
12715
998
304
1673
3671
12744
1561
782
782
782
782
3273
3273
13
3273
3273
3273
3273
3273
13142
3273
713
13925
402
570
570
570
570
570
661
1673
3273
3273
3273
3273
3273
3273
3273
3273
3273
12951
12644
12363
13067
13
13
12731
12744
13142
13569
1690
540
10007
12951
380
304
304
304
304
304
304
304
304
304
304
304
1762
12731
12951
12744
884
1561
12744
12951
304
304
304
13067
13664
304
304
304
12715
304
304
304
304
304
304
304
304
304
304
304
13664
13569
304
304
304
304
304
304
304
304
304
304
51
304
304
304
304
1673
304
661
782
13
474
13925
13142
13925
782
782
782
782
782
3273
3273
3273
3273
12731
12644
570
570
570
570
570
12644
570
570
570
570
12644
291
12644
12644
1219
1531
304
304
304
304
304
304
304
304
304
304
304
304
304
304
304
304
304
304
304
304
304
304
782
782
782
782
782
782
782
782
782
661
29
13569
304
304
304
304
304
304
304
304
304
304
12597
13664
13664
13664
13664
304
304
304
304
12731
304
304
304
304
380
1673
12951
380
380
13
12363
304
304
304
304
304
304
304
304
304
304
12744
304
12225
54
570
13112
1561
12744
12744
13925
1155
570
13142
2041
535
782
782
782
782
782
782
570
13142
3273
3273
3273
3273
3273
3273
3273
3273
3273
3273
661
13
13
13
13
570
570
570
570
570
570
570
570
304
304
304
304
304
304
304
304
12644
13664
571
304
13
13223
654
304
304
304
304
304
304
304
304
304
304
782
782
782
782
12744
13
13142
431
304
304
304
304
304
304
304
304
304
304
1673
1673
13664
1673
1673
1673
1673
1673
1673
1673
1673
13664
12363
1155
380
380
380
380
12951
2041
13925
304
304
304
304
304
304
304
304
304
304
304
304
13
304
304
304
304
13
304
304
13223
304
13067
571
1561
1561
1561
1561
13062
13925
12744
13
13
13
13
13
13
13
570
570
570
570
570
570
570
570
304
304
570
304
12644
13223
1561
304
570
304
304
304
304
304
304
304
304
304
12363
304
304
304
304
13664
13664
304
304
304
1561
13664
304
304
304
304
304
304
304
13925
13223
12363
13
2041
304
304
13062
304
304
304
13
304
304
304
304
1137
13664
1393
304
304
12731
304
304
304
304
304
304
304
304
570
570
380
380
304
380
304
12278
12715
13664
570
570
12644
570
570
570
570
570
570
1561
13664
380
13067
543
304
304
304
304
304
304
304
304
304
304
304
544
304
304
304
304
304
304
304
304
304
304
13925
12951
304
304
13664
304
304
304
304
304
304
304
10007
570
304
1673
12951
304
304
304
304
304
304
304
304
304
304
304
304
304
304
304
12951
12951
304
304
304
304
304
304
304
304
304
304
304
304
13
304
304
304
304
304
304
13142
304
304
304
304
304
304
304
304
304
304
13
13067
1561
12744
1475
28
304
304
304
304
304
12731
304
304
304
884
12744
13067
13925
13142
571
571
571
571
1561
1393
304
1155
304
304
304
304
304
304
304
304
12644
570
304
304
304
12731
304
304
304
304
304
304
12951
13
13
13
12225
304
12278
304
304
304
304
54
304
304
304
304
304
304
304
304
304
304
570
304
304
304
304
304
304
304
304
304
304
304
304
1393
304
570
570
304
304
304
304
304
304
304
304
304
304
304
304
304
304
304
304
304
304
304
304
12715
13067
12731
2041
609
12278
304
13
13
304
304
304
13142
12644
10007
570
570
570
304
13062
13664
304
304
13112
12744
12644
12731
12744
304
12715
10007
304
304
304
304
304
304
304
304
304
304
304
13
13
13569
13
13
1393
1393
10007
363
304
304
304
304
304
304
304
304
304
304
304
304
304
304
304
304
304
304
304
304
304
304
13067
304
13067
304
304
304
304
304
304
304
304
304
304
304
13
12731
13062
13569
13067
570
12731
1393
304
782
782
12731
12731
13569
12744
661
304
304
13142
1155
12744
12744
3273
3273
3273
3273
1561
570
570
570
570
570
570
570
570
13
1561
12363
998
12731
570
291
13223
13569
1155
304
304
304
304
304
304
304
304
998
12715
13067
9993
13569
13142
13664
304
304
304
304
13664
304
304
304
304
304
304
304
304
304
304
304
304
304
304
304
1393
304
304
304
304
304
304
304
304
304
304
2041
304
12278
304
304
304
304
304
304
304
304
304
304
304
304
304
304
304
304
13142
13067
483
12731
304
304
713
713
12731
12715
1137
12644
12744
12715
304
380
380
380
380
380
380
380
1152
12951
13067
12644
29
1561
1561
570
570
571
304
1561
1561
1561
1561
1561
1561
1561
1561
380
998
13
13
713
713
713
713
713
713
713
713
713
12363
1690
13
302
12731
13664
12744
1561
304
304
304
13062
304
304
304
304
304
304
304
304
304
304
304
304
304
304
304
304
304
304
13664
13664
13142
1393
304
304
304
304
304
304
304
304
304
304
1155
304
1393
13
782
304
304
304
304
304
304
304
304
304
304
3273
3273
12731
3273
304
304
1673
13067
13
713
713
713
807
13925
571
570
304
304
304
304
304
304
304
304
304
12744
12744
12644
12278
12644
12644
13142
13223
998
998
998
13142
12715
12744
12951
12715
12744
13142
13142
304
304
304
304
304
304
304
304
304
304
304
304
304
304
304
304
304
304
304
304
304
304
1393
304
304
304
304
304
304
304
304
304
304
13
1673
1673
1673
1673
1673
1673
1673
13
13142
304
304
304
304
304
304
304
304
304
304
13067
304
1561
304
12644
304
304
1155
304
304
304
304
304
304
304
304
304
304
304
304
304
304
304
304
3273
3273
3273
3273
304
304
1155
570
13569
13664
12731
12731
13569
13664
12715
304
304
304
304
304
304
304
304
304
304
304
304
304
304
13142
13067
12744
10007
13569
304
304
304
304
304
304
13062
304
304
304
304
304
304
304
304
304
304
304
304
12951
2041
998
12363
304
304
304
304
304
13664
304
304
304
304
304
304
304
304
304
304
304
304
304
304
13664
1155
9993
2041
1152
1673
1673
12715
304
13
12744
304
2041
304
304
12951
304
304
1561
304
304
304
304
304
304
304
304
304
304
13112
1393
1393
570
1673
1673
1673
12363
12744
12644
12744
661
13067
12644
304
13223
654
12644
13067
12644
13569
304
304
13067
570
570
3273
12951
304
304
304
304
304
304
304
304
304
304
304
304
304
304
304
3273
12951
13664
13664
1475
13664
13664
