3347
10008
12724
13882
3347
12618
304
13664
13664
12951
661
12724
51
1393
304
304
304
571
304
304
304
571
571
571
304
571
1351
304
304
304
304
304
304
12629
304
304
12629
2465
2465
2465
2465
2465
2465
2465
2465
12705
889
2465
183
1825
183
183
183
183
183
183
13428
12744
10104
13469
609
1825
13973
942
13316
1287
13353
12824
13226
10008
1825
12498
13993
1825
12759
1061
12052
13517
1361
2465
1490
2465
2465
2465
2465
2465
2465
2465
2465
12241
12724
12453
1490
12629
12635
13998
14070
12902
3586
3586
2465
12629
13586
2465
3586
3586
3586
3586
3586
3586
3586
3586
304
12498
12618
159
571
2282
2282
2282
2282
13190
2336
1503
12644
1816
24
9843
13084
571
12759
44
12724
12074
12425
12896
1825
1825
1825
1825
1825
1825
1825
1825
51
12644
51
51
817
817
51
51
817
817
226
10008
12759
12863
13143
24
2465
13
304
304
304
304
304
304
304
304
304
304
13143
12363
9796
10008
13237
12629
12759
12773
2465
13646
12618
13073
13664
2118
12724
13882
1823
1825
1825
14027
1825
1825
1825
1825
1825
1825
1825
1825
13998
13896
2465
2465
2465
2465
2465
2465
9790
2465
2465
9790
12863
12705
13629
13116
374
10011
13188
1825
13119
14027
13238
12131
12784
13220
12506
12131
2465
2465
2502
12724
13188
2465
2465
12747
2465
1427
1427
1427
1427
1427
13190
3214
3214
3214
3214
3214
13045
3214
579
579
579
474
474
474
483
12629
1825
1825
1825
1825
1825
1825
1825
1825
12425
13973
606
606
13428
606
606
606
606
606
606
606
606
12724
12445
12618
12604
12824
12453
1427
12506
12972
12618
12722
1592
12721
12744
12074
12074
13993
13586
2118
12863
13030
661
661
13031
374
13882
374
13380
12453
2129
2129
13998
13998
12460
13516
12604
13058
2041
12498
12629
12131
13452
12896
12744
12629
12902
12902
746
13649
1332
1332
391
391
391
391
391
12902
391
391
391
13136
2282
2282
151
13258
2282
1332
2282
13190
12744
13302
12618
12784
1427
1427
1427
1427
347
1075
1075
13882
1075
1075
1075
1075
1075
13998
1075
1075
13474
12824
13993
13882
151
13400
1818
151
12759
10008
603
151
383
383
12724
383
383
383
383
13030
9796
606
1825
12724
13238
13238
12597
13238
13238
13238
13238
13238
13238
13238
13238
1825
304
304
12902
304
13142
304
304
304
304
304
304
13143
918
1155
12445
505
30
51
13664
51
51
51
51
51
51
51
51
1825
1825
1561
11849
1825
998
998
1825
13516
12618
12618
12647
3671
12744
13238
12618
13882
12445
12445
1825
12604
12629
1825
1825
1825
1825
1825
1825
12724
13136
10008
13629
13238
13104
14027
13586
1825
1551
1825
13152
12629
44
13646
9973
11849
12629
13206
12467
12453
13998
12759
12759
2465
1673
13882
12629
12506
12635
12902
12863
2118
2282
51
51
51
51
1673
3273
3273
13516
3273
3273
3273
3273
3273
12604
12951
12425
12453
13998
12629
86
12759
13400
1825
1825
1825
1825
3271
1825
1825
95
1825
1825
2336
2336
2336
2336
2336
2336
2336
13073
12824
13569
13119
14070
347
347
347
13586
540
746
12074
13882
13930
1534
304
1287
1287
13452
13190
2465
10009
371
12759
12744
2465
2465
14070
12460
14027
13882
13969
12908
13036
12445
1825
1825
1825
1825
1825
1825
1825
1825
1825
1825
12460
1503
13896
144
144
144
2465
144
144
144
12453
13969
144
144
51
51
51
51
51
51
10011
13969
1962
13190
12705
30
2465
2465
12618
12773
2465
2465
2465
2465
782
2465
2465
10023
3586
12759
12445
2465
2465
12629
13206
1534
11
13350
13882
1825
1825
1825
1825
1825
1825
1825
1825
1825
1825
13973
1727
9843
1351
30
1825
1690
1690
13998
1690
1825
1825
1825
1825
782
782
1825
1825
782
782
782
1825
1825
13969
9760
10009
13226
1816
12635
11
12721
1825
1825
1825
1825
1825
1825
1825
1825
1825
1825
13599
13599
12759
13998
984
12635
9760
12445
13380
13036
12644
13190
1332
12902
13882
12074
12705
12629
523
13998
12604
2282
1825
1825
13031
30
13
782
782
782
782
782
782
782
782
782
12629
13238
183
13238
13238
12724
13238
13238
661
13238
13238
13238
13238
746
1825
13238
13238
13238
13238
304
13238
13238
12759
12445
13047
3214
13073
13646
13882
12863
1962
12930
13532
12677
13532
10011
226
51
14001
13031
10011
380
10011
380
380
13316
13988
1825
13238
12355
2118
1825
1825
1825
1825
12629
13959
2465
3347
3347
3347
3347
3347
3347
3347
13664
3347
3347
12618
11833
304
12453
12864
2465
44
12498
13380
12629
13974
12957
1825
1825
1155
12474
1825
570
13030
12724
13400
1825
220
1825
13353
1825
1818
86
10008
1825
2021
2021
2021
2021
2021
2021
13998
86
51
51
51
1825
570
13473
3273
3273
13238
3273
3273
3273
3273
3273
3273
3273
3273
30
1825
12629
12629
13612
11849
11849
11849
11849
11849
1834
1834
11849
11849
570
570
570
570
570
570
570
570
304
304
304
304
304
304
304
304
12644
2336
2336
474
474
2336
2336
474
474
474
474
474
474
474
474
12618
9841
12618
12902
12604
1503
12902
1727
12759
12784
1825
304
1825
1825
1825
1825
1825
1825
12074
1825
1825
12618
12759
12052
483
483
483
12629
483
483
483
483
483
13599
12629
1592
1592
10008
1592
1592
1592
1592
1592
1825
1825
1592
1592
1825
12724
474
474
474
474
10011
138
13586
10011
12724
12724
12930
1825
1673
1673
1673
1673
1673
1673
1673
1673
1673
1673
13998
2465
13073
12527
2465
2465
12957
2465
2465
12589
2465
2465
1351
304
889
889
889
13152
13238
51
51
51
51
51
51
51
51
51
51
1155
12629
751
12724
1834
12278
9843
304
304
304
304
304
304
304
304
1551
304
304
523
523
12721
3586
13188
12635
2465
12453
12635
965
12506
13629
1287
1287
1075
12453
1287
1287
1287
1287
1287
1287
1825
13883
12629
1825
1825
1825
1825
1825
1825
1825
44
2282
2282
2282
2282
2282
2282
2282
2282
2282
12902
12759
12618
13084
14064
13309
2021
14064
11
13882
571
13973
44
12824
2465
13882
13190
13974
12759
654
12647
13
13
13
13
13
13
13
9843
13058
13586
2465
1823
13073
12896
10023
13238
1825
1825
1592
1823
2336
13629
299
12635
13882
12629
13104
14070
10004
12527
12677
12629
14096
12784
12074
12863
12724
13969
746
746
746
746
12453
3299
3299
3299
11849
1351
12759
13969
2465
10011
483
483
1351
483
138
12618
12618
1351
1534
1534
12618
1534
1534
1534
1534
1534
1534
1534
12721
12445
9843
12363
12759
1825
12724
13183
12618
9841
12629
1592
10004
139
139
139
139
139
1825
12618
1825
1825
1825
1825
1825
1825
13238
3587
3587
3587
3587
3587
12724
2465
2465
1708
1825
2465
2465
2465
2465
2465
2465
13664
12724
12425
9843
12972
2465
2465
374
374
374
374
374
12629
374
374
374
594
1727
570
13226
570
12618
12972
1825
1825
1825
1825
1825
1825
1825
1825
1825
13213
1818
380
380
13238
12635
13998
380
12425
13238
13238
387
1825
2001
2001
12629
12896
13238
13882
13238
12453
1823
12453
12453
11849
11849
11849
1834
11849
304
13612
570
570
2984
2984
12604
570
570
570
10023
570
570
11849
2336
2336
12074
2336
9841
12618
2336
2336
13882
957
371
371
1727
371
371
1727
13169
371
1727
1727
14064
3347
13998
13067
13169
1825
1825
12722
543
1825
12460
1825
13998
1825
1825
1825
1825
13998
957
1825
12951
44
13428
13115
13452
13238
13452
1816
12604
12618
12902
1825
1820
1820
1820
1820
1820
1825
1820
1820
11833
1820
13474
1825
12951
3214
12759
13896
51
1525
51
12635
746
746
746
746
746
746
2465
12849
10011
13896
12951
13969
183
51
12908
13136
14027
12724
13238
10023
304
304
304
304
304
304
304
304
13190
1351
12629
13973
13183
347
12604
12629
304
1825
1825
304
304
304
304
304
304
304
304
13350
1825
13152
12534
2465
2465
2465
746
2465
2465
2465
2465
2465
12074
13973
13882
1825
889
12744
14027
12618
9841
1475
13998
14064
13882
2465
14064
12759
12629
13380
13428
12796
12731
9841
12724
13882
12629
884
12604
12052
1825
13882
12635
9790
380
13143
12629
13882
13073
1825
12635
11
11
11833
1825
1492
9760
12724
1825
380
12589
3271
3271
13882
3271
3271
3271
3271
3271
14070
10008
375
1825
570
2282
12724
1673
12604
13882
13220
44
44
44
44
2984
44
44
1393
12908
13586
13998
13646
151
151
151
151
151
151
3586
1155
12561
13067
12722
1825
13238
746
746
746
746
746
746
746
746
13586
746
746
13973
13238
304
304
374
304
304
304
304
304
304
304
13586
2465
1351
13959
13645
13473
13882
1825
12363
12647
1825
1825
1825
1825
1825
1825
1825
1825
1825
1825
12759
12773
14027
10011
12618
1825
1825
1825
1825
1825
1825
1825
1825
1825
1825
13959
1825
705
12363
86
86
86
86
86
86
86
86
12796
12724
1825
86
86
86
1825
12534
13973
13973
1287
11833
1825
1825
1825
1825
1825
3587
3587
3587
3587
1825
3587
3587
3587
10008
13252
382
10008
183
14001
1825
374
374
609
374
374
374
374
12629
374
374
374
1825
1825
1825
1825
1825
1825
12604
1825
1825
1825
12629
374
12629
12629
51
13136
570
86
1727
1727
1727
1727
1727
1727
13190
1727
1727
10011
13998
13998
13998
13380
2118
11
12629
30
30
570
570
570
13238
12605
13136
13062
11833
1825
1727
1727
1727
965
1727
1727
151
151
151
13998
151
1727
1727
1351
965
12635
12759
12972
1825
1825
1825
13073
1825
1825
1825
1825
1825
14070
374
374
13998
374
374
374
374
13084
12618
226
12705
13083
226
226
226
713
12453
13629
13073
1825
579
10011
12747
226
13599
12824
304
1534
10011
746
746
746
746
746
746
746
12796
13586
220
579
12824
474
363
12724
13238
304
12498
304
304
12930
304
304
12498
12498
12498
159
304
304
304
304
304
1825
304
304
304
138
304
1825
14096
12857
2465
12635
12605
13067
2465
12453
609
2465
1615
13896
9937
12445
13220
13238
13047
371
14027
371
371
371
1825
11684
371
12425
2465
10004
13062
12705
12930
12605
12605
2282
12635
12863
782
12635
782
12759
159
12527
2465
12972
12647
2336
1825
1825
13190
1825
1825
1825
1825
1825
1825
1825
1825
51
13190
12498
942
12759
13882
12506
12635
1155
11849
13136
2118
2118
2118
2118
13136
2118
1727
13084
12724
3586
12759
3586
3586
371
2465
12604
12629
12635
11
12635
998
12731
12824
10008
12605
86
86
86
86
13238
13238
86
86
86
13238
1825
1825
1825
1825
12863
183
13599
12677
183
13969
30
13223
1825
13569
14096
1825
1825
30
30
30
30
30
12824
30
12902
13882
12759
13206
1825
304
13993
1825
13882
13998
9973
1825
13882
13882
13599
1825
12618
746
12863
13031
1825
1825
1825
1825
1825
1825
1825
1825
1825
1825
183
183
183
13353
183
183
183
183
12759
12618
183
183
10011
12647
13220
13047
13350
13973
54
13973
2118
2118
2118
2118
2118
2118
86
2118
2118
86
86
3587
86
86
86
13428
13115
13302
12561
9760
12317
14050
2465
12498
2465
2465
2465
2465
2465
304
2465
2465
12527
304
12972
304
13238
304
13473
304
1825
304
304
13629
12705
1825
13516
1825
1825
51
51
51
51
51
51
51
51
1825
51
51
1061
12605
1825
12635
1825
1825
1825
1825
12724
1825
1825
12629
889
889
1816
889
13973
13973
13974
13532
12731
746
9841
1825
304
12618
10008
12724
12744
13998
13973
1332
13646
11833
942
12445
12618
1825
1825
1825
1825
1825
1825
12971
1825
371
352
1825
1825
151
151
151
151
13190
151
1351
1351
1351
12759
1351
1351
1351
1351
1351
570
570
570
570
304
1825
1825
1825
570
1825
1825
13969
2465
12629
10023
483
13649
12074
10008
12629
12705
14070
9937
12445
11833
12629
12759
11849
1825
371
371
371
371
12629
30
13220
391
12824
1825
3214
13136
12824
13252
1825
13143
1825
13882
13073
1503
1825
12425
11
13302
11
11
746
746
746
746
746
1825
13116
746
746
12629
1825
13568
13084
13084
304
304
12498
12498
304
304
13116
304
12498
12498
12498
12498
12498
12498
12498
304
304
304
304
304
304
304
1825
1825
304
1825
13883
1825
13959
13183
13452
12445
1155
2282
12724
12796
12824
13469
13
12724
371
371
371
1332
371
371
1825
1825
1825
1825
1825
1825
1825
1825
1825
1825
13400
13169
11833
13599
371
13045
12647
1427
95
95
13882
12587
1825
1351
12618
2001
13045
12824
12453
13993
13350
13586
1825
1825
436
1825
1825
1825
1825
13226
1825
1825
1825
1825
1825
1962
570
1962
14070
12908
13599
12618
12635
12527
13380
13136
3214
13083
347
12863
12498
13183
2984
2984
12705
2984
2984
2984
2984
2984
2984
965
3271
3271
3271
3271
3271
12644
3271
3271
2465
10023
12721
12453
12618
1503
12722
12629
13586
1820
1820
1820
1820
12618
2465
12618
13882
12863
13590
226
13143
12618
12724
13213
14070
12474
13142
12604
304
12715
12604
1075
12677
11849
1351
12744
13998
13599
391
965
2465
12759
1825
1825
1825
1825
1825
1762
1762
1825
1825
1762
1762
1762
1762
183
183
1762
1762
10011
1825
13143
1825
9790
1825
1825
1825
12498
12605
12498
12498
12498
12498
12498
12498
12715
1825
1825
1825
12629
1825
1825
1825
1825
1825
138
965
965
965
13428
12635
1825
1075
746
1825
51
1561
2465
12724
12863
2465
2465
2465
2465
2465
12863
2465
2465
1825
12908
12759
12724
13
12618
12629
12759
12824
1825
10008
13568
14070
1825
12629
13206
13930
12635
12824
1825
13350
13073
12618
13599
1825
1825
1825
1825
13590
1825
1825
1825
1825
1825
226
10008
12635
12131
12722
12902
12453
13646
12724
12896
13882
304
304
13646
304
304
304
304
304
304
1823
12445
378
1825
13136
13883
1825
13586
13237
1825
12724
1825
1825
1825
12355
13882
304
1825
13646
1825
12759
1825
12635
13882
1825
1825
1834
1834
14050
13045
1825
1834
1962
9796
3299
12425
1823
51
3299
2465
12618
13058
14070
13646
1351
1351
1351
1351
1351
12722
13998
12587
13350
9779
374
13882
13586
942
942
11833
942
942
11833
11833
12604
1825
51
95
13882
12756
13474
12474
14064
2465
12460
12773
1823
1823
13473
2465
304
304
304
304
304
304
10008
304
304
304
304
304
2465
9790
746
746
746
13067
12747
13309
304
391
10007
1825
304
304
304
304
304
304
304
304
13998
304
1825
304
12498
1825
304
304
304
304
304
352
14137
13565
12363
13067
1825
10023
12629
51
51
51
51
51
51
51
51
51
51
1825
1825
1825
1825
1825
12629
1825
1825
1825
13190
95
95
3271
3271
95
3271
95
95
95
12635
2336
2336
2336
12908
9973
9796
965
965
965
965
13190
12629
13059
1673
2465
2465
12902
2465
2465
2465
2465
9937
2465
2465
2465
2465
2465
2465
2465
2465
2465
2465
2465
2465
13568
12618
10011
12951
1727
1727
1727
12629
1561
12618
10008
13599
1336
12241
12863
1825
12784
12618
1825
1825
1825
1825
1825
2118
1825
2118
2118
2118
2118
1673
1825
1673
1673
12629
13067
13067
2984
2984
2984
2984
2984
2984
2984
2984
2984
3271
3271
3271
3271
3271
3271
2336
2336
2336
2336
2336
2336
12074
10009
2336
2336
1825
12724
86
13238
9841
474
1708
12722
13474
13223
12863
889
12759
391
391
391
391
391
391
391
391
391
391
1075
1075
1075
12863
11824
13238
10009
304
12604
13058
13428
13882
13452
13452
12647
13190
474
13428
474
1825
1825
1825
1825
1825
1825
1825
12460
1825
1825
24
13309
13115
1825
1825
11849
1825
1825
1825
1825
1825
12951
13664
10011
10011
10011
12647
1825
1825
1825
984
13586
304
10008
13998
12849
3273
3273
3273
3273
3273
3273
12241
12629
12951
13238
12527
10011
1427
12618
1332
13238
746
12363
13238
12635
12629
1427
12824
2465
2465
13516
12724
2465
13664
13664
2465
2465
2465
2465
9993
12052
371
371
371
371
371
371
12724
1820
1427
1427
13350
1427
1427
12635
12759
1551
2282
1823
2282
2282
2282
2282
2282
2282
2282
9841
661
12724
12629
1825
12744
12784
1825
12445
12902
13646
12902
371
371
371
12460
371
1825
606
606
1825
13590
12759
13532
10011
10011
12604
13882
13586
12445
12604
12635
2150
419
419
1825
419
11
13380
1287
54
12759
984
12618
1351
30
12902
13238
13238
13238
13238
13238
13969
13646
1823
12644
12618
12618
12629
13030
13998
1825
1825
2021
2021
1825
1825
12908
1825
1825
1825
1825
1825
1825
1825
12629
13116
11849
13031
1762
374
12849
374
374
374
374
374
374
374
374
374
374
12355
304
304
304
304
304
304
304
304
304
304
304
220
12759
371
371
13998
2465
371
371
371
371
371
2001
12724
13998
13998
304
13586
13469
12721
12957
12759
746
13316
13169
1825
1825
1825
1825
1825
1825
1825
1427
1825
10011
13309
12618
746
1332
13104
12629
13599
13473
12460
1825
1825
95
95
95
95
95
95
95
95
95
95
1708
2118
2118
2118
2118
13516
2118
2118
12604
1393
13190
13073
1825
12618
14070
3347
1825
12759
9937
1332
1332
1332
9843
1332
2465
2465
2465
13213
2465
2465
2465
12278
13969
3347
2465
2465
12278
13030
1825
12784
347
1336
14070
3273
13316
13569
13220
12724
234
10004
3273
12644
234
12561
1825
1825
12724
1825
1825
1825
1825
1825
1825
12604
11
13882
12629
12131
13238
12618
13882
9796
12241
9796
30
13969
12724
13930
304
713
713
713
713
713
713
713
12453
1492
1492
13973
942
1825
1492
1492
1492
1492
1332
1332
391
391
51
391
391
391
1332
1332
1332
1332
1332
1332
1332
1332
1825
13973
1825
1825
1825
13238
1825
1075
1075
304
14064
183
1825
183
1825
12498
12759
12604
183
12677
1825
13220
13302
1690
183
2118
183
1825
1825
1825
1825
1825
1825
1825
13599
13289
13882
1825
1825
13
9760
1490
10011
10023
2502
2502
12629
13998
2502
1823
1219
12747
12951
1825
51
51
51
13142
151
151
151
151
151
151
52
13190
13058
144
144
144
13226
705
13998
14027
304
12363
374
374
374
304
304
304
304
304
304
304
304
304
304
304
304
12498
304
918
1075
10011
1825
1825
304
13599
13646
2465
2465
2465
2465
2465
2465
2465
2465
2465
2465
14064
1825
12629
1825
304
1825
1825
1825
1825
13883
1825
1825
1825
13469
3273
3273
3273
3273
3273
3273
3273
3273
3273
3273
13896
12445
1825
304
13220
1427
13104
13516
13925
13646
11849
1825
1825
1825
402
1825
1825
1825
1825
1825
606
606
606
606
606
12561
606
606
1490
606
606
1825
220
13646
1490
11684
13380
12561
12759
13428
2465
13238
1825
1825
1825
1825
1825
1825
1825
2465
234
1825
1825
10104
13059
30
10023
12957
13428
1492
13883
12474
1825
1825
13
183
183
183
183
183
183
183
183
13998
14064
13142
1825
1690
1825
1825
1825
1825
1825
1825
1825
12759
391
13031
13116
13974
12534
12722
10007
13136
304
304
304
304
304
304
13896
304
304
304
304
10008
371
371
371
371
12744
371
371
371
371
371
12629
12074
13116
10023
12957
582
12824
12930
2465
12664
2465
314
1825
13664
12724
12618
1825
51
1825
13104
9790
12635
1427
3586
12445
1825
1825
1825
1825
1825
1825
1825
1825
1825
1825
1825
51
13629
2465
2465
2465
2465
2465
2465
2465
2465
2465
2465
2465
2465
2465
2465
2465
1531
13073
13073
14027
14096
304
746
746
746
746
746
13059
159
10008
1332
1332
1332
1332
1332
1332
2336
957
1825
13599
1332
13143
13059
12587
1825
1825
1825
1825
1825
1825
95
30
1825
1825
12759
13073
12629
13226
13925
12759
30
13646
1690
138
12629
1569
10009
12635
12957
13073
13925
12972
13238
12629
13206
12724
2465
12604
12724
2118
30
11849
11849
11849
13599
12241
13206
12724
12618
391
391
391
391
12644
391
51
51
291
13973
13959
11833
11833
13959
11833
13238
13067
13238
144
144
144
144
144
144
10023
30
144
13998
12605
1219
12604
13238
1503
13882
1825
1825
12604
1825
1825
1825
12731
1825
1825
30
1825
13629
12453
12498
13143
12731
12759
29
10009
12784
12908
1834
12664
12857
13030
304
304
304
304
304
304
304
304
1825
304
304
12597
1287
13206
13238
12759
13238
436
12756
13664
13664
13664
13664
13238
304
13586
304
304
12731
304
304
86
86
86
86
304
304
86
86
2282
13993
13896
310
310
12534
13252
310
14096
12618
2465
2465
2465
2465
374
12629
12074
2465
2465
12724
13629
14064
159
13646
12744
12597
942
746
1351
746
746
746
746
2336
1351
1351
1351
1351
1351
1351
746
746
13091
12705
13586
13206
12635
1825
12759
304
1825
1825
12972
1825
11849
1825
13238
13206
12759
12902
12635
12635
2465
1825
2465
2465
2465
2465
2465
2465
2465
2465
1825
12445
13988
535
1825
304
1825
1825
1825
13142
13136
13586
2118
2118
2118
144
13220
13469
13213
12635
347
144
12131
10004
12474
12618
13586
1825
1825
12896
1825
1727
12635
1825
1825
1825
1825
1825
571
1825
1825
13400
1825
13380
304
12629
1262
12759
12724
12605
374
2001
10023
304
304
304
304
304
304
304
304
304
304
304
12604
13302
12561
12744
12587
12744
13
1825
1825
957
1825
1825
1825
1825
1825
1825
1825
1825
12972
13226
1061
12756
1825
1825
12902
1825
1825
1825
1823
1823
1823
1823
1823
1351
13474
2465
12864
10011
1825
12629
12724
11833
12604
1825
11849
11849
11849
2465
1825
2465
2465
12951
13428
2465
1825
2465
11833
1825
1825
13309
2041
13428
1825
12863
1351
12527
13190
13883
12930
313
1825
1287
13
2465
2465
2465
2465
2465
2465
2465
2465
2465
2465
1825
1825
12605
12589
1825
1825
1825
1825
1825
1825
1825
1825
1490
13565
13882
13516
12453
12629
12724
12467
1825
86
12629
13646
1825
1293
1293
1293
1293
13226
1293
1293
11849
14070
11833
12534
483
12445
1825
11833
11833
12744
11833
11833
12971
11833
11833
11833
13190
2118
144
12724
12724
9796
13380
9973
13428
12759
13238
13058
44
13998
12597
304
12629
13532
13119
1825
30
304
1503
12618
12957
13115
54
13353
12824
304
1825
1825
13473
304
13190
12618
2282
2282
304
371
13664
13664
1825
2282
2282
12724
582
12908
304
1825
304
304
304
304
304
304
304
304
304
13238
12759
13599
705
10008
10009
12629
12629
13925
13882
13223
13400
10011
13612
13428
12635
1490
86
86
13586
86
86
86
13206
13969
1825
12971
13882
1075
1823
13350
12604
12635
12498
13882
12498
12498
12498
12498
12498
12498
12724
2465
2465
2465
2465
2465
2465
2465
1825
1825
1825
1825
1825
1825
1825
13
1825
10023
1825
13629
1825
1825
1825
1825
1825
1592
1825
12460
13428
9760
12724
12759
9843
13289
1825
12460
1825
1825
1825
1825
13190
1825
1825
1825
13896
2465
12902
2465
2465
2465
2465
2465
2465
9790
2465
474
12629
13599
9790
14070
13998
13353
12278
174
3586
3586
3586
3586
3586
3586
3586
3586
3586
3586
12131
1075
13664
12705
12705
2465
2465
12644
2465
3271
2465
3271
2465
2465
2465
2123
13380
2001
2021
12796
1825
1825
13213
1825
13452
13238
234
12460
1825
1825
1825
1825
1825
1825
1825
12724
1825
380
14070
12604
13629
12604
2465
13974
13969
942
11833
304
304
304
304
304
304
13629
304
304
304
1825
11849
12824
13116
13238
13169
1825
1247
13629
13568
12445
942
1825
1825
1825
1825
1825
1825
1825
13646
1825
1825
1825
13882
12756
12759
13664
13586
1825
13664
9760
13664
383
383
383
1825
383
383
383
24
383
383
13190
1825
1825
13882
12425
2465
11833
12445
1825
12629
12629
12527
13169
2465
2465
2465
2465
2465
2465
12951
10011
10011
1825
304
9937
304
304
304
304
304
304
304
304
13316
1825
13629
12618
474
474
474
474
474
474
474
474
12618
12453
3347
12460
304
304
304
304
304
304
12460
304
304
304
12425
13238
12971
13532
1493
13190
11
12605
12453
12453
13428
12724
12453
12453
13380
12453
12635
13599
12724
13855
12445
304
12724
44
304
304
9841
9843
304
304
304
12635
13878
13998
13084
13882
3214
12796
220
220
13238
220
817
12506
12896
3214
10023
579
571
571
13973
571
571
1825
12605
12759
220
1825
13882
183
2336
2336
2336
2336
2336
2336
1825
2336
1825
12629
12759
12863
1561
1825
13142
1825
1478
11
1825
1503
1825
1351
12604
12863
13031
10009
12863
12629
12629
12629
13084
2465
13452
1825
1825
1825
1825
570
1825
12677
1825
12759
13067
2465
13882
13882
12951
13
13
13
13183
12225
304
304
304
304
304
304
304
304
12773
304
304
304
304
13586
304
304
304
13586
304
304
1478
1962
13590
1490
13238
609
13973
1490
1490
1490
1490
12908
12747
13062
13998
2336
13882
1351
483
11833
1825
30
13116
12721
12629
1592
14096
10011
13532
13350
304
12587
1825
1825
1825
1825
1825
1825
1825
1825
1825
1825
1825
304
1825
1825
13599
1825
13629
12896
1825
11
13599
11
11
11
2683
1825
1427
304
12604
3214
1825
220
3214
12498
13645
220
3214
374
374
1825
13930
13998
3214
1825
1825
12460
13646
12425
12498
13599
14137
12605
304
527
24
24
24
24
24
24
24
24
24
24
12629
2465
2465
12849
2465
12629
12635
2465
2465
11849
2465
12972
2465
13152
13882
12425
2465
1825
1825
1825
2465
603
1825
1825
1825
1825
1825
95
95
14070
14027
95
95
95
95
95
95
304
304
304
1727
1727
1727
1727
1727
1727
12644
2465
2465
2465
2465
13882
10007
2465
2465
2465
1825
12724
1825
12604
1825
12629
13112
13380
12705
1962
12731
13882
12744
12618
12957
12618
12724
2118
13152
13998
14070
13116
144
1332
13400
10004
1825
1825
1825
1825
1351
13882
1825
1825
1351
1351
10011
1351
12724
12604
466
51
174
174
174
174
174
174
1825
14027
9790
362
13380
12618
183
1825
1825
1825
1825
1825
304
1825
1825
1825
1075
1075
12747
1075
1075
1075
1075
1075
1075
1075
2465
2465
1834
2465
2118
13473
2465
12453
13226
2465
12635
13238
2465
12902
13143
13998
13073
2465
2465
2465
2465
13998
2465
2465
2465
2465
2465
2465
2465
2465
304
304
304
304
304
304
304
304
304
1816
13590
1816
1816
705
13629
86
1478
2282
12618
13
2282
2282
2282
13213
12724
12506
2465
2465
2465
2465
2465
2465
2465
1762
3271
13612
3271
11849
30
13316
95
1825
1825
1825
1825
1825
1825
1825
1825
1825
1825
984
12635
95
12721
13067
3271
13959
13206
13645
13252
12635
1825
12664
12460
14136
12972
11833
13646
12074
13116
13220
474
12731
10104
13882
13532
10011
12759
12759
13238
12635
24
24
24
13142
24
24
24
13190
2118
11849
13238
9843
13206
304
12849
10023
13586
1825
12864
3214
51
12074
636
1825
13586
1825
278
1592
1561
1561
1561
51
661
12857
13998
51
1561
1561
1825
13084
12705
12363
957
942
2282
13882
2282
13586
1478
13143
13190
304
579
12705
291
304
304
304
304
304
304
304
304
13645
2282
12756
2282
2282
13220
12724
13896
9843
13380
13882
13993
13882
13998
12863
13664
13045
2465
13058
12618
2465
2465
1287
1825
1825
13142
10023
1393
13517
12796
942
2465
12629
13213
13073
12744
24
14001
3347
320
13058
320
3347
12908
3347
3347
3347
3347
3347
3347
12724
2465
12796
1825
1825
1825
12724
1825
1825
1825
1825
1825
1825
13380
2465
9760
13428
746
2465
234
2465
2465
234
9790
234
234
234
636
2465
12724
2465
12604
9937
2129
2129
2129
2129
2129
2129
12705
11833
606
9841
942
13998
11849
12715
1137
1825
9841
347
347
347
347
12644
347
1825
12759
1825
1825
95
95
1287
1287
12629
24
24
1592
13104
13882
12243
12724
9796
12724
10004
13213
10011
12759
304
436
9790
436
12131
13136
304
606
29
12629
1351
10011
10011
13629
234
3347
12759
13998
13
13
13084
1825
1825
13452
1825
1825
1825
1825
9843
12074
13599
234
12363
1825
1825
13104
374
1825
12445
1825
1825
1825
1825
12629
1825
1825
1825
1825
13206
13599
12527
523
1825
1825
12453
12629
9841
1825
1825
1825
1825
383
383
1825
12618
2465
13883
11849
12131
13190
12618
1351
13998
483
13664
151
2465
13664
2465
11849
2465
2465
1825
2465
2465
12724
12930
304
304
304
304
304
304
304
304
304
304
13238
13238
13238
1825
10011
13353
13590
44
1825
12445
782
13220
2465
10011
10087
13047
13599
12498
304
304
304
304
304
304
304
304
304
304
3273
3273
1825
3273
12635
13238
11849
13896
1673
13
399
13586
713
713
713
13226
13882
374
2118
374
374
374
374
374
374
374
13428
12902
13428
12902
13136
12445
12957
9843
12453
12561
12604
13646
3271
3271
12445
12445
13882
13073
436
3271
13998
10011
3271
10011
1293
12635
2021
2021
2021
2021
1287
2021
1287
2021
2021
2021
12849
12453
1825
12951
606
13190
12724
13084
95
12629
13059
1075
1825
13238
2336
12635
13998
13925
1393
10008
3587
13882
12902
30
30
30
30
30
3347
13882
13084
13969
13973
1287
347
13959
12744
13142
13073
13142
12759
13969
1393
10011
220
220
220
347
1825
9796
12467
2465
2465
2465
2465
2465
2465
2465
636
9796
2465
2465
3347
1825
746
3347
3347
3347
3347
1825
12243
9843
3347
3347
220
1825
12587
1825
10011
1825
1825
1825
1825
1825
12453
1825
12629
374
1825
1825
1825
2465
2465
13646
12724
1816
2465
2465
2465
2465
2465
2465
1287
1287
1287
1287
9843
1825
1825
1825
1825
1825
1825
1825
1825
1825
1825
3214
3214
3214
30
3214
3214
13599
3214
3214
3214
10011
1818
13190
12908
13516
13516
2118
13629
1816
1825
1825
1825
1825
12425
1825
1825
1825
1825
1825
1825
1825
1825
1825
12644
12644
13930
12629
12629
304
304
304
304
1427
304
304
13517
304
13649
220
13590
12604
12604
12629
226
13973
13646
13252
2465
2465
2465
2465
2465
2465
2465
10004
14050
13882
10009
13998
13428
2127
13238
13599
14096
13882
14070
2465
13083
1825
1825
1825
1825
13452
1825
1825
10011
86
1825
1825
2465
13083
2465
1825
1825
1825
1825
1825
1825
1825
1825
1825
1825
1825
1825
12759
10009
1825
1825
1825
1825
1825
1825
1825
1825
1825
12957
13969
12445
2118
13998
95
12618
13629
636
13586
12784
13646
12241
12629
14050
12604
383
12747
12849
10009
13213
12605
3347
3347
3347
13882
12908
782
1478
10104
13896
579
304
304
304
304
12425
304
304
304
304
51
746
13883
304
2282
304
304
304
10008
304
304
304
304
13517
14137
12629
13998
374
12629
13930
12629
2465
2465
2465
2465
2465
2465
12618
10011
2465
2465
138
138
138
138
138
138
138
957
13612
2041
13213
9841
12902
636
12664
13645
13238
1825
1332
304
13084
10008
304
13
13258
11824
304
2118
304
304
304
11824
304
13084
304
13143
2465
2465
2465
2465
2465
2465
2465
2465
2465
2465
13973
12705
3214
13058
13112
220
1825
1551
12759
12453
13353
12635
3586
3586
3586
3586
3586
3586
3586
3586
11824
220
3586
3586
12618
12724
13316
12722
12864
12724
12724
13238
2465
12604
11849
13238
220
11849
9779
1825
523
12644
1825
1825
12759
12629
12635
1727
1727
13073
1727
1727
1727
1727
1727
1727
1727
1727
1825
1825
1825
1825
1825
1825
1825
1825
11833
51
51
51
51
2465
12644
12618
13878
12784
51
51
14027
13206
12604
9790
582
304
2465
13568
12605
2465
2465
1825
2465
2465
2465
12618
13353
570
817
13586
2465
14027
2465
9796
12951
13036
2336
13116
11833
13206
11849
10087
2336
467
371
9790
12784
13586
13664
13882
13452
2502
12453
2336
13516
13380
13143
12908
1490
1490
12724
13882
1490
1490
746
1490
1490
1490
1490
11833
12498
13896
12902
2465
13206
1287
2465
2465
2465
13206
2465
2465
2465
13629
13969
13882
12635
14027
1825
12722
1825
1825
1825
1825
1825
1825
1825
1825
2465
2465
2465
2465
2465
2465
2465
2465
2001
2465
2465
13084
12849
12225
13143
10011
12618
889
12784
13882
3214
12618
1061
3214
3214
3214
3214
3214
3214
3214
3214
13136
636
13136
12629
13882
1816
12278
11
13516
12724
526
526
526
526
13152
44
13350
13226
1825
1825
1825
1825
1825
1825
1825
14070
13226
11833
13645
12635
12425
13059
14064
2465
13882
13998
1155
9841
13998
9796
1825
13031
12467
13629
474
474
474
474
474
474
13882
12744
13586
1825
1825
1825
1825
1825
1825
1825
1825
13882
13974
13084
13969
12721
1825
12618
12445
12902
86
86
13031
11833
13238
12972
383
383
383
12957
347
1825
138
138
138
138
9790
138
138
2282
2282
2282
2282
2282
2282
2282
2282
2282
2282
13031
181
13213
13882
13896
2465
2465
11849
13452
2465
705
2465
12796
13252
1825
13544
9843
12824
13517
12635
13883
13664
12629
12724
13238
746
746
746
746
13238
746
746
746
304
304
13896
304
304
304
304
304
304
304
1287
1673
13532
13645
1673
2465
2465
51
51
2465
10004
2465
2465
2465
12618
2465
2465
12957
13073
9841
183
1503
183
183
183
183
183
183
889
95
347
1825
1825
1825
1825
1825
1825
12629
1825
1825
13206
12629
24
13
13883
1427
13646
1427
10008
2129
374
965
965
965
12957
965
965
965
12445
12724
12864
12724
12759
12635
3586
3586
3586
3586
3586
3586
3586
3586
3586
3586
12506
13646
12849
1825
12445
2282
2282
2282
2282
2282
2282
13302
51
51
51
51
51
51
51
2336
1825
12445
2336
2336
2336
2336
12957
3273
3273
3273
1825
3273
13136
12724
9841
13878
13258
1825
1825
1825
1825
1825
1825
1825
1825
1825
1825
12759
12629
380
12618
13143
12629
13136
12629
13143
12629
13896
12724
12724
304
505
304
304
304
304
304
304
304
304
12618
12074
12074
12863
12618
12902
2465
2465
474
13532
30
13238
13664
11849
11849
11849
11849
2465
3347
12722
11833
11833
11833
11833
11833
12317
1825
1825
1825
1825
1825
1825
1825
1825
1825
13586
9841
2465
10104
13073
1820
2465
2465
13073
2465
10011
2465
2465
2465
10011
2465
13969
13973
12618
174
12629
2465
13646
13190
9973
12445
1673
2465
2465
2465
2465
2465
13
2465
2465
1287
2502
11833
2465
1816
12498
9796
12796
12618
371
474
474
13190
2465
1823
1820
1820
1820
1820
1820
1820
1820
1820
12561
713
2465
12604
11824
1825
1825
1825
1825
13896
12629
1825
606
606
1825
13206
12724
606
606
606
10008
2282
2282
2282
2282
2282
2282
1287
2465
12972
661
13036
1287
2465
12767
1727
13646
1825
13998
1351
12724
12629
13969
13882
12644
13226
889
183
12759
12863
9843
13031
13084
12896
12527
13882
1503
942
12589
12731
942
13452
984
12705
1332
1332
1332
1332
1332
1332
1332
1332
1492
9790
1332
1332
391
391
391
13998
391
391
391
523
523
523
523
391
391
523
523
13599
13599
12721
12951
1825
1427
1427
1427
12857
1762
12629
13993
13073
12425
13238
13238
12972
13238
13238
13238
13238
13238
13238
13238
9841
13238
13238
13238
13238
13238
13238
1816
13302
13969
12635
13226
383
383
383
13882
2465
13969
13067
13998
12724
304
304
2465
304
304
304
304
304
1825
304
304
12618
13143
13350
13428
13882
13532
13206
51
51
51
1825
1561
1825
1825
1825
1825
1825
1825
1825
1825
12618
13599
13226
12796
13882
374
12629
1825
2118
1825
1825
2118
2118
2118
12629
2118
2118
12527
1825
1825
13058
12453
13973
1825
3347
3347
3347
3347
3347
817
12629
1690
2118
12629
12618
13206
1551
2984
2984
1825
2001
2001
2001
2001
13998
12724
12824
13190
13031
3586
3586
3586
3586
3586
3586
3586
1427
13226
2465
1287
13586
3273
3273
12605
2465
3273
3273
51
51
51
51
12731
13878
12604
11
2465
12604
13998
1825
13882
570
570
570
570
570
1825
570
570
570
570
12677
1825
1825
12635
957
2336
2336
2336
2336
2336
2336
2336
13646
2336
2336
13083
2465
12724
13059
13045
138
1503
12902
12724
1336
13036
1825
2336
1825
2336
12784
1825
1825
1825
1825
1825
1825
1825
1825
1825
13143
1075
1075
12724
1690
13238
12635
12629
13586
13452
13238
13998
13473
51
1592
1825
51
51
51
1592
1592
51
51
12747
13569
13969
12629
12759
10008
10011
10011
1825
12453
12759
12722
1825
2465
2465
2465
2465
2465
2465
144
746
12527
1475
1673
12721
13
2465
2465
2465
13238
2465
2465
2465
2465
2465
2465
304
304
304
304
304
304
304
304
304
2336
12604
226
1478
12722
13532
1478
13973
523
523
523
523
523
12857
523
523
10011
1823
9841
1825
13112
523
523
523
523
523
523
523
523
523
523
12744
12744
2282
2282
2282
2282
2282
2282
2282
30
30
12705
13896
13104
957
14096
14064
10008
10011
10008
2129
2129
2129
2129
2129
2129
2129
2129
1825
782
782
782
13586
782
782
12629
387
13959
13959
13190
13220
13190
13136
13289
12724
661
13959
12824
12635
11833
13
13
13
13
12635
1825
1825
12759
1825
1825
1825
1825
1825
1825
1825
2465
2465
2465
1503
2465
2465
13599
2336
13190
13599
2465
13190
13586
13882
12604
391
12724
391
391
654
13599
9760
12784
13474
12896
782
782
782
782
13136
12724
13969
654
12629
13586
2465
10087
24
2465
9779
1075
1825
1534
12796
320
3347
13238
13169
12635
3347
12618
10011
380
380
380
380
380
12618
817
12604
817
1825
1825
14137
9841
1825
1825
1825
1825
13645
12629
1825
2118
2118
12908
12629
2118
2118
2118
2118
10023
12724
13058
12724
304
2465
2465
2465
2465
2465
304
2465
2465
304
304
12677
13047
304
304
304
2502
304
12629
13223
10008
13646
13969
12587
12972
3347
3347
3347
3347
3347
3347
3347
3347
3347
3347
2118
1825
14070
12635
1561
1561
1561
1561
13516
13238
13183
12759
11849
1825
13084
11849
1825
1834
12453
11849
12131
1825
12759
11849
11849
1834
1834
11849
13428
12957
11849
12902
1834
1834
1834
1834
1834
13428
1834
570
570
570
570
570
570
570
570
304
304
570
304
3347
12527
2336
474
12644
2336
474
2336
2336
2336
2336
2336
12618
12618
12445
13119
13238
13646
1690
13223
9790
234
12604
2465
12759
12705
9937
1727
234
12705
1592
12618
3347
234
12635
12635
746
1825
1825
1825
1825
12605
1825
1825
234
13998
570
13474
1825
1825
1592
2465
13882
2336
12604
12629
817
13474
13031
13058
705
13258
13220
12453
483
483
347
12824
9841
1825
1825
1592
1592
1825
1825
1825
1825
1592
1592
1592
1820
1592
1592
1820
1825
13629
942
12724
1287
13400
14064
12759
14137
12629
2465
3347
12849
2465
2465
12724
13073
2465
2465
2465
2465
2465
2465
2465
12724
13136
11849
13116
12759
12902
13
12629
304
12629
2118
13599
1825
1825
220
942
304
304
304
304
304
304
304
304
13143
13882
10009
13183
12629
12629
1823
12629
12731
13143
13882
12629
12824
2001
1287
817
13104
13084
1825
13974
12724
1825
12605
14050
606
606
13599
1427
183
12629
12629
12506
1427
12896
12715
12425
1503
1825
3347
1427
1825
44
44
44
44
44
44
44
44
2336
12629
13882
12629
12863
2150
12618
1503
13237
1825
12635
3271
3271
1825
3271
3271
3271
3271
3271
3271
3271
3271
13998
1825
1825
13569
14027
234
1825
12896
374
13599
609
14070
13380
3347
2465
95
13036
13380
12724
12724
544
2465
636
2465
13586
13882
746
304
304
12724
304
304
304
304
304
304
304
304
30
30
30
30
30
30
30
30
13116
13645
13925
13969
138
138
138
138
138
138
1825
1825
1825
13116
1825
13452
10007
12074
1825
1825
12618
10087
12534
609
1673
13073
526
12629
13882
1825
1825
12824
13599
1825
1825
1825
1825
1825
1825
1825
1825
12759
13516
13169
12445
12951
13973
10011
13973
86
86
86
86
86
13469
86
86
12587
13152
13220
12724
1825
1825
1825
1825
13380
12629
3587
3587
3587
3587
3587
3587
3587
3587
2465
2465
2465
13959
2465
2465
2465
2465
2465
2465
2465
2465
14064
1765
13350
13629
12629
12629
1287
13
13380
1287
374
13136
13400
1561
483
817
12972
817
817
51
51
51
12715
13031
1825
1825
1825
1825
12629
1825
1825
1825
1825
1825
28
12705
13226
2001
13220
13220
1825
1825
1825
467
12629
12724
12759
13993
14070
12759
746
1825
13350
139
30
226
1820
1825
1820
2984
2984
13925
2984
2984
2984
2984
2984
2984
2984
2984
30
30
30
30
1816
1816
12074
1816
1816
1816
1816
1816
1816
1816
1825
1287
1818
1727
1727
1727
12863
399
1727
1727
1825
151
570
2001
13998
12972
12587
12453
13646
13252
13452
1825
1825
1825
1825
1825
1825
1825
1825
1825
1825
1825
374
374
374
374
374
374
374
374
374
13213
13599
483
12957
13428
12453
12724
9760
12453
13474
1825
1825
1825
13896
1825
13302
1825
1825
11
1825
1825
2465
1690
304
474
474
13183
14070
1825
13059
13586
746
12724
746
746
609
12724
11833
13474
12930
1825
304
12498
12498
12498
304
12498
13586
304
889
12705
304
304
1561
13959
51
1561
12445
220
13190
13073
13517
12930
304
304
304
304
304
304
304
304
304
304
371
371
371
371
371
371
371
371
12731
371
2465
2465
2465
12618
2465
2465
2465
13380
2465
13568
1061
12857
13599
13474
13998
2465
12618
12618
12278
13
13517
12972
12453
14064
12425
12724
159
159
159
159
159
159
159
12445
12759
374
1825
220
1825
12589
1825
13220
13428
13380
12724
12445
1708
1708
1708
1708
1708
1708
1708
13238
13882
12721
13030
13136
13058
12635
12849
12896
10008
13380
12908
2336
2336
2336
12759
1592
12644
606
9790
12629
12664
12896
13238
13238
13646
13238
13238
13238
86
86
13969
86
375
86
86
86
12715
13473
13380
12972
13969
13220
13119
10007
746
746
9841
1825
12647
1332
1332
1332
1825
9973
12930
10011
12744
12587
51
13959
1825
1825
13599
13882
13568
1825
1825
10007
13169
1825
1825
1825
1825
12705
1825
1825
13116
9790
1825
12604
11849
12824
13882
13169
13882
3587
3587
1825
12724
86
86
86
86
86
86
2129
86
86
10011
13973
9760
1825
10011
374
13973
13973
13973
13973
10011
13973
1825
12724
2118
2118
13998
2118
2465
2465
2465
12453
2465
2465
2465
2465
2465
2465
14064
12731
12824
13059
304
13469
1615
304
374
374
374
374
374
374
606
12629
374
13569
12759
13190
13516
1825
570
1825
12902
817
51
51
51
51
51
51
1825
1825
1825
1825
1825
1825
1825
1825
1825
1825
13959
13532
12467
817
1825
1825
1727
1727
1727
1727
1727
1727
1727
1727
1727
1727
13882
1825
10011
1825
13969
12604
12604
12618
11849
661
12074
11
2118
13586
13882
12902
12618
12074
1592
1825
1825
1825
1825
1825
12863
1825
1825
13220
1727
1727
1825
1727
1727
151
13030
1351
1351
151
151
1351
1351
13190
1351
1825
1351
570
570
570
570
570
570
570
304
12759
570
3299
3299
3299
419
419
419
12635
12453
234
9843
1825
12074
374
374
383
10008
13136
14070
12604
1825
12618
13452
12604
570
12759
10011
12635
13974
13380
12715
1534
1534
1534
1534
1534
1534
1534
9993
11
11
12759
11
13058
11
11
11
11
746
746
746
746
746
347
13959
746
13142
1825
12724
12724
13136
304
304
304
304
304
304
12498
13206
304
304
304
304
304
304
304
304
304
304
304
304
1503
12445
14050
12618
13882
12722
13599
391
12241
13400
13073
391
10011
1823
12629
51
12721
138
51
12453
95
95
51
95
95
95
95
95
95
95
95
12908
13646
51
965
965
1351
1351
374
13067
1351
1351
51
1351
1351
1351
13998
12722
13973
12506
13104
1332
12731
474
13428
13350
11849
12664
1825
1825
13073
1825
1825
1825
1825
1825
1825
1825
1825
12629
12618
12635
12759
1825
2465
12618
13882
12902
13350
13930
13882
13998
13646
2465
13998
12561
2465
10008
380
380
380
380
380
11
10104
3586
3586
1592
2984
2984
13969
2984
2984
2984
1251
2984
3271
12644
3271
3271
3271
3271
13030
12605
12605
12498
13206
1825
220
12759
12629
12587
380
13
138
713
713
713
713
713
713
713
9790
13517
226
713
1962
2118
13969
1825
10008
302
12498
9790
1825
12629
12618
13190
14064
183
183
1825
1825
183
1825
183
183
1825
2465
183
12618
3347
2465
1825
1825
13062
1825
3347
1825
1825
1825
1825
1825
2465
1825
1825
3587
1351
3587
3587
3587
3587
3587
12632
12759
3587
3587
965
965
965
965
965
965
965
965
13973
12724
13084
304
746
746
746
746
746
746
746
746
11
1825
1825
1825
1825
1825
746
746
304
12863
304
14137
2465
2465
10011
2465
2465
2465
2465
12849
2465
2465
10011
12618
12618
13073
483
1825
13973
12534
13213
304
12074
304
12724
13599
1825
13350
12629
1825
1825
1825
12425
1825
1825
1825
13047
13206
807
12705
13974
13925
12677
9843
11849
12635
12863
13586
10011
13084
304
13882
159
1287
13974
1825
12074
13599
1825
12744
1825
30
371
13974
12604
10008
13428
1834
12759
1351
1351
12747
12724
1825
13998
10008
1825
570
13206
1825
1825
1825
1825
1825
13586
12724
12604
606
12759
12644
12644
12074
12759
1351
1351
1351
1351
1351
1351
12863
1351
13136
12604
1351
1351
12618
2336
12957
12445
998
998
942
998
1503
13031
13302
13646
10104
2118
13882
13882
13452
13452
13030
14064
12951
14064
9796
12930
12721
12715
13084
12618
746
746
746
746
746
746
746
746
746
746
3587
3587
3587
12908
12527
12724
3587
304
304
304
304
304
304
304
304
304
304
304
304
304
13206
12498
12453
942
304
1825
304
304
304
10011
304
12498
12425
942
371
12618
10011
1592
12363
13882
1834
13116
12930
12527
10011
13599
13238
12629
51
13532
51
51
51
51
51
51
1825
1825
1825
1825
1825
1825
1825
1825
1825
13400
13142
95
13073
95
10004
95
95
95
12605
12724
95
95
10008
456
12629
13067
13213
12722
9973
374
12587
24
12589
12759
14027
13143
13226
12705
12074
13599
12618
12902
12635
10008
12773
12759
12445
3273
3273
3273
3273
13206
1825
1825
1825
1825
2118
12635
2118
220
2118
12635
2118
2118
2118
13882
2118
12561
2118
2118
86
144
2984
2984
2984
2984
2984
2984
2984
3271
3271
570
3271
3271
3271
3271
3271
3271
3271
3271
1825
13664
12131
1287
13998
12724
1825
12957
13380
95
374
13586
304
1332
1332
1075
1075
13664
12604
746
12074
12604
12618
13350
51
14064
13532
12604
220
12453
12587
474
474
12498
12498
12498
12629
12498
12498
13058
1825
1825
1825
183
1825
1825
1825
304
13969
13969
13238
1825
53
1779
10011
1825
1825
1825
1825
1825
1825
1825
13646
1825
1825
2502
2502
2502
2502
2502
2502
2502
12951
13882
13882
12445
2041
889
10011
2001
1825
13882
1492
13974
144
13183
2465
2465
2465
2465
2465
2465
2465
2465
2465
2465
2465
2465
13316
942
1825
9993
13629
12445
12957
12453
13220
13516
13350
2282
2282
11833
2282
12618
9843
1825
1825
1825
1825
1825
1825
1825
1825
1825
13400
2041
13252
1825
2041
371
371
371
371
371
12902
13586
10011
304
304
12759
1825
12074
13998
304
304
304
304
304
304
3347
12629
1287
1820
3347
13883
3347
3347
1393
1393
3347
3347
12506
12506
1825
13067
12629
1825
12618
12618
12618
1825
14049
1825
419
13882
12644
661
13882
1490
13190
9843
12604
1834
1834
1834
1834
1834
1834
1834
1834
1834
1834
13237
1061
13646
12604
12605
1332
30
1332
13316
12902
1825
9843
13599
12759
1332
374
1332
12629
1825
14064
12445
12784
12721
371
371
371
371
371
371
371
371
374
374
12724
374
374
374
13067
2465
12724
13136
12824
10011
304
304
304
304
304
304
304
304
304
304
304
304
304
304
957
11849
2465
12824
13998
13586
1475
12902
2021
12930
220
10087
12759
2021
1287
1427
1490
13238
13143
12074
13664
12796
13568
12902
13169
12474
1825
1825
1825
9841
1825
1825
1825
1825
1825
1825
1690
12618
13
13452
1825
1825
13473
1825
12445
1825
12278
1825
1825
1825
1825
1825
1825
1825
12724
9790
10008
95
95
10004
10011
13883
9841
12453
1825
14096
51
957
957
957
12724
957
957
12724
14070
957
957
13428
2465
2465
12957
2465
2465
2465
2465
2465
2465
2465
2465
12724
2465
2465
2465
2465
2465
2465
11849
2465
13213
12445
12629
12425
14027
13142
11833
942
12467
12629
13998
547
13428
12756
12445
12635
2465
9841
1825
1825
12957
1825
1825
1825
12705
12759
1825
1825
12604
1673
1673
1673
1673
1825
13073
12527
12635
13882
13238
661
304
2465
13084
2336
2336
2336
2336
2336
13998
13474
12618
10023
174
12131
1351
13073
13083
3347
470
1332
12425
1478
1332
1332
12635
12744
2150
13031
13452
1825
1825
2150
12604
1825
12724
371
13629
1825
1825
12724
1825
1825
24
12724
12724
1825
1825
12724
10004
1825
12635
13213
12635
13452
1825
1825
13452
1825
1825
1825
1561
14136
12243
1825
9790
86
746
12957
13223
1503
1825
12902
11833
12635
10011
13091
13428
30
383
746
12498
51
13883
51
1075
234
12721
12635
13664
12849
2465
12618
2465
2465
2465
2465
2465
12849
2465
2465
13969
304
304
304
304
304
304
304
304
304
304
371
371
371
371
371
371
1825
1825
12759
10011
10011
1825
14027
12759
13599
12759
1825
12724
1825
13302
12863
11849
12618
918
918
12724
1825
13152
12629
11
11
3273
3273
12784
12784
3273
3273
3273
3273
3273
3273
1962
12629
13925
371
12705
12773
13309
1492
1061
12618
1825
1825
13226
1825
12629
1825
1825
1825
12605
1825
1825
957
606
606
606
606
606
606
606
606
13568
1551
13309
13646
13428
10008
13428
13238
12460
12635
13629
11849
2336
12759
11849
13998
11849
1825
1825
1825
1825
1825
13252
1825
1825
2336
1825
11849
2118
2118
2118
2118
2118
144
2118
10008
9843
13067
13969
1825
377
1825
2465
1825
942
24
1825
304
13353
304
304
304
304
12972
304
383
304
1727
1825
1825
1825
1825
12618
1825
1825
1825
12759
12618
12074
12759
12759
10009
12824
12721
13883
13969
1690
9790
12724
220
220
220
220
12629
889
13474
13206
12759
304
304
304
304
304
304
304
304
304
304
304
304
304
304
304
304
12759
1287
371
371
371
371
371
371
13998
12747
371
371
13568
13646
13380
13116
12722
12278
12759
1825
1825
304
13664
174
10011
12453
12618
1825
998
9796
1287
13969
1825
12796
1825
1825
1825
1825
1825
1825
1825
1825
1825
391
3271
3271
2118
391
3271
3271
12604
51
13237
391
12747
817
51
391
9843
419
419
419
12618
419
1825
782
782
1332
1332
782
782
1332
1332
1332
1332
2465
2465
13
2465
2465
2465
1287
2465
13142
2465
1525
11833
705
13213
1825
1825
1825
13190
1825
1825
1825
1825
14027
1825
13073
9841
13226
12629
1825
570
570
570
570
570
1825
1825
12724
12453
1825
1825
1825
9779
1825
1825
1825
407
9841
12902
12635
13930
13882
12724
1490
11849
1427
13169
2336
2336
2336
11849
2336
2336
2336
11849
1293
1293
1293
746
1818
1818
1818
1818
1818
2336
957
304
51
51
1825
13998
1287
391
391
13
13084
51
51
391
391
51
391
51
12074
11833
11833
12744
11833
11833
11833
11833
11833
11833
11833
13517
13517
12759
1075
1075
1075
1075
1075
1075
1075
603
1825
12629
13882
1825
1825
1825
1825
1825
1825
1825
1825
1825
1825
12731
12951
11849
10011
12902
12957
12902
12647
13883
12629
12618
12951
13646
3347
3347
1488
304
304
304
304
304
304
304
304
12715
304
13353
3347
13612
13469
10011
374
374
374
374
374
374
374
13664
374
13084
13238
12724
12902
1823
14050
304
304
304
304
304
304
304
304
86
13473
304
304
86
11849
13143
86
1825
1825
1825
304
1825
1825
1825
1825
1825
304
304
13568
13116
1075
304
474
304
661
12618
2465
2465
2465
12618
12724
2465
2465
13883
10011
12724
13882
942
746
746
746
746
746
746
12618
746
746
746
1351
1351
12908
12629
12629
1427
1427
12773
1427
13
12629
1825
474
13646
9796
1825
13169
12759
304
12724
1592
13882
13882
371
13142
12902
304
12635
12460
12629
2465
2465
2465
2465
12425
2465
2465
2465
2465
2465
13974
12824
12647
12902
13428
12724
889
12664
12618
1332
9796
2465
10008
13969
10023
12759
942
9760
12644
12644
12618
12618
3271
9790
11849
9790
183
12724
183
183
183
183
705
86
12425
1825
1825
12629
1825
12644
1825
814
1825
1825
1825
1825
13959
13190
1825
12618
12635
304
304
304
304
304
304
304
304
304
304
304
304
304
304
304
304
304
304
304
304
304
304
1690
1690
1690
1690
12824
12863
13143
9760
1825
1825
12074
1825
1825
1825
1825
13998
474
12863
13998
1825
304
1825
12629
12629
12721
12618
13664
13169
1825
10104
1825
3214
139
9796
12722
10004
12796
13646
12635
13220
12759
746
13030
1825
1825
1825
13646
1478
1825
1825
1825
1825
1825
2465
2465
2465
2465
2465
2465
2465
12951
2465
2465
2465
2465
1825
746
13188
12722
12759
419
1825
13959
2465
2465
2465
2465
12618
304
13084
12225
1825
1825
1825
1825
1825
1825
474
12604
1825
1825
12629
12629
13136
942
13925
13974
1503
13190
10011
9841
13059
10011
2041
12629
12589
1478
1825
44
10009
11833
11833
11833
11833
371
11833
11833
12759
13569
12587
1825
13586
1816
391
391
391
391
391
391
391
391
391
374
51
371
51
51
13959
12824
13084
144
144
144
151
144
144
12705
13993
13350
1332
1332
12604
374
12722
12629
13223
13649
13599
13036
1823
1823
1823
1823
12724
1823
1823
13143
12824
12972
13428
86
12759
12759
10011
13586
13428
12784
12721
13882
13142
13599
86
11849
431
86
86
2465
2465
2465
2465
2465
3587
304
304
304
304
304
304
10023
304
1427
13258
304
304
2465
13238
1503
13206
1427
2465
1427
13238
13238
13238
13238
13599
13664
12363
436
13238
10011
13220
10011
11849
13646
13220
13143
12724
1075
884
942
2465
13590
2465
1825
1825
3586
24
2465
2465
2465
2465
2465
2465
12445
13238
2465
2465
1825
1825
1825
14064
1825
1825
1825
1825
1825
10011
13226
3586
1592
12784
13516
957
1825
1825
13428
1825
1825
1825
1825
1825
54
12731
30
13969
1825
12957
1762
2465
12604
1825
1825
1825
13190
1825
1825
1825
304
1825
1825
1825
13586
11833
2465
13073
12902
2465
2465
2465
2465
2465
9841
2465
12849
2465
2465
12445
159
474
12635
13136
3586
3586
3586
13452
13062
3586
13882
13998
13474
13925
483
12467
13586
151
183
183
183
1287
1825
1823
1823
1825
10008
1825
13998
12629
1825
1825
1825
1825
12629
9843
12722
1825
13959
1561
1825
304
13882
12629
44
12724
44
12902
304
304
304
304
304
304
304
304
304
304
1351
1351
12824
1351
10011
10087
13183
1825
1825
1825
1825
13969
1825
1825
1825
1825
1825
347
12635
13213
13998
13045
12724
535
889
1825
889
1825
1825
13664
1825
1825
13473
1823
1823
1823
1823
13073
1823
12445
1825
1825
12705
13400
1825
12474
1825
1427
12629
1825
12629
1075
13599
51
1825
2465
2465
2465
2465
2465
2041
2465
2465
2465
1816
1816
1816
1816
1816
1816
1816
1816
13353
12445
12618
12618
12618
12722
14070
12908
1137
12629
2465
1393
12618
13169
10004
304
304
304
304
304
304
304
304
304
12527
13973
12604
474
474
474
474
10023
984
13645
13645
3299
13190
13084
12635
12604
11833
13565
12972
304
12629
304
1816
304
304
12453
998
12498
13213
12498
12618
13084
11833
889
1393
1825
12498
13238
13882
13882
10011
12629
10023
13116
2465
1332
12863
13190
1592
13136
1251
13516
13646
86
1561
391
391
391
13452
391
391
391
391
12074
1825
13998
9843
13517
1825
13220
13238
13998
86
889
12445
13969
10008
86
86
12604
13143
2465
12527
13380
10009
9796
86
9796
13882
13474
13599
13569
11849
13998
1825
1825
965
1332
2465
1825
13883
1825
12784
13190
1825
2465
1825
889
889
420
304
304
304
304
304
304
304
304
304
304
12759
1427
1427
12759
1427
1427
1427
12635
1427
1427
1823
13428
1503
2465
13969
304
304
304
304
304
304
304
304
1825
1825
2465
1825
1825
13350
1825
13532
1825
1825
1825
1825
1825
1825
1825
1825
1825
9790
12618
12618
1825
1825
1825
13517
1825
13
12453
1825
1825
1825
1825
3347
3347
12896
3347
3347
13142
11
11
11
183
12587
12724
12453
1825
1825
1825
13998
1825
1825
1825
1825
1351
9937
13067
13206
13206
12759
13036
13143
12604
1825
1825
1825
1825
1825
1825
1825
1825
13428
13883
13226
1287
2465
13998
2465
234
2465
2465
2465
2465
2465
2465
12618
12618
1287
12445
1332
12724
86
13882
3586
352
3586
3586
3586
3586
3586
3586
3586
352
352
1825
12744
12664
11849
1727
13067
957
2465
2465
2465
11
13142
2465
2465
2465
2465
2465
2465
2465
705
234
13353
13238
12724
183
12896
1690
304
13882
1592
11
13882
1825
1825
1825
1825
1825
10023
1825
1825
13084
304
1825
1825
13998
304
12724
13896
304
304
304
304
304
12498
304
304
304
304
304
12759
12744
1825
1825
9843
1825
1825
304
1825
1825
1351
1825
10004
1351
10011
1351
1351
13973
10008
746
1825
1825
1825
1287
13969
13316
11
12957
1478
1825
1825
1825
1825
1825
1825
1825
13238
13516
3271
12908
746
12527
14137
13220
183
12724
12467
12724
13599
12453
2465
2465
12618
2465
2465
391
2465
2465
2465
2465
304
304
304
304
304
304
304
304
304
304
12498
12629
12425
144
421
12498
705
13882
12715
1762
1762
1061
1762
1762
1762
12773
1762
2465
2041
13973
1825
2465
1825
12759
2129
13532
1825
1825
1825
1825
13532
13058
14096
363
473
12759
12724
12618
11833
12635
12759
1503
13882
13646
2118
1825
1825
2118
12131
1825
10008
12759
1825
10008
12604
1825
13226
13169
12605
304
12561
9843
13142
12796
12618
13238
12724
3214
3214
304
3214
3214
13586
13664
2336
12074
1432
2336
2336
2336
2336
2336
2336
2336
12635
12534
304
1816
12131
12635
13188
12527
12629
1825
1490
220
1727
13586
304
9796
304
13428
13084
13517
13998
304
13883
12618
347
304
304
304
304
304
304
304
304
304
304
12604
1478
13
436
436
13
13569
13
13
436
13612
13612
436
13599
436
436
1393
13452
1075
2465
13143
13400
374
13238
13238
13238
2282
2282
2282
2282
2282
2282
2282
2282
13882
12908
9760
304
1561
13136
13143
304
11833
304
1825
304
304
304
1825
304
13115
304
12453
12715
1503
12629
12618
12604
1825
1825
13516
1825
13883
889
10004
1708
1690
1690
13062
1727
220
3214
3214
3214
220
13993
3214
12629
1825
220
12629
1825
1825
3214
3214
1825
13599
9790
9937
2465
12425
2465
2465
2465
2465
2465
2465
2465
2465
13238
12759
2465
24
24
1332
2158
12618
14027
234
636
636
636
636
636
636
13646
13969
12731
1825
1825
1825
1825
1825
347
347
347
347
347
1825
1825
1287
95
95
95
95
95
582
13569
13629
12744
95
95
13998
13252
13
304
13031
13973
86
13119
12724
12604
2465
11833
12863
12902
13883
86
3273
953
12241
3273
3273
3273
2465
2465
13142
2465
2465
2465
2465
2465
13646
2465
12618
12074
12131
13998
371
12635
13136
12863
12863
1825
1825
1825
1287
12604
13143
13998
570
12635
13930
1251
1825
1825
1825
1825
1825
1825
1825
1825
1825
2465
1155
1825
1825
1825
1825
1825
13058
12635
12724
1825
1727
1825
1825
1825
1825
1825
1825
1825
1825
1823
1287
12957
371
12972
12930
13569
151
383
12664
383
1075
383
383
9790
13882
12744
746
151
13047
13599
13883
12724
12902
12635
12635
13136
12629
12722
2465
2465
2465
2465
1825
2465
2465
2465
2465
2465
2465
2465
12618
304
304
1825
13213
13599
304
304
304
304
304
304
304
304
2282
12618
9790
2282
2282
2282
2282
2282
45
1428
13213
1834
12629
2118
304
304
12629
304
304
304
304
304
304
304
304
13142
13516
12902
13206
13238
2465
2465
2465
2465
2465
2465
2465
2465
2465
2465
14136
13882
13599
713
713
1825
1825
12561
13646
474
1825
419
374
374
374
374
11824
13516
13136
13599
13238
1818
13169
3214
13882
12629
12724
12896
44
12453
1825
24
24
24
1825
13238
12506
24
24
2984
2984
2984
13586
2984
12618
12635
12467
13084
12724
374
1152
9790
12902
3214
1561
1561
571
1561
1561
1561
1561
1561
13353
13998
1561
12425
3214
13646
13428
13646
13116
1825
1825
1825
1825
12759
13136
1427
1820
12724
304
13238
13238
12857
12705
1825
13599
1825
9796
13206
1690
12759
13
10009
86
86
918
12972
13116
12731
12724
11833
14049
10011
9790
12971
12604
1823
13664
12744
13586
1561
9779
2465
2465
13067
2465
14136
1825
1825
1825
1825
1825
1825
746
12759
1825
570
2465
13473
13316
2465
13220
13142
10011
1393
1490
220
220
746
220
220
1490
1490
14136
12724
24
24
10004
144
10011
2465
2465
1592
11833
2465
1592
3347
3347
636
10011
3347
3347
3347
3347
3347
2150
2150
1825
12635
13646
220
220
13143
220
14050
374
1825
1825
1825
1825
1825
374
12849
374
12317
1825
1075
2465
2465
2465
2465
2465
2465
12731
507
2465
2465
13059
13646
12453
12677
12759
12972
2465
2465
13629
12629
12629
13190
220
1287
10004
12724
12445
1825
1825
1825
1825
1825
1825
1825
1825
1825
1825
12425
1825
1825
1825
1825
1825
95
95
95
95
95
95
13612
95
95
12629
12629
12453
11849
9841
304
304
304
304
304
304
304
13084
304
10011
13091
1551
13084
13206
1351
12724
1351
13226
12635
12604
746
746
746
746
746
746
746
746
13238
12896
13646
10009
10023
12629
13646
13169
609
965
965
965
965
965
10011
1351
13220
12896
474
1351
13452
13206
13452
12629
13959
95
13959
1825
13223
1825
12618
1825
1825
1825
1825
1825
1825
1825
1825
1825
1825
1825
374
1825
12605
383
383
1825
13882
12759
13629
1825
1825
523
1351
2150
1825
1825
12629
1825
1825
12453
1825
1825
1825
1825
12629
383
383
383
383
13896
383
383
383
383
13452
12629
1825
86
13883
705
9973
13599
13969
13878
304
304
304
304
304
304
304
304
10023
304
9841
13599
13649
13517
13
1673
1673
1673
13226
1673
1673
151
1673
12629
12629
13645
12445
13190
2465
2465
2465
2465
2465
2465
2465
2465
2465
2465
1351
138
13380
138
138
304
138
304
304
304
138
304
304
304
304
654
13612
12908
13350
12722
12453
12498
304
12498
12498
304
1332
12498
523
2984
12629
13380
13646
13428
12724
12618
1825
138
12824
10004
12824
138
13599
436
436
436
138
436
436
138
3586
3586
3586
3586
138
3586
3586
12902
13568
138
12930
304
13993
13568
44
44
44
44
12604
12629
1155
12902
1592
13569
2021
2021
2021
2021
2021
2021
13073
1727
1727
1727
1727
1727
1727
1727
13116
1727
1825
1825
12857
1825
1825
1825
1825
1825
86
2001
12724
12731
12618
2465
13569
13599
12618
13599
183
13452
12724
9796
13973
12618
13998
13428
13474
1075
13973
12902
13969
13896
13973
13993
13473
1592
347
1295
13143
9760
13664
13190
13452
13190
1962
347
1287
1287
1490
1490
1490
1490
1490
1490
1490
1490
51
13664
304
2465
2465
347
2465
13664
2465
2465
2465
3347
3347
3347
3347
3347
3347
3347
3347
3347
13084
12972
12587
957
11
12635
1825
1825
13238
1155
2465
1825
1825
1825
1825
1825
1825
1825
1825
2465
2465
2465
2465
2465
2465
2465
2465
2465
2465
13474
1152
12972
660
1825
1825
1825
1825
371
1825
12784
12618
220
1818
13646
1673
12715
13646
13629
13237
13973
13188
1825
12618
12972
44
44
1825
1825
1825
1825
1825
13143
44
1825
12724
12635
13532
12824
13645
304
12724
957
12629
746
12722
9843
12896
12864
12363
12744
10008
12604
12744
571
12722
13116
12635
13969
374
1825
12618
12759
474
474
474
474
474
474
474
474
1825
1825
1825
1825
1825
1825
1825
1825
1825
12759
391
391
391
391
1825
1825
1825
1825
13067
1825
1825
1825
13238
1825
1825
374
12902
12902
352
12635
12824
1825
1825
1825
1825
1825
1825
1825
1825
13974
12604
374
13084
374
138
138
1823
13188
304
12534
13031
13469
13882
13882
1825
12824
13474
12498
13213
12589
13252
304
