1.028116068135116379e+01,1.646762323848173537e+01
9.927650449922122533e+00,1.681421734711830851e+01
-8.181486823326332924e+00,4.656716073710359893e+00
1.062123946882170600e+01,1.646050169071140346e+01
9.775777285901392943e+00,1.654099341315479066e+01
-8.159734801648912850e+00,4.655538807540633428e+00
-4.899141597536974757e+00,-7.313232575006307634e-01
-1.454458032296439995e+01,5.006320146596435094e+00
-1.514639860104182745e+01,5.546914070060265267e+00
-4.408915729956826013e+00,-8.019898881538042312e-01
-1.499881721673112978e+01,4.735856809076667950e+00
-1.040970536345128217e+01,3.099133050538680934e+00
1.302893626019270990e+01,4.932194351985189407e+00
1.656636412686235360e+01,-5.808106510313404414e-02
1.637148225129390511e+01,-4.424341748637661276e-02
-6.924661202043197683e+00,-8.921494268654376114e+00
-3.963716659335216441e+00,9.880730448827222290e+00
1.448184740787935021e-01,7.112763117395974888e+00
-4.165751705630249546e+00,1.571891746765062337e+01
1.834074261182952359e+00,-6.986136318800301837e+00
-6.850382804602519471e+00,-8.993404011146658661e+00
1.811178523218366365e+00,-6.995034408746081844e+00
2.591684350120264657e-01,1.536734377683604791e+01
1.868847942104113979e+00,-6.969020067662908602e+00
-4.305142638846938929e+00,8.027421048117215463e+00
-6.029131679754083928e-01,1.246823149232333350e+01
8.876168132985243986e+00,2.888333867535058719e+00
4.939376151572600904e+00,2.376591280756388258e+00
1.748983454795408221e+01,5.901811966099013151e-01
-2.363822538853630029e+00,-5.119018467142621098e+00
7.802151337283048882e+00,3.801413215529810596e+00
-7.502211370366222987e-01,1.113245644187172800e+01
-2.462303812872033593e+00,7.597052072427538327e+00
-1.477549760341291574e+01,4.006497919407811636e+00
-1.478152985622985582e+01,5.187612117147338608e+00
-1.651093980982949683e+00,-7.695685107482814757e-01
-4.394504694947346302e+00,-6.447429106004612942e-01
-1.061122947801650085e+01,-5.147084755802633360e+00
3.075255852385100908e-01,4.397830994704786889e+00
-6.818276928231208345e+00,-9.311222037574008459e-01
-1.035732721003686230e+01,2.666605297443677358e+00
-1.097356977463511107e+01,-4.987203862428956747e+00
-1.574299541592060692e+01,-7.683036955368178766e+00
-6.230777491951764446e+00,-2.821451663544547905e+00
-6.318219263771832850e+00,-2.944100782584615050e+00
-8.540498402860873028e+00,-7.386135372951370570e+00
1.486450347425703455e+01,1.484110556571329509e+00
-1.126110381294922469e+01,-1.090978331512288335e+01
1.798696768979573868e+00,-7.002284966518526055e+00
-2.718164349605004304e+00,9.015691180406420813e+00
5.516967248982544092e+00,2.270453499736254876e+00
-1.051914236546113379e+01,3.438638608139206632e+00
7.213721772940862031e+00,-2.305000193789544127e+00
-1.342880262804042601e+01,-6.878705926092067990e+00
5.729971876789172747e+00,-1.500046246502404301e+01
-1.104000001647002271e+01,-3.613721019611674912e+00
-9.823745606007618036e+00,-4.175776444532169229e+00
-1.164644178721490775e+01,-1.109586979176766874e+01
-3.201645975349896867e-02,9.674410632492033812e+00
4.876969182568624994e+00,-1.493270249159505347e+01
3.607742249065374107e+00,9.875287527925610931e+00
1.018805293172107262e+01,4.013660982257931664e+00
9.256899312563566795e+00,7.065299216466345289e-01
9.203399235155196312e-01,1.131546037334292265e+01
-7.641317447751973246e-02,9.529711942123052282e+00
9.600684247115321313e+00,5.105291416468306309e+00
7.152644783935216743e+00,9.855194115693519663e-01
6.088040682807565496e+00,4.007691234721892037e+00
-3.116680478845909263e+00,1.215414276577473807e+01
2.150851652035544070e+00,9.597819339341397082e+00
-2.197647556650284439e+00,-5.848484683151716546e+00
-8.590225562285535688e+00,1.444794380985479165e+01
3.755053562004896595e+00,-2.153267224019639325e+00
5.490962058198505247e+00,6.997514154426294208e-01
5.668291442115369172e+00,3.874251331439914736e+00
8.584175647895625261e+00,5.069976094762224328e+00
1.680436902539870658e+01,-7.204955982073077969e-01
1.293381141092041942e+00,1.460142706690065850e+01
1.619512389556515686e+01,-2.345502967099285740e+00
2.080219801221499409e+00,1.054432822617893528e+01
8.219923475255965784e+00,5.266194916560429817e+00
1.462574274688836695e+01,-1.574718743350924433e+00
-1.865733610534187648e+01,-3.088660410910166743e+00
-1.113895916392820418e+01,-1.062141852726818847e+01
-1.294649533624836657e+01,-3.007076409853753240e+00
-1.398004910002331158e+01,4.378394250079105987e+00
-1.474840386330403241e+01,5.265080009141597017e+00
-2.391675290831846823e+00,1.159432728164613913e+01
5.052311564327275129e+00,-8.136010561212997372e-01
-6.670805467385426901e+00,1.109905414165574022e+01
-3.849593978391878668e+00,1.204351092508546905e+01
7.291668620042337068e+00,2.927628725000548382e+00
-6.756291996938377231e+00,1.232087581483608041e+01
1.636451174707216083e+01,-4.663959103973705500e-01
1.329351625379911805e+00,2.992574992963590752e+00
-6.154787548169084133e+00,1.139923049560340829e+01
6.808465187322083167e+00,-5.799999731575068651e+00
-1.412395253898847969e+01,5.472263901227944594e+00
-7.881448014514020883e+00,-4.558448763050965802e+00
-7.179915998638717767e+00,-3.824133962215859661e+00
1.609911828847932114e+01,-6.082960364914014040e-03
8.292308150640518960e+00,-8.200298455711618750e-01
6.590832217463127307e+00,1.315726169806412438e+00
-1.750295737271944096e+00,9.044357542296996400e+00
-2.789323627069720146e+00,1.594670295893024381e+01
2.298246633865981270e+00,1.501620500182832174e+01
-6.432950324323387647e-01,1.487557498383771204e+01
-5.455112688472983917e-01,1.692288302347103013e+01
6.968141151536539013e+00,1.212951634887512009e+00
1.017669657524438520e+01,-2.608148553308053508e+00
-1.254242966345659482e+01,-1.125048405635460647e+01
1.681626008438260556e+01,1.143595479235413714e+00
5.292367401824797923e+00,-1.503978177013293305e+01
-1.126600292830432615e+01,-9.751156470951103827e+00
9.668280610846005985e+00,1.722753933599684473e+01
9.789348450727707984e+00,1.724472057813732562e+01
8.706501309760298568e+00,1.700705277483497824e+01
9.495413532270148949e+00,1.661744991181989661e+01
9.657389616136150323e+00,1.660093651191400710e+01
9.433663687656622443e+00,1.665338940326304851e+01
9.489491901996855105e+00,1.677748041685656588e+01
9.296832761162361791e+00,1.655064172943767886e+01
-1.545447693393480115e+01,-7.658446529618399445e+00
-8.214447607052219880e+00,-6.275029183493767704e-01
-6.925431334942370398e+00,-3.395155473425046200e+00
4.520959066260106241e+00,-1.008406210175625084e+01
-1.057870680454929513e+01,-1.173198745140379362e+00
5.584918459585516359e+00,-1.423214495203298213e+01
5.568609995800793300e+00,-4.829054067960417029e+00
-1.034862695063394256e+01,2.453880464875686673e+00
-8.966423475617215644e+00,-5.925198082923079923e+00
1.058209772745138189e+01,1.508293893206756664e+01
1.052961061089635031e+01,1.513893912223858607e+01
1.000695922505365765e+01,1.515604921330881361e+01
8.463095589782220429e+00,1.656779028933279108e+01
-4.220643494157011233e+00,-4.442712789511999105e+00
-1.307289715353203263e+00,-1.298132816572257475e+01
-1.258545181539213464e+00,-1.298690002553676770e+01
-1.631696882625126355e+00,-1.298793648603228768e+01
-2.103049121798289622e+00,-1.292376778388670289e+01
-1.825961673104339544e+00,-1.291536580317259997e+01
-1.380271622446563651e+00,-1.299488842430430502e+01
-1.412615443853224351e+00,-1.299450231676880563e+01
-7.604324341862838121e-01,-1.720030638622865737e+01
-8.880934318478482581e+00,-3.326819428750158014e+00
-2.231002254841802479e+00,1.517870948687710220e+00
-1.454360663724230784e+00,2.473935002337492417e+00
-1.517926038342413797e+00,3.113816198155869852e+00
-1.053742485439919330e+00,1.642926808319945087e+00
-1.216615369437489935e+00,2.395993557346005609e+00
-2.023985073639175791e+00,1.533339311631247481e+00
1.074909534538226241e+00,1.413890394876472634e+01
-2.400012820450327045e+00,3.097656810605345257e+00
-2.183079183874341744e+00,9.656646478508212894e+00
-1.105141092897637023e+01,-8.827625417532601659e+00
8.540852354443927652e+00,3.980383601121544768e+00
8.977313026589403222e+00,2.102170437209281317e+00
1.527004822507807447e+01,1.473667954772424515e+00
-6.150249964612982900e+00,1.526831557026968866e+01
-5.178329710137853148e+00,1.290430132343356284e+01
6.730509859386214266e+00,-5.823683252326039117e+00
2.537213653574962979e+00,-1.465550287047035161e+00
5.039869379172061237e+00,2.358793172376552061e+00
-1.007681577820652663e+01,-8.551899942075339212e+00
2.983204356497191512e+00,-8.321613902546413089e-01
2.614020127669137494e+00,1.131175618987323617e+01
-1.384186251796555300e+00,1.238384095582497579e+01
9.537366634030560064e+00,3.923184895745298384e+00
2.820010554293556071e-01,8.359147859164256289e+00
-4.911235056863573867e+00,8.367871989365589513e+00
1.633193764681807991e+01,4.581979323228186907e-01
1.465105370907007476e+01,-1.270380780580006252e+00
-2.650688393149829847e-01,1.335101785084007098e+01
1.504148049547831612e+01,9.211603463420091620e-01
1.402717022227779431e+01,-1.684436072841048571e+00
1.227720229957872000e+01,7.632193926673037643e-01
1.576162640753542199e+01,1.946371571740449058e+00
6.109284721423489550e+00,-2.724301246344225103e+00
4.648184169646476960e+00,-4.069303728045248647e+00
8.934577156214620897e-02,1.653539318883509779e+01
8.731033404505060602e+00,5.324726010021060496e+00
-9.892205455617473220e+00,-8.988933855950559604e+00
-1.485955891368390525e+01,5.284276563139135519e+00
-1.548846770605875989e+01,-7.665758291604377384e+00
-9.557384369959462944e+00,-1.062298634048006285e+01
-1.038031800932399484e+01,-6.621527983654352134e+00
-9.235267144018104446e+00,-7.104963004477792055e+00
-1.405711320908439355e+01,4.062730210491606542e+00
-7.886771099277840591e+00,-6.364815497250830845e+00
-1.170740971540827502e+01,-1.079918349549913970e+01
-7.157314520385098078e+00,-1.444606478144169337e+01
-5.271802505986650900e+00,1.382093774308001777e+01
-1.722567319836639754e+01,-2.941304508970621789e+00
-1.284637462571725397e+00,1.666675985682483585e+01
-7.462238685631469970e+00,-6.685661937459584259e+00
-2.721953693701270716e+00,1.173643610004182847e+01
-1.194890495088711146e+00,1.666117606842188081e+01
6.890706567548162909e+00,-1.073537636139812568e+00
-6.219704337520764348e+00,-6.649897505617365034e+00
4.900947807626537589e+00,7.753311744292049390e+00
-9.587684539602846223e-02,1.484361380865665048e+01
-2.234693144174238200e-01,8.891130146778150944e+00
8.283228779874203695e+00,1.905660207410984297e+00
-2.435982964421331776e+00,-5.165895456898527804e+00
-5.676288495256442523e+00,1.246204356425889870e+01
-1.057056907020530723e+01,-1.021660095037163174e+01
3.237422670649975576e+00,-2.397543797857636605e+00
-1.040238936786377089e+01,3.110626533926238224e+00
8.375789985556693074e-01,1.116361137167824147e+01
4.532553034484378074e+00,-6.521139440611207760e+00
6.406738305191134408e+00,-5.783076174140656889e+00
6.866243085823849901e-01,8.670245681992378550e+00
-3.279852001129559991e+00,6.031769746798552490e+00
4.825655544461492141e+00,1.989955548315757827e+00
6.706076104386964332e-01,1.459442102585198775e+01
-3.059161868577303309e-02,1.570751630453593251e+01
1.868285802874325219e+00,1.687508423119482259e+01
-6.376430524959817436e-01,1.142796178045811040e+01
-1.753226565892606814e+01,-3.702419684943956568e+00
-1.297245589799871546e+01,4.862164429534311938e-01
-4.471665531172000385e+00,-9.367380851086856808e+00
4.175956160233285530e+00,1.566722964435623422e-01
-6.945685431704244017e+00,-3.117347174621779793e+00
-1.084681211761109232e+01,-1.089434411071897024e+01
5.559300463054090535e+00,-1.458689740482334862e+01
-1.721559193209741423e+01,-3.089441865862028180e+00
1.281124121223754742e+01,-9.766241211461904825e+00
1.241381688551916085e+01,-9.839551967719845749e+00
1.270947415089748667e+01,-9.805200329340761911e+00
1.267025982637783521e+01,-9.792659990427940997e+00
9.730752161885199314e+00,1.727991455454322178e+01
9.736254935503470875e+00,1.728980612715033160e+01
-1.176568692791490101e+01,-1.013638176856239959e+01
9.731924926866559744e+00,1.729028111040238258e+01
-9.445022009167455934e+00,-7.845381278253866775e+00
9.216635009418792990e+00,1.709989049914639025e+01
9.824930812308759087e+00,1.713530685920836305e+01
9.788516797751073639e+00,1.714591630897162844e+01
-5.720538590003712009e+00,-6.702283732352298351e+00
9.670529332167944858e+00,1.724833180068583260e+01
-2.754524849745502380e+00,-1.288984967425212069e+01
-9.374214319408118001e+00,-5.049903592407629205e+00
-8.234226268685508998e+00,-6.281813631240469320e+00
-7.225059525322349074e+00,-1.599047680390586201e+01
-8.443819458097783226e+00,-1.672045644942089737e+01
-6.954896869110942959e+00,-1.744774221625437249e+01
-7.034796963032351691e+00,-1.635916536942511712e+01
-8.375823511186537118e+00,-1.672010718776262905e+01
-1.043198035344511254e+01,3.129509221087972026e+00
-6.936024382877374883e+00,-3.148500857316723689e+00
9.037562997105789364e+00,1.681159752591223722e+01
9.642127315138612431e+00,1.656908916117022557e+01
9.966440221907541641e+00,1.631385861782154478e+01
9.310099823930839236e+00,1.657444191311124371e+01
9.590411829352657236e+00,1.667698751240907029e+01
9.440738120328278526e+00,1.670496708404673214e+01
9.597583692357641638e+00,1.667905986175404465e+01
9.714224446892503195e+00,1.651534471923799785e+01
8.451738595299467249e+00,1.661994131674719455e+01
-4.477745007112348574e+00,-7.249284319163582513e-01
-9.851772932935169536e+00,-4.113185443341058622e+00
-2.415969783524594128e+00,-5.088524138879746417e+00
3.993194680832867771e+00,-1.339894858999311467e+01
-1.218963612972596877e+01,-1.091213401353881451e+01
-1.065118678181726075e+01,-1.047433401793004570e+01
-1.296588387612830795e+00,-8.948726438302580632e+00
5.676911889572972214e+00,-1.503914308207655637e+01
-5.064320515035566572e+00,-7.080577006944276164e+00
4.317198392067302493e+00,-1.040984113019564283e+01
-1.089083087222498314e+01,-9.295874864035855722e+00
3.350383196192517898e-01,-1.711515891957407476e+01
1.825917244993974786e-01,-5.613217035616267836e+00
-1.062457099850904463e+01,-6.565937248392672565e+00
-1.456393394053639156e-01,-1.808523387872283905e+01
2.901167630191728186e+00,1.448755243545983262e+01
-7.411616705949441553e+00,9.340789751094526139e+00
6.438471761866320087e-01,1.049395476838632746e+01
1.009404262986375223e+01,3.819215830013270030e-01
8.885208410055399852e+00,-2.843260980136685490e+00
3.249361337110911130e+00,1.409129045531258839e+01
-1.732745864557552640e+00,1.586216348224790273e+01
1.015455118700069725e+01,-7.648144330485108222e-01
-6.092983785372821925e-01,1.033958330507181245e+01
-1.630825533700497099e+00,7.251627449379622448e+00
7.018085353871454934e-01,1.257844641029434740e+01
-5.558595002619496128e+00,1.725919402005148129e+01
-1.267047998530082653e+00,-8.907678532825459072e+00
-1.007482762115879105e+01,-6.709916080380286196e+00
5.776439695315027656e+00,-1.478110992170892324e+01
-1.012546147159026688e+01,-1.040686646621194456e+01
-1.730626160382371737e+01,-3.589856582710941879e+00
5.421185283098202135e+00,-1.454177994848109812e+01
-1.023991101140193116e+01,-6.610012363400084467e+00
-1.333605379880031583e+00,8.516706346955913887e+00
1.010149866389111395e+01,2.175139171619449918e+00
9.866036065417274514e+00,-3.257894260619825233e-01
2.834168014124008650e+00,-1.289775795474724340e+01
-9.287672089954437382e+00,-5.594904254899395468e+00
-6.580565900412186586e+00,1.163134162180894648e+01
1.278986975026529116e+01,5.079422081979294568e+00
1.456999456542949289e+01,1.503840377171710374e+00
-1.297319514746613578e+01,4.841921507218421294e-01
1.310695173055915319e+01,2.075529051529884761e+00
-3.726415482354488606e+00,1.569498486262991577e+01
-3.972739136346841171e+00,9.990974359678334693e+00
1.646756862447121605e+01,-2.354053371937378181e+00
-2.324655819563681725e+00,1.078209635872012839e+01
6.261509537418675997e+00,3.479847815107787845e+00
1.628246761724123814e+01,-2.165381111271018177e+00
1.403145835342787962e+01,-1.077454788893805304e+00
1.742701571350239576e+01,2.000328853050056810e-01
6.370381737437217140e+00,9.567219155492338034e-01
1.752770249990018669e+01,-5.825108734818523759e-02
-1.496237482924498963e+01,5.678209168057520628e+00
4.305813015329317928e+00,-1.038920183289146237e+01
3.681600491764535743e+00,1.433785473657961518e+01
-2.914751845642663319e+00,1.045360234621986883e+01
-2.572950610910878400e+00,1.091606258218107328e+01
5.226687162948791959e-02,1.451060687976626618e+01
6.911413046299035301e+00,-5.800486593530892243e+00
7.643957821609234315e+00,-5.403342466787582232e+00
-3.655940211916660409e+00,1.512461351025113743e+01
1.028150128312449851e+01,-1.067022441671945154e+00
-7.393475502954303558e+00,1.261554941223706372e+01
4.504798092503513374e+00,1.363901992932063578e+01
-1.070736257531634550e+01,-1.077609096463831051e+01
1.539698578738526891e+01,-4.915413534230178572e-02
8.767364177742170028e+00,2.713013931606605311e+00
1.045502128023092858e+01,5.324803417232336855e+00
-4.481712469305729307e+00,9.804269269703926426e+00
-8.260398926160844368e+00,-7.748462334172640631e+00
7.507039104301263421e+00,2.201936982380307661e+00
-1.043133579486712925e+01,3.207478468893175005e+00
1.316255840712036829e+01,-9.533382998537240027e+00
-1.223214973456840404e+01,-1.056100957675792529e+01
-1.333338338682219515e+01,-1.097666240603223287e+01
-8.223402048703686518e+00,-6.329961633353780037e-01
-8.229080908847342002e+00,-6.478057846509538642e+00
-8.711371104074354221e+00,-2.243508347552893856e+00
1.265989243772171768e+01,-9.804308592751214135e+00
1.264695512438590619e+01,-9.831114151548844049e+00
1.229877848802077978e+01,-9.856661764740595189e+00
1.257627421124189482e+01,-9.834173483660949344e+00
1.246660636436552139e+01,-9.831226320081604797e+00
1.018088518424506361e+01,1.554315801495877025e+01
1.050562739017758140e+01,1.508675330589995767e+01
1.099372252984156084e+01,1.532307152101223124e+01
1.122448596745031146e+01,1.608035798626636392e+01
-1.327028201630625848e+00,-9.044331705120914222e+00
-1.061825925783037583e+01,-1.356242666965242982e+00
-6.132411180975690712e+00,-1.697877649376446385e+01
-7.118145270187822504e+00,-1.741775375198411879e+01
-7.313991471051459747e+00,-1.589554994930409038e+01
-7.251532693528023543e+00,-1.741318338953550438e+01
-7.062513102053531000e+00,-1.663952806420167363e+01
-1.072822704808409355e+01,-1.499972621159961106e+00
-7.310975658850152215e+00,-1.593109929846685624e+01
-7.091231727084628567e+00,-1.633768665397231601e+01
-7.080612648092593275e+00,-1.617067753679908293e+01
-7.445945050110565511e+00,-1.536061168563654000e+01
-1.078849049239190983e+01,-1.301411545075295884e+00
-1.338531945954352942e+01,-1.170281078013894316e+01
-1.064005268216327593e+01,-2.169319165365619639e+00
-1.052690886218916155e+01,-3.147938801409938314e+00
-1.122559312921530505e+01,-1.078597055072359723e+01
-1.091699674135591813e+01,-1.100884796230044493e+01
-9.767483191499058970e-01,1.100789890675599025e+01
5.172979168428774699e+00,-5.069327642517854393e+00
2.353941016861572422e+00,1.098818949178102677e+01
-8.471632331402309646e+00,1.440772295692145022e+01
9.330430797422915035e+00,4.648902036913302283e+00
4.180062989467662860e+00,1.244340291926664754e+01
1.465775104160852749e+01,1.806918010031637323e-01
4.862690957672955783e+00,-3.438420706829072415e+00
-1.117114869522001452e+00,1.285638718326823771e+01
-5.343672526213265606e+00,8.845490295479573106e+00
6.189765868182602659e+00,-2.382949731209289101e+00
-6.085351645571179802e+00,1.376738727699290799e+01
-2.626051084320597973e+00,1.018211290662587665e+01
1.730513315035489219e+00,1.238415137331626248e+01
6.134457615432366673e+00,-5.789234099783237220e+00
8.707178349714123300e+00,-1.862553700366142317e+00
1.463994679872378768e+01,3.020774817042372273e+00
1.191615133802258253e+00,9.257998505754674312e+00
4.539970497027643326e+00,-1.450697315857177205e+00
1.477137489998049702e+01,5.490782516872115826e-01
-3.293267498272193894e+00,1.386132073286488264e+01
1.148516369070789622e+01,1.514781090418792830e+00
1.080655535351001895e+01,-9.941286808852964896e+00
1.114578674474468123e+01,-9.937181689575510291e+00
1.163555274424654229e+01,-9.945096434892219506e+00
1.200773745447054708e+01,-9.860887803997819390e+00
1.136976976518697136e+01,-9.951861659334706900e+00
1.122310634518956896e+01,-9.929208021979146537e+00
1.174822291751109660e+01,-9.907633487589068366e+00
1.202741186709667787e+01,-9.854238722923446048e+00
1.168572999807640578e+01,-9.896991744694448201e+00
-1.041716011758941640e+01,3.144426614628521577e+00
-1.193269848142616318e+01,-1.055300479525219082e+01
4.148015685903741812e+00,-1.061779415192545173e+01
-3.572147975980562773e+00,1.106070001960560845e+01
1.159137788085056364e+01,1.690515744302766743e+00
-6.708826902769192690e-01,1.471137900821670463e+01
1.723296033084531587e+01,-4.240444424997663608e-01
4.103682847632929231e+00,2.338845651210174292e+00
5.061929663882916763e+00,-3.655028779885161061e+00
1.638009393854765605e+01,-1.971909581731997818e+00
-2.019388592023327433e+00,1.164735696501104023e+01
4.329782525289943784e+00,-3.104840600240785231e-01
1.640135263989630587e+01,-2.224858285457566698e+00
-1.167324627754078747e+01,-1.037846093595844899e+01
-1.475053818558303576e+01,5.319276947581731640e+00
-1.477971307949879609e+01,5.470767531526122163e+00
-1.472818563001383119e+01,5.188388711432255995e+00
-1.452901621656321041e+01,5.049831642045266911e+00
1.479353830544947179e+01,8.767381380689426296e-01
1.400035560002893575e+01,9.780971322868164952e-01
8.127731783966011259e-01,1.353408379278743290e+01
6.375465067860217161e+00,-1.356841396991198101e+00
-1.307733635903419289e+00,-9.003783643386967128e+00
2.567588193529232843e+00,1.379851995275503107e+01
3.821715089762976358e+00,3.270213757670552113e+00
1.442610598330247562e+01,-1.636659749474044689e+00
6.837348106102198564e+00,-4.099025542249556509e+00
-9.379189942210852671e-02,-1.811857513534546626e+01
-6.250348737055209547e+00,-4.824370011864457908e+00
-4.489097868778372913e+00,-8.543970668149926118e-01
-9.941800588341638545e-02,-1.810956935098019827e+01
-8.915649536112257856e-02,-1.806961484637586324e+01
-1.163367936976626105e+01,-1.162246899720183713e+01
-2.288091752437168669e+00,-5.771276453807435480e+00
5.989406997155822587e+00,9.209453606428485983e-02
5.510671709189003842e+00,-4.045798469343680814e+00
2.597271135258303332e+00,9.613987333270634039e+00
2.683674862023367247e+00,1.454406301477890828e+01
-5.046729771684667298e+00,1.236366369011288846e+01
-2.329540645292901502e+00,1.486057994186303510e+01
-4.422997004752261319e+00,5.150648560555165290e+00
-7.942606646068433029e-01,1.408448570765247787e+01
3.504674818200085085e+00,1.393214855783770822e+01
-3.470019509461838236e+00,1.058519098327162489e+01
-1.116206275009901105e+01,-5.924011681451078815e+00
7.252487703210237058e+00,-2.260741241151021708e+00
-6.816336342290201245e+00,-9.268234801066789208e-01
-1.026348547241634535e+01,-1.010035068541239944e+01
-7.334334291290223184e+00,-1.251132554402948394e+01
-1.018362575902515310e+01,-6.999211168846586339e+00
-1.658809257325181008e+01,-4.934009977739382435e+00
-1.114592254788641768e+01,-5.621003326672307843e+00
5.737168977833665195e+00,-1.509624067528651636e+01
-8.212751722982719826e+00,-7.237731198150634260e-01
-1.239246603426633975e+01,-1.010291760201563704e+01
-7.445085619897229279e+00,-1.408731125864310130e+01
-8.665484149792694879e+00,-5.689136938889985728e+00
-7.080401860022829119e+00,2.840936566006365904e+00
-1.137800388947975527e+01,-1.098960328735574343e+01
1.257104344780859151e+01,-9.819051149720696259e+00
1.271436458681459492e+01,-9.791724011849563425e+00
1.220272803984941490e+01,-9.847395311776161009e+00
1.274527900535747982e+01,-9.735263869619155130e+00
1.251745056920707277e+01,-9.783917449522716581e+00
1.270032756992505441e+01,-9.819866294472523904e+00
-7.313079689363894964e+00,-1.228769118637796076e+01
-6.332080141123001660e+00,-6.709664244186318349e+00
1.064872249586706765e+01,1.509829447096974953e+01
1.064237053591756066e+01,1.498690482245068623e+01
1.114800521647080522e+01,1.561290097012285827e+01
1.109169125646089782e+01,1.557142659701491105e+01
1.124276889530445089e+01,1.531415439161602876e+01
1.132007217779264607e+01,1.526817054473729485e+01
1.124034018168789650e+01,1.530913120365790192e+01
1.122433220977187318e+01,1.531533114365242554e+01
1.055363436107039909e+01,1.527009370262313404e+01
1.073409485610706504e+01,1.525312378787730516e+01
-1.054078284408610600e+01,3.501907889918501215e+00
-1.353993724207268379e+01,-1.130246730446259562e+01
-1.413660984149387367e+01,-1.067967192914068697e+01
-1.392340748478675749e+01,-1.218002321311041847e+01
-1.381138281267787526e+01,-1.108178242199585917e+01
-6.807821904603618357e+00,-1.664861550823323100e+01
-7.155383128098677936e+00,-1.607761921069025135e+01
-7.127937046921001496e+00,-1.616440790742628408e+01
-7.051757405971566861e+00,-1.626870851043836552e+01
-7.375939692475700582e+00,-1.610210833276824260e+01
-5.729038179684772025e+00,-1.661859549496108812e+01
-7.467489517390600184e+00,-1.610525288214734374e+01
-7.432751562127832834e+00,-1.554976988829452722e+01
-8.988507244245578232e-01,1.140819885443321979e+01
-3.260707241299377390e+00,1.494903665788153546e+01
1.426227762048847048e+01,-9.970092993904492440e-01
6.817546072420316072e+00,1.346826873719122020e+00
6.322719219615853703e+00,-1.629024629557058956e+00
6.848866974041249556e+00,6.366501989935538397e+00
4.876316959148016217e+00,3.239629582730309210e+00
-8.723428630299058240e-01,1.383328440474867982e+01
-1.050721361865236325e+01,-1.585038288731215550e+00
-1.473230608723752866e+01,5.353716078478658602e+00
1.582723227986602588e+00,-7.095286341818326292e+00
-2.556127771971361984e+00,6.608062169986702372e+00
-1.348959887558338444e+01,-1.123328044506335033e+01
-6.384188850518704328e+00,-7.987119912893172469e+00
-7.336286695034200278e+00,-1.415134600540189957e+01
7.436252023110645482e+00,4.727239032273767627e+00
-5.015959786646644325e+00,1.298183514023398288e+01
-6.064502371975937223e+00,1.061695458659833946e+01
-1.528517347835623763e+00,1.199951405532199544e+01
9.854157399416839880e+00,3.942438155221567264e+00
8.111520158384063706e+00,3.767463891376055862e+00
-4.535020694279311648e+00,1.516637110883909223e+01
-3.246909528961311242e+00,1.520559703188804512e+01
-3.367776238481130502e+00,1.249503914361484469e+01
-4.093752221424632687e+00,1.632043967922141192e+01
1.086128084771135072e+01,-9.949066178807450811e+00
1.067205271050777249e+01,-9.966598143135138699e+00
1.117138858345529151e+01,-9.929303277303084485e+00
1.086578555806583957e+01,-9.945919633876057375e+00
5.178493638897531781e+00,-1.483091651715562520e+01
-9.193558358417313059e+00,-6.469185791707162458e+00
-7.957269901333632767e+00,-6.410038617554926432e+00
-1.209778041614493382e+01,-1.200268430587891721e+01
1.645992300598350155e+01,2.987353864283353921e+00
3.531080930369688620e+00,1.198957320582829666e+01
-5.398138150592879825e+00,1.221477230460190633e+01
-3.538130291228490432e+00,1.435555219396960780e+01
8.017019491253391195e+00,-2.631742095761985922e+00
5.596576600659497913e+00,-2.907429663891935689e+00
9.511512103663649853e+00,8.986417376309332461e-01
-2.367549592486134724e+00,1.311036091994970398e+01
6.030925839107600162e+00,-2.121951400287853673e+00
4.679362794495789402e+00,-6.523916173123294193e+00
-6.623844283843894232e+00,-4.276846848022056946e+00
-6.683486783254336316e+00,-3.869969687201944453e+00
-1.473540244004306921e+01,5.124803935329746096e+00
-6.605188961944152837e+00,-4.411475822920560397e+00
-6.403008529539317095e+00,-4.254661800786529113e+00
-7.820656149498780962e+00,-4.411487608003141325e+00
-6.037619092129761889e+00,-3.556568232946724528e+00
-6.697295057848816846e+00,-3.815181861668348606e+00
-6.487706317725048244e+00,-4.190286296605660432e+00
-6.669614729382421281e+00,-3.980680302161827999e+00
-6.549357849626880501e+00,-4.182459996113844447e+00
-1.508117607408924243e+01,5.509204390528608108e+00
-2.383742737212512619e+00,-4.980899911847163075e+00
-9.814202497011399018e+00,-1.011377721946043629e+01
-1.090073778986327124e-01,-1.813880353401762946e+01
-1.460064455043763032e-01,-1.816811131204756080e+01
2.908907621341847438e-01,-1.790217009680002391e+01
1.483988076121385280e-01,-1.782554569555128765e+01
-1.041883866115335699e+01,-6.636718534661000035e+00
-7.082218471835286522e+00,2.837504277990471113e+00
-9.542130592826447710e+00,-5.078259029905556332e+00
6.531706427933258396e+00,-4.558576275646200493e+00
9.830969131733811039e+00,9.603651693260442102e-01
-4.800288531224852662e+00,9.205433626597153918e+00
8.806724547538316017e+00,-3.314877886034859777e+00
-1.267630455109800769e+00,1.486421991966526512e+01
2.869467756847302375e+00,1.265167895457295977e+01
3.708340548066737519e-01,1.279048981343749425e+01
-5.595191379022084632e+00,1.529865589333737930e+01
-2.368435907107549365e+00,9.719163411253060048e+00
-3.093130929794358219e-01,1.458862238556628554e+01
1.265293916097029481e+01,1.056494052917306137e-01
1.598975164742353350e+01,1.586247019793274537e+00
-1.359132460484175375e+01,-1.089152581665886643e+01
4.215857156190750743e+00,3.540286957697603487e+00
8.383948937923001665e+00,4.799582727463745258e+00
1.541493090499162477e+01,8.867561495069725686e-02
7.043285344046024132e-01,9.511567417721124684e+00
-1.245416018347618348e+01,-9.784703062308029331e+00
-3.958705104778390105e+00,1.490268031841482888e+01
-4.339480478007530451e+00,1.379828930372813645e+01
-8.138557234503807081e+00,-9.136337174985387222e+00
-1.383246203528639695e+00,8.314916574654546366e+00
2.996293531090463258e+00,-1.319754291858176209e+01
-6.506603971041848844e-01,-1.730478869100683426e+01
-1.604070051731407887e+01,-2.875716893737164881e+00
-1.574425449277850220e+01,-2.919556154474125531e+00
-1.657482433977387615e+01,-3.122001222827941014e+00
-1.565954352874654631e+01,-2.948095443930630832e+00
-7.055971223824717420e+00,-5.821747910133176163e+00
-8.564426401423553159e+00,-6.258983172261960881e+00
5.539752415840809796e+00,-1.490169697276727945e+01
-1.367996653215773684e+01,-1.065325963632144557e+01
-1.348891654242121874e+01,-1.102667001866932850e+01
-1.380542261543196858e+01,-1.148977935398701788e+01
-1.399965886412879001e+01,-1.222550435644304123e+01
-1.379051318974253171e+01,-1.149747992468289048e+01
-1.396861281829073498e+01,-1.078584278851428557e+01
-1.323861527077771427e+01,-1.165783311597937377e+01
-8.349641682304643098e+00,-1.414588776746256649e+01
-8.374458107966168185e+00,-1.424555024313047902e+01
-6.962868265164692261e+00,-1.745431838886716136e+01
-9.114697958110109965e+00,-7.566337702993501502e+00
-7.384552736467395739e+00,-1.536649796711921567e+01
-7.065281837592240599e+00,-1.648050497088486566e+01
-5.653254553449777120e+00,-1.655212188212130187e+01
-7.315928752846914129e+00,-1.569323548391964174e+01
-4.164402255221371973e+00,8.091136652594286716e+00
6.163059824584190771e+00,-2.913404771737252985e-01
-8.539973370433633804e+00,-1.482967915153998462e+01
-4.452233526691601995e+00,1.529286564678236360e+01
-1.046109722180505130e+01,-7.660239207974706144e-01
-8.154000236858667705e+00,-9.058602796423228298e+00
-1.665295799674234445e+01,-4.476201204009125689e+00
9.683975526353085783e+00,-5.279130536136560359e-01
-8.360930711207215538e+00,-1.417261547433833080e+01
6.774925785184835014e+00,-5.877119232805750215e+00
-3.357349308889653550e+00,1.465829114834559554e+01
-3.329275264595129791e+00,1.552188198638056882e+01
-8.968981953059571577e-01,1.024461094110223769e+01
9.343948325659837906e+00,-2.272969769515778005e+00
-4.718410284728904891e+00,1.487203134451080011e+01
9.076802830915157827e+00,5.603570531353810225e+00
-4.102929253662650488e+00,1.260232165109637315e+01
8.292657531694073825e+00,4.429341484782031713e-01
-2.583771952607179845e+00,-5.720171058104152273e+00
2.601150515811690322e+00,8.380895794564741763e+00
7.061389797864651818e+00,-3.220288337725473404e+00
-4.990006590006576204e+00,1.033110355811603753e+01
-4.777725746031523002e+00,1.515915880940541172e+01
-1.398735019320035278e+01,3.705508524409679261e+00
-1.472244258923026550e+01,5.677982015886188449e+00
4.322670039020260369e+00,3.178919154913408818e+00
1.205998191806387076e+01,5.736917911473845555e-01
8.613552841259608073e+00,1.831804732372669609e+00
-1.573542497813160956e+01,-2.671327636360995239e+00
-1.495060110349695215e+01,5.397133123038533320e+00
-1.733213009374077407e+00,1.284481762357859758e+01
4.276380005595290967e+00,-6.312489253047343318e+00
-7.867832278174938132e+00,1.292102123645236311e+01
1.759971304538089498e+01,-1.023925789182329904e+00
1.485059370551167035e+01,1.708324084838066748e+00
1.464076365189651519e+01,1.865483997323338139e+00
6.719792763274273995e+00,1.139371710976634144e+00
-9.631000437215224252e+00,-5.651378306317975664e+00
-8.153118715947048400e+00,-8.688491405753287822e+00
-2.414973180796184060e+00,-5.042392159089256864e+00
-1.054344749076459209e+01,-1.089349486159008862e+01
-7.073658780187165540e+00,2.853440293976639008e+00
8.606609589899571588e+00,-2.085047212533821970e+00
2.509641067361980227e+00,8.335676181638248750e+00
-7.539075395128108426e+00,-5.936895719020908402e+00
8.285418058232972172e+00,4.629259828290716250e+00
1.280133664024384110e+00,1.124351878099799684e+01
1.660532823948744907e+00,1.165674175877314411e+01
-1.416520599783994960e+01,-1.082788392616426698e+01
-3.121759917824918240e+00,1.694627324827417070e+01
-3.911356362857020486e+00,1.392509612572563427e+01
6.399838158848838887e+00,2.148755063810703803e+00
-3.691437487391950434e+00,9.767678466847097951e+00
-9.015041679452705736e+00,-7.881741382565708776e+00
-1.608588580498103937e+01,5.092350418807765955e+00
-3.430617896106614495e+00,-2.548483035483820824e+00
-7.393624942043620862e+00,1.279943769530697040e+01
-6.426873694200668119e+00,1.042871959199174370e+01
-1.305841253144928382e+00,-9.021400730767947351e+00
2.756446651185411767e+00,1.103181151342219479e+01
-7.053380970599224753e+00,1.483899060094836386e+01
1.981829524344264293e+00,-1.700575436661826867e+00
2.903576514763648309e+00,-6.080577016870675200e-01
2.916952213839613783e+00,1.300293180826682260e+01
9.127555004417629902e+00,-1.596125092920490207e+00
5.152023054963319915e+00,2.076419921941824676e+00
-1.082433473090419263e+00,8.778932346087428229e+00
-7.427458866283608074e+00,-1.410383877960468624e+01
-7.536826229686933942e+00,-1.445416414820302364e+01
1.934725427161592681e-01,-1.780137485106306272e+01
1.947371529827922054e-01,-1.788468170977459692e+01
5.447503053196800060e+00,3.660173856671222303e+00
1.672086804787374092e-01,-1.781226903607162626e+01
7.163460356818011299e+00,-5.479929402001939565e+00
-1.574057295756562702e+01,-7.684520641805935526e+00
-1.306166744962287574e+01,1.852619375680116809e-01
-1.572900133163879133e+01,4.554460663850746549e+00
-7.885121934124850185e+00,-1.600782661315146171e+01
-7.129191586591933749e+00,-1.569407361216559593e+01
-1.031011029260665879e+01,-3.120430060138246198e+00
-7.071544534176861241e+00,-1.517444114207476780e+01
-5.610444091165319058e+00,-1.658490298581155997e+01
-6.929982342863979738e+00,-1.577991508071958293e+01
-9.593472545143965746e+00,-7.225210432289286722e+00
-5.727654002654400500e+00,-1.662155090197568441e+01
-6.980661623729962351e+00,-1.622046522254278500e+01
-1.665423864441883950e+01,-4.397536043451953702e+00
-1.473180706850657451e+01,5.300283055691850542e+00
-6.873453397521999131e-01,-1.729595795839275141e+01
-4.377160948059399814e+00,-5.319722758222585668e+00
-1.139553188118330240e+01,-1.063051642288915666e+01
-6.183338648596839349e+00,1.504893507388657525e+01
-2.196578799242539404e+00,9.794849216582580453e+00
-5.030706481708416611e+00,9.383559071774415727e+00
6.620814450109855365e+00,2.418974826060312111e+00
5.108631337036447562e+00,-7.090502364445141481e+00
3.487027705204580830e+00,1.499856788245767802e+01
1.405707853815172292e+01,-3.532861616550181938e-01
-4.470087863843820730e-01,8.805254163928829314e+00
1.787484434818521706e+00,1.348928460084566261e+01
-8.284587555116978308e+00,1.417762045049963682e+01
5.553066542661863281e+00,-8.768068532015633326e-03
-2.717065294355983096e-01,-1.731559376156285168e+01
5.627411510020889018e+00,-4.457798363118841145e+00
5.455980648449989978e+00,-6.255130105760922099e+00
5.883770731201440007e+00,-1.485928223511373991e+00
7.562946136317907353e+00,3.115978471015231843e+00
-2.605649120572220312e+00,6.753509481184762464e+00
2.996948967373800787e+00,1.971760095888654696e-01
-1.887694257469523462e+00,1.532053373717285538e+01
1.012512122688591987e+01,4.523779990257309258e+00
-6.032970515845520465e-01,1.286131611022828380e+01
-1.638389103354312981e+00,1.734538837694195479e+01
-8.244056752969042279e+00,-6.749579091327948532e-01
-1.062426576229785802e+01,-6.573879222429350300e+00
1.053807353905173194e+01,-1.293509942368543442e+00
7.661578303678866497e-01,1.038580355315739290e+01
-1.484560871246201685e+01,5.333478822481223958e+00
1.610943246089815162e+01,-1.781069881185921855e-01
5.070153920113294355e+00,-1.669167759469582402e+00
7.717329151727508219e+00,-1.788532259641642641e+00
-4.707151647701039998e+00,7.054978565863160966e+00
3.360838291411491152e+00,8.557091297268211438e-02
1.468712038142334819e+01,8.441717083640476460e-01
8.391337492320253943e+00,-4.887090284399765672e+00
1.868973088896476176e-01,-5.593961002797871451e+00
-7.161123474910906950e+00,-1.438714646382648610e+01
5.782581799209765450e+00,-1.505577761832918471e+00
-6.864636931839696921e+00,-3.145876777197037732e+00
-4.357163577952082534e+00,-7.645229356092133610e-01
-1.943863059655916548e+00,8.516444136392644637e+00
-2.744405757680295377e+00,1.431813108959683234e+01
-6.094110272395189654e+00,1.371190843045213370e+01
7.090270321991965830e+00,6.028110747189603380e+00
4.288839232852279970e+00,-6.212971536608853818e+00
4.306430968790605718e+00,-6.378633794619138264e+00
9.487698234492468075e+00,-1.563095029136274183e+00
3.181707711894361967e+00,1.170114093639448605e+01
-6.075094428759029164e+00,1.453264616807531340e+01
1.013260240435613646e+01,9.531048532568824339e-01
3.405710507937461440e+00,1.448619069241449253e+01
8.252762021633376577e+00,-2.020213343831558817e+00
2.105551261752702796e+00,1.313018430568529027e+01
4.167054593226671599e+00,1.268192365175992364e+01
8.879895168079785961e+00,-1.867180215290125567e+00
-1.014045055250546845e+01,-6.616713138723199883e+00
-4.383784284558115196e+00,-6.390571340260039479e-01
-1.778787003925541566e+00,1.146251614249761808e+01
-6.066636614719771003e+00,1.438287271999851313e+01
-1.315794000660398977e+00,1.432887084393647825e+01
-6.608658965539184749e-01,9.831435674416479031e+00
8.509955044291929838e+00,-1.366959119025310088e+00
5.446359150002122007e+00,1.091094259054060434e+00
6.591924751432866714e+00,4.461157703952080666e+00
-3.671331098410920424e-01,1.264799964944218047e+01
-6.590171921331997140e+00,1.105316022434194956e+01
6.790911612751964199e+00,1.819151127779716770e+00
2.492271715575637980e+00,9.878170520780484409e+00
1.747404986248094616e+01,-4.914514928700559615e-01
-1.098211228334965561e+01,-1.016543924234813723e+01
9.429479252051315541e+00,-3.222145079850039728e+00
1.572172801842512158e+01,-1.286286060563144540e+00
2.609695112475346468e-01,1.061576449932596233e+01
1.594413289859082816e+01,8.868996665978309268e-01
2.589460109816447808e+00,1.494132157790094517e+01
1.614816614286706908e+01,2.278514627536927240e+00
-8.695690579872444204e+00,-6.857701526855408680e+00
4.310647851944402476e+00,1.325161118319281073e+01
2.047765455284512370e+00,1.061464471936920972e+01
5.140966205080863993e+00,8.225556933119813063e-01
4.761591602190514694e-01,1.508083765774561869e+01
-1.663155035660764280e+00,5.890794236133135797e+00
-7.970905851546876697e+00,1.303188647657002264e+01
4.453711360904843986e+00,-2.406388575512444117e+00
2.653373391596197894e+00,-8.600205696739690042e-01
-5.300530723099749153e+00,1.433492696473747152e+01
3.615432033699117031e+00,-1.463595198821548760e+00
-1.186038437454649852e+01,-1.230727833457792819e+01
3.642993471784190085e+00,-1.409803639607689263e+01
-1.651977250926100282e+01,-4.247731604389109350e+00
5.808680952797376840e+00,-1.507770058352928189e+01
-1.003976462847831108e+01,-8.023097081525721208e+00
-1.081622455932410709e+01,-1.120887056635543111e+01
4.885471360916810113e+00,8.512184866076222267e-01
8.103941481121632151e+00,-2.088313685803461883e+00
5.710570182416397245e+00,6.139112194237775766e-01
4.589678120079574875e+00,-5.741571708109912464e+00
3.690183283273471115e+00,1.334497645408993449e+01
-1.536695706608299128e+00,-9.243285978053517482e+00
-3.999541877349774843e+00,1.214029584866724498e+01
4.837152638349772715e+00,2.705902316779981387e+00
-4.563954853308290538e+00,9.436565945374614017e+00
-1.190596845740344989e+01,-1.210893975564436253e+01
5.255664474786915896e+00,-1.363007104227161292e+01
3.693902745215439154e+00,-1.303179195340252683e+01
-8.206518740668537149e+00,-6.194705870267743775e-01
-8.247861295700195328e+00,-6.702961222402269215e+00
-1.339692227587206830e+01,-6.977337327526337063e+00
-1.358440083601834480e+01,-6.806214484868646331e+00
-1.342965976302272146e+01,-6.893835593375924553e+00
-1.339688983910403053e+01,-6.902813477509003093e+00
-1.701874128381688323e+01,-3.434621236196254923e+00
-3.475076345801434652e+00,-2.336945462406595730e+00
-6.950629471117504288e+00,1.010637644574643979e+01
-9.911375101907415441e+00,-1.066196384373002815e+01
7.266809948298626587e+00,9.097734853839930524e-01
-2.128207777633852160e+00,1.555118894025355125e+01
5.894155517530120791e-01,1.607169694061779452e+01
-5.621464873022512521e+00,1.555557715632759752e+01
-2.133211471043783281e+00,1.801721896222534980e+01
5.612438169574550884e+00,3.942152409356015408e+00
1.028645940746569032e+01,-1.963809777891957431e+00
9.679441194638956247e+00,5.765392254719309939e+00
-1.023729765254035406e+01,-3.973489863596241012e+00
-5.742010994658838463e+00,-1.661639991102360980e+01
1.435446232999785243e+00,9.554516261134599731e+00
-5.812794827330675318e+00,1.470952594222706189e+01
5.920536413991163371e+00,2.938738417950859994e+00
-1.293011763673731052e+00,-8.924035285568937326e+00
7.704796275150575191e+00,2.264707524677824324e+00
6.366529647391772961e+00,-3.043437711703525839e+00
1.386057435678513805e+00,7.700120065912795297e+00
1.421415696899624592e+01,-1.675829346413092003e+00
-5.755304022288295407e+00,1.522383750293245797e+01
5.887754558004800742e-01,1.317503521812564493e+01
-5.105748850255620752e+00,1.357852513949986406e+00
-8.730090342424054128e+00,-6.701359628788137179e+00
-7.908013666357374127e+00,-7.329452482427674553e+00
-8.348726266398534435e+00,-6.702455055042598531e+00
-7.867175271299247541e+00,-6.472227546465651571e+00
5.022474329417241368e-01,1.325829788765953943e+01
-1.564239571380627147e+01,-7.677824485327353621e+00
-4.172022677327326790e+00,1.171330399420369872e+01
1.012487197532691424e-01,1.163495767048599205e+01
4.173262134942953061e+00,3.160141278423097333e+00
4.522315443193647866e+00,2.927987245835620644e+00
-1.146449552894640611e+01,-1.119071137483380163e+01
1.327055794763100094e+00,1.204998020267348657e+01
3.671475032704628827e+00,1.166209128664957184e+01
5.921953104522048150e+00,-5.992981431012503357e+00
1.045757242584821434e+01,-1.925624354359100732e+00
9.803515672321765351e+00,6.110386930017034368e-01
-1.688759556565827991e+00,9.335302189641149440e+00
1.677295207089727569e+01,-1.209286532054068886e+00
2.559536019575504362e+00,9.138072678337062271e+00
7.044075396793388677e+00,2.507027798092454240e+00
7.599713140062287764e-02,1.182987469992485074e+01
-7.009427114802080361e+00,-1.496400102184575509e+01
-2.764780793519478586e+00,1.080391348967577336e+01
-5.841567244406042470e+00,1.540895746373003661e+01
2.923776300688044394e+00,1.007938857285744660e+01
-5.055358451731888358e+00,1.380008817451291137e+01
1.661464399374878997e+00,7.306809695438810870e+00
7.983566131389297382e+00,-1.753473578252377818e+00
1.620875462822178292e+01,-1.679832292086275380e+00
4.487454668598756413e+00,1.549214601949057135e+00
-3.471897496712037512e+00,1.396998453149858399e+01
9.426815775358038607e+00,-8.154806557975512460e-01
7.571353510611471549e+00,-2.622146141084003013e+00
-4.509345108099259924e+00,1.310167794495298210e+01
-3.448443541081206209e+00,-2.470692173877464981e+00
2.094460779682332685e+00,9.182446350576229932e+00
-7.207135342138313305e+00,-1.429265080260738685e+01
-6.886241082420811566e+00,-1.459949690824390167e+01
6.106630437384709786e+00,2.515293383660020865e+00
-1.198491099309807462e+00,6.846415435321198117e+00
5.054227202594905322e+00,-5.935552346352469755e+00
1.016848886085261761e+01,-1.833520534992813811e-01
5.968533775016092058e+00,-2.804409851911416673e+00
-2.639199637588617975e+00,1.528606222446471818e+01
-1.095204056739527365e+00,1.504096146124817324e+01
-2.613356702358222705e+00,1.278819188306533583e+01
7.164713085479154309e+00,-3.969856656519668459e+00
8.881706189900851811e+00,-3.360695343785974121e+00
6.759814133470062991e+00,4.094820967509400944e+00
1.750955556534653468e+01,5.362218086866645805e-01
4.489109567198632078e+00,1.156386273207685056e+00
4.400277948868585476e+00,-6.592722832277249978e+00
9.183208406185276118e+00,-2.012446870196952786e-01
-1.448494079331855033e+00,1.348344052116151026e+01
3.278627808767795582e+00,-9.358104063212570045e-01
-2.003480310718311230e+00,6.172494248510888681e+00
-4.749580233000286533e+00,1.392583259130512552e+01
2.072524012292249473e+00,9.554712770248638520e+00
-1.307108990342423560e+01,5.078760950752029268e-01
4.106258286658533763e+00,-1.389806440604022519e+01
-1.309601478503221283e+00,-8.982730959705726548e+00
-7.083801344572139946e+00,2.834733806862594463e+00
-5.700858903019685009e+00,1.683419650195250483e+01
-1.576674498752805320e+01,-7.680764398170188301e+00
3.716800355830486513e+00,-3.476751847970067644e+00
-1.170766849581331925e+01,-1.050758215753010916e+01
-1.208698188537343654e+01,-1.052755825409929358e+01
1.321820951973310843e+00,5.436483267421944987e+00
4.554860995025953874e-01,4.377294191075720597e+00
1.385810498789722445e+01,-4.030044103407933953e+00
-8.555973791027987829e+00,-7.454219403022571910e+00
-1.080941335345894849e+01,-1.500799946891462788e+00
-3.628615051396234109e-02,-4.517832577852501252e+00
-8.578600425385413786e+00,-1.471780759594379617e+01
-8.269085515172033496e+00,-1.416917459072378449e+01
-8.390842191933931105e+00,-1.417335999117178069e+01
-2.615835166410536150e+00,9.400220597269241196e+00
-9.162039004392086738e+00,-6.683456648616983742e+00
-1.463626917410624273e+01,5.038837336559785385e+00
-3.852479961578423762e+00,1.330605377739599859e+01
6.888030849290172064e+00,-2.681434168121798578e+00
-9.141151833104244062e-01,-2.859590493053513427e+00
-1.090002793564367423e+01,-5.186298417622570156e+00
-1.057087048545106711e+01,-2.390949056495950575e+00
-1.338273013910897813e+00,-9.060447304178186556e+00
5.731086279608254230e+00,-1.512762231947206715e+01
1.720751135455256176e+01,-6.376860219309149480e-01
-1.306365913821439229e+01,4.713797890815202840e-01
1.929501976928517382e-01,-5.610507351902011663e+00
1.382018975579340392e+01,5.399694649774853250e-01
1.712238252624729640e+01,1.696184866671225588e+00
1.402893783954042384e+01,-1.745375699107155398e+00
1.657126883747389456e+01,1.384745869000433505e+00
1.691832392310040234e+01,1.213472758819353015e+00
-4.288053794214013337e+00,1.048975930342679952e+01
9.632712515531121511e+00,1.824871226600179197e+00
1.669076892353366759e+01,1.125997256128894008e+00
-5.376351157264888769e+00,8.773121027921952475e+00
-3.701539354653319958e+00,1.140457986163211501e+01
-9.552676021193844402e-01,1.041847458027626949e+01
-1.400827775416195209e+01,-1.214377877084334756e+01
-1.240376395267984933e+01,-1.260043672878290266e+01
3.538993387290410464e+00,-1.062238645655691904e+01
-8.698943381288742671e+00,-1.013839982720738142e+01
-8.740234045429229326e+00,-1.029658210934053386e+01
-3.456884936252469842e+00,-2.591056392674868647e+00
-3.447560567642575791e+00,-2.498729257512231072e+00
-3.611782386734876948e-02,-4.520493265731140298e+00
-1.059641522959433146e+01,-1.082916537672441315e+01
-3.757915752729626413e-01,1.262960185353040288e+01
1.171647780305359099e+00,1.387676871471450468e+01
1.597288682355950939e+01,1.081087527083123945e+00
9.594607058613387807e+00,2.942940963559007805e+00
-1.278321126697145260e+00,1.043329637973141999e+01
3.963204958036030234e+00,2.684478859781632920e+00
-2.592101981121358367e+00,9.772480125614858792e+00
-8.375456777184522750e+00,1.437645308048014314e+01
-8.056791442665996783e+00,1.437542616727537315e+01
3.949826982992207025e+00,-1.187201573428798618e+00
6.114123818715987646e+00,-1.841098559493760556e+00
2.843665528469791592e+00,1.375770494969095026e+01
5.839573869526032190e+00,4.653756116705058399e-01
-4.376198112489440462e+00,1.299552947431745586e+01
1.963478372158247165e-01,1.272481559020091879e+01
3.625173995705092356e+00,-5.996170808133940433e-01
3.967133422051699387e+00,7.957922478039835212e+00
8.299999587056953843e+00,-5.460492062466156815e-01
-1.203903218532113906e+00,8.261875059298940727e+00
-2.185716095476456289e+00,1.411631162590130728e+01
7.670094415761018247e+00,6.207049589625547314e-01
8.025092269515917920e+00,5.909823245406056746e-02
3.335845496248628361e+00,-1.354231584291874846e+01
4.322980709395173093e+00,1.326240150023160247e+01
-4.203452837279338716e+00,-4.474329761776568049e+00
7.892871864793045589e+00,-3.570432902900125272e-01
-4.530761922408564679e+00,1.338176565060772916e+01
1.755541475755454162e+00,1.472723383201446090e+01
9.209706659111292382e+00,4.751548995980695800e+00
9.404605116761203476e+00,5.466539799748709072e+00
-4.400644515481440422e+00,9.343201087733119081e+00
5.946660638833702883e-01,1.549609400416276550e+01
5.261261264075860922e+00,-5.688453158930529163e+00
3.985861548563453649e+00,1.130813520680479378e+01
6.065841037781448897e+00,2.036834794340195653e+00
-5.816420652955544668e+00,1.675064468457750877e+01
-1.073104342467379446e+01,-1.136656358846139447e+01
-1.264709657679668142e+00,-8.921436572719628089e+00
-6.930738160198841591e+00,9.361619716184380602e-01
4.530987931741399244e+00,-1.003353525030896165e+01
3.369222677731734006e+00,-1.376967372026110503e+01
-6.546046654698140621e+00,-1.573291686048216143e+01
-1.299479965714643415e+00,-8.924398292508046282e+00
-3.441317202538946241e+00,-2.454615761586798950e+00
8.784038706117438977e+00,4.064369963555216181e+00
1.273995777460940459e+01,-9.804973529110549535e+00
1.262147563137258288e+01,-9.799033417288754322e+00
-1.000846943325648386e+00,-8.373037737462945884e+00
-1.364299482561131649e+00,-9.085017129129767000e+00
3.391442131785613157e+00,-1.066547700467487658e+01
5.309494445738068613e+00,-1.369639786170946394e+01
-1.046338113148088667e+01,3.294470858824590120e+00
1.515305668105094483e+01,-3.062960764672829406e+00
5.458465504349831576e+00,1.205190569882830154e+01
-6.414067812822965564e+00,-6.653118237547142044e+00
-1.123446568680179780e+01,-9.826608546368424513e+00
5.727065710044755065e+00,-1.493997357849043439e+01
5.194245146324103501e+00,-1.358846266900946453e+01
1.109395465081114551e+01,1.669906614317368465e+01
9.837387049462650523e+00,1.703798783506696779e+01
1.096785864162575663e+01,1.685303048931446668e+01
9.772200351872848856e+00,1.700506373769921709e+01
-1.740793770040010813e+01,-3.086269218156947325e+00
-7.271449360606123236e+00,-1.449029244332738209e+01
-7.193351895986857869e+00,-1.443104832015923300e+01
-7.214265359718871728e+00,-1.466520091105184243e+01
-6.861937851634020369e+00,-1.521591510156068772e+01
-6.779831396832643797e+00,-1.501117740448491311e+01
-7.210069252787766558e+00,-1.467403568462552066e+01
-6.953249546976716822e+00,-1.476141123495836638e+01
-7.196080576315806887e+00,-1.468312978983438732e+01
-1.102497740047159347e+01,-1.043781361753547898e+01
-1.733927310725049864e+01,-2.980618702292014977e+00
-1.979838758456905712e+00,-6.105356581321466969e+00
-8.894237623873999965e+00,-8.275630910357127945e+00
-1.272062630287637219e+00,-8.898152074950914425e+00
-7.109936842465746309e+00,-1.308944056468649464e+01
-3.701766500317367203e+00,2.596491824927163794e+00
-1.295418578181305591e+01,-3.050674487070554886e+00
4.293866592129528925e+00,-1.042927121181211447e+01
-9.890692714286407394e+00,-1.134754313918333324e+01
7.758261640769570366e-01,1.451525584459741225e+01
1.603318737809027539e+01,9.666629084054048082e-01
1.568191042118212586e+01,2.197441865830719321e-01
2.157989055585286309e+00,1.072121663127829017e+01
8.835672826125941626e+00,3.649390949375667326e+00
3.710148255586204868e+00,1.125428959515081928e+01
1.070844337117683764e+01,-6.376885122073960854e-02
1.430012849041478873e+01,1.418063784644058245e+00
-4.526486007164571390e+00,-9.396562516474038063e+00
-1.304530822244726451e+01,4.681294523432622534e-01
3.282453489549403081e+00,-1.375026862738011424e+01
-1.716020340278964440e+00,-8.215169351918976126e-01
4.213279367313976564e+00,-1.043466650373272486e+01
-5.686706720526274239e+00,-6.758511029613069709e+00
-1.514145038424465461e+01,5.609606449228695446e+00
4.358602502913663024e+00,-8.056126720696542287e-02
1.027022240852267920e+01,5.042570719135256674e+00
1.613303605986080669e+01,-6.320650999058795572e-01
5.552225665073087235e+00,-5.449532534349583734e+00
-1.424303529212353325e+01,4.779662141621905391e+00
-4.972277938848405632e-01,1.359880635536696758e+01
1.551161047742138344e+01,1.012661908233448038e+00
1.573751995188571584e+01,9.845979763509736804e-01
1.583438062033442684e+01,9.169332907138239008e-02
-2.826077500825544320e+00,1.287701976954069494e+01
1.917658149863405548e+00,1.682778942116360099e+01
5.599878235567822493e+00,3.542356176431812553e+00
9.583974069651032934e+00,3.527542595032377548e+00
-4.387494199683568574e+00,1.233949946646792029e+01
-1.874187958432939505e+00,1.125302770619383885e+01
-2.545443221372054143e+00,1.321484207732290095e+01
6.772400543431441378e+00,3.892733118461983999e+00
-5.003160635556284319e+00,1.404007123847299532e+01
-1.871545816064969170e+00,1.238217520973532615e+01
-1.913274474709947937e+00,1.337008532341353906e+01
-3.448713739420844693e+00,-2.472523520063121705e+00
1.603866236212817498e+01,-4.839696389968364265e-01
1.337892647799930756e+01,4.517554103834632961e+00
-6.409473748277798144e+00,1.055510349246969604e+01
-6.986046538461932798e+00,1.231368159431886156e+01
7.835606105172885805e+00,-1.828418515837364700e+00
-1.433934986744551221e+00,1.762178910809622323e+01
-4.777349499095369545e+00,9.218849863859231775e+00
5.128756209667555410e+00,-6.971186443358350360e+00
1.357616823417725271e+00,1.343567473685848768e+01
7.812151151362416890e+00,-5.418151723676153608e+00
-7.078370377119768797e+00,2.843791462218355104e+00
5.399977286416550726e-01,1.022490277447057139e+01
-1.572521628952917183e+01,-7.682224554782424164e+00
1.756451734743447446e+01,-3.326234849231911039e-01
1.668654020204110466e+01,-7.109242783116621611e-01
1.714026892376130462e+01,1.083951264345890619e+00
6.708491512771908027e-01,9.888870654322726494e+00
1.685201015862859109e+01,3.417664174416052414e-01
4.826093275000885585e-01,1.515076412978557308e+01
-5.600536272606247756e+00,1.485826296009941494e+01
-2.192495369833228125e+00,1.414112456061741696e+01
3.779813813280397561e+00,1.261292184820605833e+01
1.752870102665763241e+01,-4.398916389946512795e-01
-2.470593455833458574e+00,7.018291629667362308e+00
-3.614146846947985825e+00,9.799017902257487478e+00
3.577320599854377114e+00,-2.708191368793868570e+00
-2.552269295668372795e+00,6.837668257126692239e+00
-2.417212363292996269e+00,1.394225541231230103e+01
7.933073770750053377e+00,2.936700784142014520e+00
-5.885981196258335935e+00,-6.775808522752265972e+00
3.378071611863528112e+00,-1.383472736000375924e+01
-1.238330113699062096e+01,-9.841436181705633501e+00
-1.275587958859494941e+00,-8.919532872676970925e+00
-1.826926078349125016e+00,7.633188921354869372e+00
-5.527871686165596543e+00,1.255662084047231986e+01
-2.400311174856012197e+00,-1.280497369110059758e+01
-3.039140336107134299e+00,-1.209491271495308951e+01
-1.272915716412736264e+00,-8.920403028393998568e+00
-1.306494326657404592e+01,2.066425820654865797e-01
-3.534784700848002448e+00,2.434717942248678213e+00
-1.011100003498658140e+01,-3.384435668483964932e+00
5.929860561128458940e+00,-1.384590855346121074e+01
-1.304912024842075446e+01,2.029557130949276866e-01
-6.478722874432222056e+00,1.380045463423654084e+01
-6.396879182449475287e-01,-1.720215780948914031e+01
5.004811056687183957e-01,-1.790491106045031700e+01
3.149924175946833826e-01,-1.788551804275982349e+01
1.013844435139388267e+00,-1.900842967556438268e+01
1.578629821358893404e-01,-1.775311653468204298e+01
3.334182533261779713e-01,-1.793791004583275850e+01
1.799257183865663190e-01,-1.785357704019047986e+01
-1.054993181837297556e+01,-9.011774218800391978e+00
-4.393112876387101018e+00,-4.005642519988985573e-01
3.985420658251916493e+00,-1.333732272245111083e+01
-1.074707987558106481e+01,-2.315790232983051311e+00
-3.473908541232512803e+00,2.357479662494250672e+00
-1.613469629027003549e+01,-2.900349612372103980e+00
-1.627433748335827701e+01,-3.329126622254434231e+00
-7.213392077066623997e+00,-1.432041236501856396e+01
-7.199148099276007962e+00,-1.444775610307486247e+01
-1.332005588692665476e+01,-7.130635673213558512e+00
6.171218312159795438e+00,-3.321656186496353413e+00
-1.731100300461811869e+01,-2.993312628670632858e+00
-1.728707244653593378e+01,-2.960923088240477341e+00
-1.727141888851130958e+01,-3.037824437425775681e+00
-1.725427205663607921e+01,-3.123425917011355413e+00
-1.617773474406281409e+01,-3.329392808111586888e+00
-1.626183928667183665e+01,-3.433905346412444715e+00
-1.620641276340574066e+01,-2.876397929297105804e+00
-1.631344721533485398e+01,-3.497552734043657185e+00
-2.956258357183120244e-01,-1.777139366934521192e+01
-5.156402789951729737e+00,-9.528956911783856398e+00
-1.334875006379420270e+01,-1.003646359973977020e+01
-7.352031832228991703e+00,-6.875017399373525961e+00
-1.665949749959577675e+00,-1.296660737438869759e+01
-1.838540351006643148e+00,-1.292769114022722121e+01
-1.854831846286468799e+00,-1.291993328694087140e+01
-1.427202457917152278e+00,-1.297099287122581224e+01
-1.600219992462170948e+00,-1.297166134838025364e+01
-1.585574338312252918e+00,-1.299564856908284227e+01
-1.812210397882673130e+00,-1.290858183417143934e+01
-1.337397213396163798e+00,-1.307607273535617409e+01
-1.521709266804874172e+00,-1.298596992959037877e+01
-7.219092704093652557e+00,-5.964238467291441026e+00
-1.119956253979028560e+01,-1.061900069662262425e+01
-8.951800634128039391e+00,-7.626787001852328274e+00
-1.378622664148265820e+01,-1.134888900353518437e+01
-1.332165927011968121e+00,-9.026758384584313788e+00
-1.458939222172243788e+01,5.034843772658455840e+00
5.682584227754094108e+00,-1.503209985375003832e+01
-1.619429624426961212e+01,-3.862362785640757856e+00
-3.520841926579231895e+00,1.144540758979806583e+01
-2.157581374111114503e+00,1.787926799870438899e+01
2.520504764881444371e-01,9.179614404541180051e+00
-6.930794110071436087e+00,9.088477934880652143e-01
6.482991828762846076e+00,-2.050567881315998875e+00
5.681301219779386180e+00,-6.057879109946134655e+00
7.557231673691894969e+00,-5.316624574144365178e-01
-4.418949995013973897e+00,1.493976323518029048e+01
-5.919375169024139183e+00,1.124033121841229388e+01
-5.650890573274344852e+00,1.524705086876186932e+01
1.626147412285762428e+01,-2.016942381454993327e-01
7.242317832814465284e+00,-1.520656718665796214e+00
8.434146894972272435e+00,5.310951111045206119e+00
8.896081432725853944e+00,4.751535935604238148e+00
2.004244467570943655e+00,8.827793030508587435e+00
1.884393379110495648e+00,1.096992803463235866e+01
9.488943172286941063e+00,3.061234226810933823e+00
1.701031474699261636e+01,1.613706926452413537e+00
1.639974812750360655e+01,2.030079025313063834e+00
1.662400991405740669e+01,9.092835437806350285e-01
1.849564685225536076e+00,9.320374323081781043e+00
4.641303141884462469e-01,1.413580782974490369e+01
-1.466304887838592919e+01,5.081133738085671148e+00
-9.760604476491565151e+00,-4.932733090788244290e+00
-5.040250333885114564e+00,-7.109901003497517635e+00
-3.447419390228229741e+00,-2.766742426410011113e+00
1.626863896380190866e+01,-1.280482747539183119e+00
1.058256815490547709e+01,2.083208898996823599e+00
-6.671707005728119144e-01,1.730638127102281487e+01
-3.955073342120821955e+00,1.010566474566543427e+01
6.900266902570304950e+00,-1.652412392264560825e+00
6.613900974924954212e+00,-3.820257099607247575e+00
-7.018350453390026722e+00,1.160945730462912984e+01
-1.533229264410583381e+00,1.392438312861692751e+01
-1.785429049299956050e+00,1.407016450029259680e+01
-3.870572490858166681e+00,1.543211127431716001e+01
-8.533723680024635883e+00,-6.144568077100394987e+00
-2.165831150248133663e-01,1.084728430098752483e+01
-3.436989533914246664e+00,-2.690032653394312412e+00
-9.806183034822268496e+00,-8.777071960588362032e+00
1.189007653263724684e+01,-9.891061723360042635e+00
1.458112072509274437e+00,1.039046715782355257e+01
4.305451467124522758e+00,-6.255758899382946936e+00
-9.082037578477328843e-01,1.065090471022862850e+01
3.226154850407348285e+00,-1.098100161684089304e+00
1.252978980701401346e-01,1.087187930152285631e+01
7.879797648199989624e+00,1.071186718059186915e-01
2.297196328351502448e+00,-1.612416211949122546e+00
-7.021850407657301396e+00,1.136305141318798739e+01
2.476694678464061994e+00,9.293854514249279219e+00
7.738820792422352213e+00,-1.571946683211089102e+00
-8.688681417869764445e+00,-6.331892961168845702e+00
8.597362342045151706e+00,1.604006304297344343e+01
-1.305945106902254294e+00,-8.967933876740353583e+00
-8.471943343859841491e+00,-6.542358199424166187e+00
-1.714808679531275359e+00,1.410775203104011766e+01
7.537632488083585436e-01,1.281164058485741819e+01
-6.667845148476969186e+00,-3.206924463312804452e+00
-4.594150167372086813e+00,-5.239927993749647683e+00
-1.098278190356375283e+01,-1.079525507982565813e+01
-2.074237201267846498e+00,-1.253033125695804451e+01
-1.093122922387602447e+00,-1.283191564997756551e+01
-2.515688219787168833e+00,-1.282075426004218244e+01
-9.983712266699852123e+00,-9.184744350723825335e+00
-9.218464828429272728e+00,-4.470124909679026537e+00
-1.341794048232706871e+01,-6.897078905801236282e+00
-7.232965986165852179e+00,-1.434348013471790928e+01
2.113621825523443576e+00,1.157102935958721623e+01
-8.048845080146194153e-01,1.404810323656707327e+00
-6.066800220540373711e-01,1.200565807618138470e+00
-4.620971372394752641e-01,1.765988156428571765e+00
-3.064772813436746346e-01,1.166497633889391983e+00
-6.477688560271234186e-01,1.517544236391957124e+00
5.845748258481941129e+00,8.676256989946143250e+00
-7.874612753622551864e-01,1.612856780167688076e+00
-7.254073978470843009e-01,1.443073292714210476e+00
5.398589420316439735e+00,-1.345550494032295319e+01
-1.097438515122670033e+01,-5.078598595467986421e+00
-1.056285028749954336e+01,-2.360972358177186869e+00
-1.570739804134961837e+01,-7.697506399747476635e+00
-1.064086626792810897e+01,-1.267187598036039420e+00
-1.058769059459970840e+01,-2.083183890785672343e+00
-5.811035378042409327e+00,-6.718828298503725094e+00
-1.294495100926565812e+01,-3.011727117373310225e+00
-4.407398851153793373e+00,-9.381689358238634924e+00
-4.485289942815509967e+00,-9.386701046064525045e+00
-4.439259550166150703e+00,-9.382115645528353198e+00
-6.413128580981352300e+00,-6.677072318863739753e+00
-1.305197807819000744e+01,4.530264491835102048e-01
5.723959909810087510e+00,-1.513632341162941763e+01
-4.478785486458341403e+00,-1.195771899262365823e+00
-1.302290525626151130e+01,1.337355413553033001e-01
4.988573215311220999e+00,-1.494027416488413351e+01
-8.838893763207590126e+00,-8.726573685633427502e+00
-8.123647767210162129e+00,-6.732890555047673864e+00
6.274798342138704577e+00,-2.638165995303367595e+00
6.990805649161463187e+00,3.029051080284702380e+00
1.349996454275290247e+01,8.533206243970888893e-01
1.472961556448660936e+01,2.838493748210232592e+00
-5.807540175478918876e+00,1.395103316540266469e+01
4.320794707959874970e+00,-6.078581839489654470e+00
-1.789245344098111312e+00,6.004298025273050676e+00
-2.769878330080113749e+00,6.538134323500093714e+00
-1.769540780731033491e+00,1.618404061813705752e+01
1.689392845687452649e+01,9.680562625328777981e-01
7.386876170736912606e+00,5.006502881982752839e-01
1.545569284253647879e+01,1.252351789241392677e+00
5.326501522252053533e+00,-6.111153393054654437e+00
1.070782060873467501e+01,2.018783470473520580e+00
4.304263152402134196e+00,-1.708667630610165133e+00
6.930616171172514939e+00,6.203783254638981504e+00
-1.722489476398741948e+00,1.192137441284960708e+01
1.432696124573022622e+01,-1.813359269848757060e+00
-1.060076231115203882e+00,1.597638777415694911e+01
8.580804142661959233e+00,2.618595379463221740e+00
-1.630479618493208882e+00,1.454579449809106961e+01
-8.911252861681429049e-01,1.610282250382017821e+01
-3.445403433085845180e+00,-2.437754164820896463e+00
6.426666940782875592e+00,1.041648343553383427e+00
6.804588046481748975e+00,-1.004876708595963564e+00
-1.208837939758793834e+00,1.560396949476882256e+01
-3.183966472958814631e+00,1.626868367678875771e+01
-2.936740249783601264e+00,1.224262016413062248e+01
7.709026054450556664e+00,1.958241370322460373e+00
4.037598757751894141e+00,3.344378926437985289e+00
-3.279866426366927268e+00,9.777493988193494800e+00
3.395256950647134175e+00,1.235376383993915006e+01
5.975825434929981306e+00,3.305893111857225453e+00
-1.309347111914211226e+01,-1.088736774610121749e+01
-8.207613243706937567e+00,-4.805612135442001609e+00
-6.135604469922936843e+00,-3.900512423901242531e+00
-8.475948115009741102e+00,-4.707109778067611217e+00
-8.100862371121896999e+00,-4.402787343620092386e+00
-8.051987685479319978e+00,-4.460145541936477720e+00
-8.199364498761253728e+00,-4.766117195033409359e+00
-8.049454250026498059e+00,-4.773604868387433697e+00
-1.129666508418454995e+01,-9.680189860906104116e+00
-5.491998524059826359e+00,-6.761902698994561867e+00
1.674936082678023519e+00,1.117441208447374201e+01
5.959493732851876224e+00,-6.631081379135815856e-01
9.350363813588064232e+00,4.023122818910518816e+00
1.092057874855527633e+00,1.079594607421978836e+01
-4.076749135080415698e+00,1.203962056757453780e+01
8.417368998526081114e+00,4.020802161979686318e+00
1.126732729484154483e+01,1.815780704349156061e+00
3.374524285109811395e+00,1.227232103892823822e+01
6.112516039711460847e-01,1.167371446221011766e+01
8.644680208399885046e+00,2.839988289456257586e+00
3.394962268214620327e+00,-1.384720308041946168e+01
-3.869490873642052797e+00,1.064610507490427338e+01
-1.613036089326952549e+01,-4.120598188968767950e+00
8.944850059341469262e+00,5.406636557681732569e+00
-1.033985442248787834e+01,-2.992166861451964532e+00
6.106855832019379093e+00,2.045644173397902499e+00
6.214333180469978402e+00,-2.941362321620033082e+00
-1.142141932367917789e+01,-1.061566506342084182e+01
1.105433413809013743e+01,3.567727172867737551e+00
-2.616873502034057775e-01,7.293468114843942196e+00
-2.934515655310706350e+00,8.392776744239556663e+00
8.816136296192720323e+00,4.475838684015235103e+00
1.717497452280676384e+01,2.111091362756659373e-01
9.654364449666079651e+00,2.662821328483885530e+00
4.387537059271022777e+00,3.273979118484997564e+00
-1.875694547410980961e+00,1.846124479457754042e+00
-1.758868408520803950e+00,2.589865778955121378e+00
-2.058133697527077643e+00,1.725817467267152239e+00
3.395314703512378518e+00,-2.064298073254639210e+00
-1.692950149100218349e+00,1.879298416414766582e+00
-1.336754914446587783e+00,2.294402871316038262e+00
-1.505176974680017210e+00,2.521118997250714866e+00
-1.560168246905442979e+00,2.711133332834249732e+00
-1.606553938341902299e+00,1.357544665137515150e+00
9.383273600147552074e+00,1.545668187500392499e+01
8.951571159847304671e+00,1.627552807949968994e+01
8.552810302213348592e+00,1.591501757783131410e+01
8.604677269965680608e+00,1.601067384404809602e+01
-2.927994847709836534e+00,8.560622383909141320e+00
6.195641996087456249e+00,-6.043917172675249416e-01
-1.026538801560786673e+01,-1.047098255521400745e+01
-7.255780264292599924e+00,-1.410137721941235966e+01
4.606685789206351522e+00,-1.042985741502272035e+01
-1.495990506172305423e+01,5.226357264304636985e+00
-1.251584925286346239e+00,-8.865471302511192420e+00
-1.335925099308580943e+00,-9.067529592934652882e+00
4.045567661347782895e+00,-1.070306319887090574e+01
-1.477694625965038533e+01,5.198316484777614654e+00
-1.305552192274397783e+01,4.651288694159222414e-01
1.546311914572026502e+01,-3.510947732887188533e-01
-6.685216831189112696e+00,1.465704118878463902e+01
-4.304141317913478204e+00,1.421246685373647445e+01
5.366758649943914605e+00,-5.273595139400995002e+00
7.771770501758537897e+00,4.073456432075241551e+00
-8.258603925835591442e-01,7.958454358939728301e+00
2.994159594496543342e+00,-1.279443555371117203e+00
3.985588187610940025e+00,1.206960178541011786e+01
-4.968694519925668018e+00,1.477022259681769789e+01
-1.222437764909891644e+00,1.672986169516267552e+01
1.512638914518759092e+00,2.984717299724268358e+00
5.146966016832556612e+00,-6.500281851792699683e+00
1.725251557225996990e+01,1.093569086272345947e+00
1.041966289786789623e+00,1.237993560782081026e+01
-5.908346757352238576e+00,-6.814437535481720154e+00
3.682658736560811441e+00,-1.325197030853889935e+01
5.659098713242212142e+00,-1.466884095463757554e+01
1.842970388366427792e-01,-5.598868222462790811e+00
4.190522283664202874e+00,-1.053338308026381576e+01
-1.733613308973807499e+00,1.539272832268184565e+01
-2.635496062324227839e+00,1.449153692670498650e+01
4.938776409382088950e+00,-3.467241543723561747e+00
-5.773808673812562020e+00,1.069962300138175060e+01
7.992668550869503896e+00,1.903751151572094402e+00
4.785261627733278900e+00,-2.455079346398860718e+00
-6.986628281233614679e+00,7.750209433681899407e-01
-9.429307026428181970e-01,1.383820125198458939e+01
-6.804024991193050376e+00,1.318640275006647045e+01
-7.952409906470218282e+00,1.432167223197009243e+01
-7.295370249726385481e+00,1.120572127522972572e+01
5.432152257974258269e+00,-4.317661477493258682e-01
5.594572132564834099e+00,-1.982318289727857730e+00
8.388747242904010193e+00,3.724206164494730409e+00
1.145115906214775325e+00,1.545028617862381637e+01
8.272133161703962401e+00,1.465466226468264743e+00
1.519121650466532181e+01,3.364745294160692568e-01
6.230587581153664622e+00,1.682184732232403945e+00
5.348819447178901898e-01,9.427447965629399462e+00
-1.024269427341441663e+01,-6.438275354179109122e+00
-8.855700554361389365e+00,-3.490212856071294389e+00
-4.704046757865090633e+00,-9.331389958019213893e+00
-2.063943681999879320e+00,-5.936361042660434961e+00
-6.175593555632915788e+00,1.334386303158653497e+01
1.514039968813215609e+01,9.858261644613345309e-01
-8.917980466703046005e-01,1.386811854771254460e+01
-3.172703872016909621e+00,6.211815711628502434e+00
-4.056188453642010749e+00,1.193918130059220317e+01
-1.446685617873151664e+01,5.144153718350446880e+00
6.572139962996689455e+00,-4.388980184235582449e+00
6.530962733752149418e+00,-5.194661414622532725e+00
1.624836333908629626e+01,-2.387297662933970610e+00
4.332332913709321609e+00,1.886464153595596382e+00
3.780953266729839335e+00,1.386594478119539886e+01
6.223997325951673432e+00,-3.151891273624676693e+00
-7.925129824084240493e-01,1.047269098178872682e+01
3.424559499651839811e+00,1.242106244062374465e+01
-4.513689787865596270e-01,1.237049026176336142e+01
1.580405076236617745e+00,8.090891604281090110e+00
6.280490999376944217e+00,1.906083268290293731e+00
5.532468727240355655e+00,3.098799059517545196e+00
2.394891161468863050e+00,1.276167542591931259e+01
6.962671080925060263e-01,8.797410651250300972e+00
-1.603962657839585404e+01,5.092301398217593089e+00
-1.107998195923144280e+01,-1.086982453157243889e+01
-1.653456931834840438e+00,-7.791516989957352202e-01
-7.083252445469014447e+00,2.834482963492133134e+00
-1.108499361598862798e+01,-1.046663949271660776e+01
-6.047484778644705017e+00,-3.396201857683613490e+00
-6.284606118271829800e+00,-2.513372080763486505e+00
-1.305280513323220859e+01,4.496588646686321411e-01
1.132289201177328763e+01,5.188804513438992627e-01
-1.014934628195654298e+01,-8.241883105911757212e+00
5.452734480628568470e+00,-1.461404834106797423e+01
5.815363224580976542e+00,3.435848656550560598e+00
-7.082371145901587894e+00,2.835517056761977184e+00
9.345275593425078853e+00,3.930771188973048780e+00
-1.108879812908539542e+00,7.457598901723395457e+00
-1.133595481386743131e+01,-6.393582703210163309e+00
7.120231390633163793e-01,3.712550002020688633e-01
4.882231846204030390e+00,-6.426727413149221135e+00
-1.660851101011676789e+01,-3.948723507833950208e+00
1.789863903525684563e+01,-9.923773299454259345e-01
7.160090100816121961e+00,-2.314507543233984332e+00
2.557805087219257256e+00,-1.648232402183853029e+00
-2.162224969738238745e+00,1.647092637879920574e+01
6.352737952246657827e+00,3.893242517633513256e+00
5.161461690511695011e+00,-2.679134365513856419e+00
9.231911090622039850e+00,3.665273815900728316e+00
-5.281526815407395770e-01,9.417581865899547822e+00
-9.499494096304207380e-01,1.141123399505926628e+01
2.552696848222920867e+00,-1.568441068695569429e+00
-9.082947464104632607e-01,-2.859515018760664162e+00
-1.007089786136490162e+01,-6.127616086517871707e+00
-9.946552255860529712e+00,-6.532250780880722196e+00
-7.383615036710052593e+00,-1.377078408691660627e+01
-6.206717765620967775e+00,-2.897207823277319072e+00
-6.007130925258646670e+00,-2.823145879949009007e+00
-6.362877902788068418e+00,-3.102815856153290586e+00
-2.548740211458111915e+00,-5.790938469826607538e+00
5.320648000845840109e+00,-1.436339538726054244e+01
-1.093978133324182878e+01,-3.411086202334472350e+00
5.268273805114969122e+00,-1.508141053328349379e+01
-1.041042310990901676e+01,2.915570738230977454e+00
-9.572295460748804885e+00,-6.118284351268679089e+00
-1.054767563844860412e+01,-1.868501752247166525e+00
1.484159158399937972e+01,-4.941678040948331851e-01
-8.147961415351151260e+00,-8.891055100989365911e+00
-7.297607606973265604e+00,-1.369007951746508667e+01
-1.054878355036937165e+01,-1.269109342519889605e+00
5.270693696121443672e+00,-1.410293684642101653e+01
-1.116524600693223768e+01,-2.128497073230374959e+00
4.382837231805088329e+00,-1.041736157842630384e+01
8.238509636723518881e+00,-9.229528095542252064e-01
1.602422983817612590e+01,-1.133158541099205552e+00
3.803219786686885318e+00,-1.314810008776344574e+01
-8.129908147632203708e+00,-1.669143528198882720e+01
-6.093091336032705030e+00,-1.679660508489935111e+01
9.973194617459988365e+00,1.762140262535918467e+01
-3.807888399161412529e+00,-7.210480639970513472e-01
9.217105977455638310e+00,1.759055127129295570e+00
5.459466486164471277e+00,-5.451164189793587411e+00
6.718644358982541753e+00,-2.351622000760925923e-01
-1.099158658134720579e+00,1.231676306070121107e+01
-7.005419396903844742e+00,1.213962014380687826e+01
1.603267119608005586e+01,-9.519445185454848968e-01
9.435645675275855737e+00,-8.798001285868290999e-01
2.319831839416486741e+00,1.492967196005591646e+01
5.131043333628604763e+00,-6.680568278813775684e+00
3.860314657544533734e+00,-1.384816781094330596e+00
-3.635964448494720391e-02,1.377102178071542404e+01
-6.522139712646036536e+00,1.278615961753344088e+01
7.585741756542403458e+00,4.167193338159937532e+00
8.428040254726473890e+00,2.808534441368955026e+00
1.584153761940048710e+01,-1.557570461291720720e+00
1.228845868425701937e+01,1.746482756752067900e+01
-5.436339585011843667e+00,-8.953333552836847398e-01
-1.465121545570430506e+01,3.986123913191216506e+00
-1.499084144056689816e+01,4.886950931448308388e+00
-9.855846912847209040e+00,-9.198350841668636590e+00
-1.478739018067161481e+01,4.128234159812314452e+00
-1.480467412507980640e+01,4.271479948708600816e+00
