13998
3273
3273
3273
3273
3273
3273
12241
12951
13516
13664
13664
12951
13664
10008
661
746
304
12902
304
304
571
304
304
304
571
571
571
304
9790
571
1332
304
304
12902
304
304
304
12363
13206
304
304
13516
304
13664
13664
12445
9993
1332
9790
10008
1820
12951
12744
13115
1551
14096
12225
12784
13353
661
12744
10008
1820
12445
12498
12902
13993
12278
12445
13516
13998
13206
13998
12445
746
12902
3586
3586
14064
3586
3586
3586
3586
3586
13169
3586
3586
13998
1673
1673
1673
304
12498
1155
571
13998
419
419
304
304
419
661
304
571
13998
13169
13452
12902
12744
12896
12644
12644
13206
13
1332
12498
1332
1332
304
12445
12902
12744
1332
304
304
304
304
304
304
304
304
304
304
138
138
138
138
9790
138
138
12363
10008
304
304
304
304
304
304
304
304
304
304
304
13452
13452
1561
13998
13452
9790
746
13223
13664
13998
13998
12902
9843
1820
746
13664
746
13169
746
746
746
746
746
746
746
304
304
304
304
304
304
304
304
1332
9790
304
304
13664
1673
1673
10008
304
304
304
304
304
304
304
304
304
304
13
13516
304
12744
918
918
13206
13452
1332
1332
1332
13
1332
3273
3273
12784
12784
3273
3273
3273
3273
3273
3273
1962
12278
13452
13925
12784
1336
14064
523
1673
13569
12445
13516
12644
3586
3586
10008
3586
3586
3586
3586
3586
3586
3586
3586
12744
304
12445
13998
13993
12241
12445
661
661
3273
3273
3273
3273
10008
13067
713
713
713
713
713
13998
713
713
13516
1332
1332
380
2041
12498
1332
1332
1332
1332
1332
1332
1332
1332
304
13353
304
304
304
304
304
304
304
13452
12896
13516
14064
304
505
304
304
304
304
304
304
1332
1332
12498
304
304
1690
12902
9790
304
13206
1332
304
304
304
304
304
304
304
304
304
304
304
304
304
304
304
304
13
9760
13998
13998
12498
13993
13998
13664
13998
12498
10008
13998
12278
12784
1219
12951
13142
12498
13664
12902
278
12597
570
304
1561
304
13142
304
304
304
13142
304
304
304
13998
304
12363
918
304
505
304
661
304
304
304
304
304
304
304
304
304
304
1561
12715
13998
998
304
918
13516
12445
12647
1673
3671
12744
13206
1561
12445
12445
9843
419
12498
419
419
419
419
14064
782
782
1332
1816
782
782
1332
1332
1332
1332
3273
3273
13
3273
3273
3273
3273
3273
13142
3273
1820
1820
12445
138
1820
1820
1820
1820
1820
1820
713
13925
13206
10008
12445
402
570
13998
570
570
570
570
661
1673
13998
12902
3273
3273
3273
3273
3273
13169
3273
3273
3273
3273
12951
1820
12644
13998
12363
746
12445
13067
9843
13998
13
13
12896
1332
13998
10008
14064
12731
12744
13452
13142
13569
1690
746
1332
1332
1332
1332
1332
1332
1332
1332
9790
14096
1332
13998
523
540
523
523
1820
523
523
746
12445
10007
12896
12951
380
304
304
304
304
304
304
304
304
304
304
304
1332
1762
9843
13452
12731
12951
12744
884
10008
13993
12498
1561
12744
12902
12647
1816
14064
12951
304
304
304
13067
13664
304
304
304
12715
304
13353
13998
13993
304
304
304
304
304
304
304
304
304
304
13664
9790
13569
12445
304
304
304
304
304
304
304
304
304
304
51
304
304
304
304
1673
304
661
782
14096
746
746
746
746
746
10008
1332
1332
1332
1332
1332
1332
12445
1332
13206
746
746
746
746
746
746
746
13
14064
474
13925
13169
13206
138
13998
9843
13142
12902
138
138
3586
3586
3586
3586
3586
3586
3586
13925
782
782
523
782
782
782
12902
13206
3273
3273
1332
3273
3273
9760
13206
12731
1816
12644
13998
12902
9760
570
570
570
570
570
12644
570
570
570
570
9790
9790
13998
12644
9760
13353
291
138
12445
13998
12902
1336
14096
12644
12644
1816
1332
12902
1816
13998
523
1219
12784
1531
304
304
304
304
304
304
304
304
304
304
304
304
304
304
304
304
304
304
304
304
304
304
12498
782
782
782
782
782
782
782
782
782
9760
13516
661
29
12902
12784
13998
13569
12445
10008
304
304
304
304
304
304
304
304
304
304
12597
13206
1962
13664
13664
13664
746
13664
3586
746
304
304
304
304
12731
304
304
304
304
380
1673
13993
12951
380
380
13
12363
14096
746
12445
419
304
304
304
304
304
304
304
304
304
304
523
12744
746
304
746
746
746
746
12225
54
746
746
523
523
523
523
523
10008
523
523
12498
570
13206
13206
13112
12902
523
523
523
523
523
523
523
1561
523
523
12744
12744
13925
1155
570
12902
12902
13142
13353
12902
12241
14064
2041
10008
12445
13998
535
782
782
782
782
782
782
570
10008
13142
3273
3273
3273
3273
3273
3273
3273
3273
3273
3273
661
13
13
13
13
570
570
570
570
570
570
570
570
304
304
304
304
304
304
304
304
12644
13664
12896
12902
12445
571
12902
12902
1262
13993
12784
13452
10008
304
1332
13
12902
13223
654
304
304
304
304
304
304
304
304
304
304
9760
12498
12784
12784
1816
12896
782
782
782
782
12744
13
12784
10008
12445
13142
13452
431
138
304
304
304
304
304
304
304
304
304
304
1673
1673
13206
13664
1673
1673
1673
1673
1673
1673
1673
1673
13998
13664
12363
12902
746
13169
746
1155
380
380
380
380
12951
3586
3586
2041
13206
13925
12445
9843
304
304
304
304
304
304
304
304
746
304
304
523
304
12902
304
13
304
12784
304
3586
304
304
13516
13
304
304
13223
304
10008
13565
13516
10008
13067
14064
12902
571
746
1561
1561
1561
1561
13516
3586
3586
3586
13452
13062
12445
12647
12902
13998
13925
1825
9760
12744
13
13
13
13
13
13
13
570
570
570
570
570
570
570
570
304
304
570
304
9843
12644
12896
12498
12445
746
13223
9790
10008
13998
12498
9843
13516
12498
13998
1561
304
12498
746
13998
570
12902
304
304
12784
304
304
304
304
304
304
304
12363
12784
304
304
304
13115
12647
746
304
13353
746
746
746
746
12498
12784
1820
1820
1820
1820
746
13664
13664
12498
14064
304
304
304
1561
12498
13664
304
304
304
304
304
304
304
12445
10008
13925
13223
12445
12363
12902
13206
13
12445
2041
12498
12498
12498
12498
12498
1816
1816
1816
1816
12445
1816
1816
1816
304
304
12445
13062
304
304
304
13
304
304
304
304
1137
13664
1393
9843
304
304
12731
304
304
304
304
304
304
304
304
570
1820
9843
570
13565
12498
12498
1816
12498
12902
9790
12498
380
380
12498
304
13998
380
9790
13998
304
13353
12278
3586
3586
3586
12896
3586
12715
3586
3586
3586
3586
13169
13664
1332
13998
570
570
12644
570
570
570
570
570
570
1251
13516
1561
13452
13452
13169
13664
9843
13516
13998
380
13998
13998
12896
13067
10008
13169
543
13998
13998
304
304
304
304
304
304
304
304
304
304
13998
304
13452
544
1816
1332
746
304
304
13169
1820
1820
304
304
304
304
304
304
304
304
13998
13925
12951
138
138
138
138
138
420
138
304
304
13664
304
304
304
304
304
304
304
10008
13452
10007
746
570
746
304
746
746
1673
12951
304
304
304
304
304
304
304
304
304
304
304
304
304
304
304
13206
12445
12951
13169
12951
421
304
304
304
304
304
304
304
304
304
304
13998
746
304
304
13
304
304
304
304
304
304
12896
13142
14064
12498
9843
746
13998
304
304
304
304
304
304
304
304
304
304
13
13516
13067
13206
13206
1561
12744
1475
13998
12445
14064
28
13998
14064
304
304
304
304
304
12731
304
304
304
12241
3586
3586
3586
3586
3586
3586
3586
3586
3586
884
12498
13998
12498
12744
9790
13067
10008
13925
13142
12498
12896
1816
1816
1816
1816
1816
571
571
1816
571
571
12896
9760
12498
13998
746
12498
10008
746
13452
13998
1561
13993
12498
1393
13998
746
304
1155
12498
304
304
304
304
304
304
304
304
9843
13452
746
746
9843
12644
746
746
746
746
746
570
12902
138
304
304
304
12731
304
304
304
304
304
304
746
12498
12951
13
13
13
12225
12498
304
12278
304
304
304
304
54
304
304
304
304
304
304
304
304
304
304
570
304
304
746
746
1962
304
13206
13353
746
304
13998
304
304
304
304
304
304
304
304
1393
304
570
570
12445
13998
12445
304
304
304
304
304
304
304
304
304
304
12498
12498
304
304
304
304
304
304
304
304
304
304
10008
12498
12896
12715
13067
12731
10008
2041
12498
3586
13998
609
12498
13998
12445
12278
304
13
13
14064
10008
12445
10008
3586
13998
13998
13998
10008
13998
13169
12445
304
304
304
746
9843
13142
12644
10007
570
570
570
304
12445
1820
13062
12896
10008
13664
304
304
13112
13998
12744
12498
12644
1962
12731
1816
9790
12744
1332
13998
12896
13998
138
12902
13353
13998
304
12715
10008
1332
13998
10007
746
746
746
304
304
304
304
304
304
304
304
1332
304
304
1332
1332
304
13
9790
12498
13
13569
13
13
12445
1393
13452
1393
746
10007
746
746
746
746
746
9790
363
9790
9760
304
304
304
304
304
304
304
304
12498
12498
13169
12902
304
304
304
304
304
304
304
304
304
304
304
304
304
14096
304
13067
304
13115
13067
304
9790
304
304
304
304
304
304
304
304
12498
304
1816
1816
1816
13516
12498
304
13
1816
14064
12731
13062
13993
10008
9790
138
13569
13452
13516
13067
570
13206
12902
12731
1393
304
782
12498
782
13353
1816
12647
12731
9843
12731
12498
13569
12744
13998
661
304
304
13142
13998
12902
1155
9843
13206
12744
3586
3586
12744
3273
12241
3273
3273
3273
1561
570
570
570
570
570
570
570
13998
570
13
1561
12363
419
419
419
998
12731
9843
10008
13998
13998
570
1251
291
13223
13569
1155
13452
304
304
304
304
304
304
1962
304
304
9843
9760
12902
13206
998
13998
9760
13993
13998
12715
13067
9993
13569
9843
3586
746
746
746
746
746
746
746
13142
13993
746
13998
12647
13664
304
304
304
304
13664
304
304
304
304
304
304
304
304
304
304
304
304
304
304
304
1393
304
304
13115
10008
304
304
304
304
304
304
304
304
2041
9760
304
13169
9790
12241
12278
304
304
304
304
304
304
304
304
304
304
304
304
304
304
304
304
13142
9790
13516
12902
13067
13998
13206
483
3586
9843
1332
12731
304
304
713
12445
713
13998
12731
12715
746
1137
419
12784
12644
10008
3586
12744
13169
13452
13998
12896
12902
13998
13998
12715
304
9790
380
380
380
380
380
380
380
3586
3586
1152
9790
3586
12951
3586
13067
12644
13998
13452
29
12498
1561
1561
570
570
571
304
1561
1561
1561
1561
1561
1561
1561
1561
746
1336
10008
12445
380
998
10008
138
1820
13998
13
13
713
713
713
713
713
713
713
713
713
9843
1962
12363
1690
12445
13
13206
302
12498
1816
9790
918
523
14064
12498
12731
746
746
746
746
9790
746
746
746
13664
12744
1561
304
304
12498
12498
304
13062
304
304
304
304
304
304
304
304
304
304
304
304
304
304
304
304
746
3586
304
304
13664
1332
13664
13142
1393
12498
304
304
304
304
304
304
304
304
304
304
746
746
746
1155
746
746
746
746
12896
746
746
304
13353
3586
1393
3586
13
12445
782
1332
12647
13169
12498
12647
304
304
12784
304
304
304
304
304
304
304
304
3273
3273
12902
12731
3273
304
304
1673
13067
13
713
713
713
13206
807
13993
13925
9843
571
12445
1962
12902
570
1962
12902
746
12445
304
12902
9843
14064
304
304
304
304
304
304
304
304
12744
12744
13206
12498
12445
12445
10008
746
523
746
746
746
746
746
746
12896
13998
12644
13998
10008
13206
13169
12278
12644
12644
1820
1820
1820
12896
13142
746
13206
13452
13998
13223
12445
998
998
998
10008
3587
1247
13142
12715
12902
13452
13452
12744
13998
12951
14064
12715
746
746
746
746
746
746
746
746
746
746
13452
12744
13142
9790
13142
304
304
12498
304
304
304
304
304
304
304
304
304
304
304
304
12498
138
304
304
304
304
304
304
304
304
1393
304
304
304
304
304
304
304
304
304
304
746
13
1673
1673
1673
1673
1673
1673
1673
12445
9843
138
14096
13
13142
523
138
138
138
304
304
304
304
304
304
304
304
304
304
10008
12647
1816
13206
9790
9843
12498
13067
304
12498
12498
1561
12498
1332
12498
10008
13516
304
13516
12902
1816
12896
12644
304
304
1155
304
304
304
304
304
304
304
138
12445
138
9790
304
304
304
304
304
304
304
304
12445
138
304
138
3273
3273
3273
3273
3586
3586
3586
3586
12902
138
304
13993
304
1155
12902
570
1962
13569
13206
13664
13998
13998
13998
14096
13169
14064
14096
12731
12731
13452
1332
1332
13569
13998
13664
13452
746
10008
12902
9760
12445
746
14064
12715
10008
13998
14064
304
12902
304
304
304
304
304
304
304
304
304
304
304
304
12241
9790
746
746
304
13142
13067
12744
13452
10007
9760
13569
304
304
304
304
304
304
13062
304
304
304
304
304
13452
138
304
1962
304
304
304
304
304
304
12951
14096
13565
2041
998
12363
304
304
304
304
304
13664
304
304
304
304
746
304
304
304
304
304
304
304
304
304
304
13664
746
138
138
138
138
1155
138
138
9993
2041
12445
13516
1152
12784
1673
12902
1332
1673
12715
304
13
12744
304
2041
304
304
12951
13998
304
304
1561
1816
1816
304
304
1820
304
304
304
304
304
304
304
304
12241
1820
13112
1393
1393
13206
12445
13353
9843
1820
3586
3586
570
3586
3586
3586
3586
3586
1673
3586
1673
1673
12363
12744
12644
10008
12744
661
13067
9843
523
12644
304
12445
746
1332
1332
13223
12902
9843
654
1332
12644
12784
1332
13067
13206
12644
13569
304
12902
12902
14064
304
13067
12647
12784
13452
13353
570
10008
570
138
13998
12647
3273
12951
12902
12902
10008
304
304
304
304
304
304
304
304
304
304
304
304
304
304
304
13206
3273
13998
13115
12951
13998
13664
13998
13664
9790
12784
9760
12498
1475
13664
12902
13664
