-1.221074905124643983e+01,-9.851357614458306600e+00
-1.173045419996890892e+01,-9.884579638489972453e+00
7.285821758165794471e+00,2.725573026437886348e+00
-1.252163593553918730e+01,-9.967493221632883760e+00
-1.171189971768014004e+01,-9.757613436599861245e+00
7.406830565599432425e+00,2.475525990226772333e+00
9.889051408966913925e+00,-6.974094088992809581e+00
8.818300757079434504e+00,-1.348600894399603867e+01
8.045168679921793853e+00,-1.379215278983481952e+01
9.829791193563952589e+00,-7.339038912651213664e+00
8.482051447468711203e+00,-1.318121420520670561e+01
1.315847911925389635e+00,-3.471372821126891051e+00
3.531253595926263422e+00,1.720363721074298624e+01
9.276582692993132540e+00,1.500599328680026190e+01
8.811946977451245999e+00,1.516578625499791144e+01
6.052176361059252052e+00,5.031425604086449788e+00
-2.930549931828156485e+00,1.818429090610033683e+01
-9.545413857764309284e+00,1.078510554352166118e+01
-1.960549927109271895e+00,1.462602166594634312e+01
4.564455012025030456e-01,5.663819297029633937e+00
5.954676182342309332e+00,5.149142360594751722e+00
5.130619430701321981e-01,5.630690560058868144e+00
-6.485936807149013994e+00,1.239345793629296466e+01
3.872479529846044599e-01,5.708662013875102303e+00
-3.483419317278332539e+00,2.007897811654051168e+01
-6.120956492271019123e+00,1.548541183140774713e+01
-1.125640341029752989e+01,2.648856152053229884e+00
-9.872189433381395318e+00,5.744865221256982402e+00
1.000473970669370871e+01,1.564459034648614200e+01
1.396155702537319065e+01,2.028947742289195055e+00
-1.223430996726507303e+01,3.629774999967612992e+00
-6.105372101431664866e+00,1.681158783369322762e+01
-3.183821298923390941e+00,9.784797696848425375e+00
8.048376653733456010e+00,-1.253912974126771296e+01
8.654848313537137017e+00,-1.376148315415572831e+01
2.978202382334601328e+00,2.665224199532046256e+00
9.925985153767928892e+00,-7.477605517358431264e+00
7.667775968671585396e+00,-1.533669940618580974e+00
1.530210902501226489e+00,1.300618667172012088e+01
1.041623303767392450e+01,4.021650385527436034e-01
1.689504360694165541e+00,-3.207760035336637117e+00
7.568757214320820381e+00,-1.723698018248458030e+00
-1.451798374840741879e+01,1.241632616861954652e+01
1.145225056262853158e+01,-2.244246467509353415e+00
1.126912677251573847e+01,-2.199818021120763412e+00
9.097581106395516315e+00,7.780935176149395005e-01
9.090606149033613193e+00,1.303520777892877369e+01
9.631157051298160354e+00,6.789399755224965638e+00
4.574788705857166793e-01,5.695485296326592284e+00
-4.833811173466233235e+00,1.910032645961650388e+01
-1.012904811325353549e+01,5.181362989776010508e+00
1.104129869767015215e+00,-3.690421371798032979e+00
-6.605966601363737922e+00,3.114517211624803217e+00
2.927824074375939833e+00,4.966703096370492787e+00
6.842306975528528845e+00,-9.327018588918740249e+00
6.737199943334694296e+00,1.609925368346170504e+00
6.580358480653007547e+00,1.040270601486296131e+00
1.009119453049020443e+01,6.843060341207902297e+00
-7.611011407005060292e+00,1.794447254879047193e+01
7.203297090576106676e+00,-8.591273410745749572e+00
-1.082986598824404467e+01,1.625159022904605521e+01
-1.341109862917472029e+01,1.265370775651211588e+00
-1.052263566542232809e+01,9.870804114005324870e-01
-8.247418415946828674e+00,1.588165205815830916e+01
-7.336654947824810868e+00,1.647719611967685438e+01
-1.415780119192879205e+01,2.841436362787721936e+00
-4.755918558428149368e+00,4.353545533393733180e+00
-1.198705167135520711e+01,5.464138453167894482e+00
-3.895195492319333042e+00,1.654123686537759497e+01
-9.738877412146365486e+00,1.714863717903793727e+01
1.451563797776275244e+01,2.601358801154952882e+00
1.579337479064707894e+00,1.089778603900781206e+01
-6.178617349035341988e+00,-5.204595627095906507e-02
-8.200649630768710452e+00,5.041642228688156813e+00
-1.163796670579526982e+01,5.707031443982311103e+00
-1.353350154140833439e+01,3.145165459765563831e+00
7.683734146910350837e+00,1.408992514801852280e+01
-7.212444257380501433e+00,1.297737154039153573e+01
7.059342676976304354e+00,1.642778595963764587e+01
-9.553054571490230629e+00,1.623409607705744051e+01
-1.373369719041859227e+01,3.554157702320566159e+00
6.436630571656408506e+00,1.488160558282471158e+01
1.544876795015399118e+01,-2.274601071535115704e+00
1.083103606446975320e+01,6.645145783025938613e+00
1.319104232957677247e+01,-7.034767995411416175e-01
9.018069241764155919e+00,-1.260899871462769894e+01
8.358638972144282420e+00,-1.351595402484391251e+01
-4.682226201595062420e+00,1.681965034221876820e+01
-5.901234620259272035e+00,1.221512328685861570e+00
-2.523560365059859478e+00,1.102711050680919591e+01
-2.691287665342845692e+00,1.652077161585934206e+01
-1.155554119708403782e+01,3.771776520730973026e+00
-8.555596617227364531e-01,1.178511110132333783e+01
8.477084243110676098e+00,1.541721595042816517e+01
3.497755306236509210e+00,1.505425982009214181e+01
-2.518302643081924419e+00,1.148279915708386056e+01
-2.879652432707236809e+00,1.815284043949047854e+00
9.005953220139360837e+00,-1.320530899680416503e+01
9.243083241145274798e+00,-6.596185792594829733e-01
9.980919350673932655e+00,-1.645029837007480511e+00
8.474435212284923580e+00,1.473342023674434920e+01
-8.813754569674944861e+00,2.428532040656054658e+00
-9.733464611139009293e+00,4.172083247213740798e+00
-5.996795548380768892e+00,1.916872838396609069e+01
-3.604506514421127239e+00,1.315741205072886011e+01
-8.209518558205688876e+00,1.281446075767005333e+01
-5.700177704109475663e+00,1.328645103717137133e+01
-5.220888938560489301e+00,1.090533808642188873e+01
-1.080344360738118148e+01,3.612027511188018458e+00
-5.336485812214014857e+00,6.622163123370648385e+00
1.044757417486288453e+01,7.702092753300324723e+00
9.829675364238395829e+00,1.471645821700790613e+01
7.128860743656795229e+00,-8.981939018115914664e+00
9.894953131084241349e+00,5.747958758909399890e+00
-1.137835000012585773e+01,-1.011551659618166532e+01
-1.145964730405362175e+01,-1.026040730083195740e+01
-1.068971047250868978e+01,-9.513406051964697241e+00
-1.140006907333079056e+01,-9.571553752268707527e+00
-1.154488164427527153e+01,-9.625717180581359500e+00
-1.136840071427422139e+01,-9.585414228158043670e+00
-1.133983876624490250e+01,-9.731897930477833469e+00
-1.131774050971768553e+01,-9.419390880418459844e+00
1.696806350658477180e+00,3.816544703302981567e+00
5.441159703173605422e+00,3.458521212433834702e+00
1.095456749539362384e+01,-1.492658688130021671e+00
4.186514213448343291e+00,-4.516370198542028369e+00
4.033015973734834780e+00,-4.567435504810348629e-02
6.287089301790881102e+00,-8.714486599333548966e+00
-3.657090731199021949e+00,3.083891264309217117e+00
1.879719236692862339e+00,-3.071251128570840816e+00
8.021880077655806573e+00,1.246400750331818630e+00
-1.316675144314020507e+01,-8.742864561916949384e+00
-1.308248368403082829e+01,-8.764395374002733163e+00
-1.261216130919049760e+01,-8.506775473610396432e+00
-1.055264483537393438e+01,-8.964696066723822909e+00
7.439800206330684063e+00,-5.079807595567928935e+00
1.638545209203704189e+01,6.282719581267048881e+00
1.643462800834326387e+01,6.282863398024609580e+00
1.609325377612039176e+01,6.180160479062559276e+00
1.563404478212992288e+01,6.108142598351417263e+00
1.588911067091627771e+01,6.209449475011088460e+00
1.632356697782512711e+01,6.251606418260467812e+00
1.629576702101713792e+01,6.244656477385336579e+00
-1.848781285244749029e+01,4.018473913547034648e+00
6.768688534716685190e+00,2.836949915084547857e+00
3.430841028022197037e+00,7.341118008611958068e+00
2.590272810107825840e+00,8.398669011393723238e+00
2.564178188247664192e+00,9.030443380802582354e+00
2.042739616649507539e+00,7.680566897980303231e+00
2.451461214617797424e+00,8.317391178796530227e+00
3.262738787018614861e+00,7.383657537158004658e+00
-7.301301440371761764e+00,1.340556752912407568e+01
1.747038904054099007e+00,9.172972963327195473e+00
-5.176723361187126393e+00,1.843676709103231914e+01
9.256350843395470207e+00,4.647634810204916533e+00
-1.268401735501503858e+01,2.999497308311923849e+00
-1.133071374950954535e+01,2.002401474788835234e+00
9.217651119448296626e+00,1.339148317151761347e+01
-3.335001425570964240e-01,1.310657203098486789e+01
-1.911570610824013361e+00,1.299993932853412737e+01
-2.850728576923105440e+00,1.872325507955955537e+00
-6.468693308337840620e+00,-1.307442529926003960e+00
-9.813781294144057199e+00,5.674828080268714992e+00
8.500456745835059280e+00,4.123211947536818300e+00
-7.538993628639190980e+00,-8.217024586369647832e-01
-9.913071433142185640e+00,1.526740962257346190e+01
-5.634988357520891000e+00,1.571866002400439122e+01
-1.292524483255779444e+01,1.955392608585341696e+00
-8.046941516944484007e+00,1.817349912454263716e+01
-2.534373829024431313e+00,1.992607817057895758e+01
9.181281311143481005e+00,1.477035701159556780e+01
6.672079353456928708e+00,1.470729258708990095e+01
-6.493264876326388269e+00,1.463597774481316449e+01
8.516912429740493451e+00,1.359115309741213729e+01
5.913493051815448709e+00,1.458558307053041325e+01
-7.542730484648651590e+00,6.701382241963536934e+00
9.980326140453714245e+00,1.351424352962539288e+01
-5.524387038620986345e+00,4.550824417318018789e+00
-8.513809291169181392e+00,3.763849074636714143e+00
-5.945632495259570938e+00,1.133336152094720362e+01
-1.391170954791373049e+01,3.339929367245138447e+00
8.097523416351116055e+00,4.783331489598870334e+00
8.380468561256869009e+00,-1.361987015064855733e+01
1.707540906696604521e+00,3.853766410676775944e+00
8.330434629714391193e+00,5.978289646550769554e+00
7.418681174221071650e+00,-3.297300599171507640e-01
8.443161003177381829e+00,1.375707223212933705e+00
8.812544358801037703e+00,-1.232848218445905175e+01
8.621510771734801182e+00,2.200269040623147543e+00
1.007284838684903150e+01,6.961504773794320755e+00
-3.099290628583923013e+00,-7.892870034109209953e+00
-9.460657350782442077e-01,1.559797958805143558e+01
1.692018514893634773e+01,-2.906131414940565261e+00
-4.895016649052148061e+00,1.177582790822291869e+01
9.351621988026591836e+00,1.737454023243094392e+00
-4.953488463529653885e+00,1.664002540484185388e+01
-4.937588283455082383e+00,1.176356786885895467e+01
-7.542425904273221349e+00,3.411106215391202845e+00
1.060388625735715706e+01,1.622643631652535445e+00
-7.297528909688411503e+00,7.440943978606245679e+00
-6.188081298938922004e+00,1.306677549252363058e+01
-7.626430944396268785e+00,1.879469507595894839e+01
-1.137398448327603973e+01,1.461690827173217855e+00
1.390443231514160338e+01,2.049001609885151787e+00
-1.745814589382968407e+00,1.248828814378362750e+01
9.171578615843339222e+00,6.023938786331610729e+00
-5.726110833221941476e+00,-5.424408437346118772e-01
1.297106720695343496e+00,-3.477724460229858039e+00
-8.163725896753119216e+00,1.605881787437860808e+01
-1.732586718268386505e+00,4.120598584164711475e+00
-2.833204917863890060e+00,2.227403035104078555e+00
-8.701756385985147446e+00,1.871112262664617631e+01
-6.404443505666876035e+00,1.021654704439215422e+01
-1.101567741959681612e+01,4.827200105074653358e+00
-6.980588719246677343e+00,1.330073062382123084e+01
-6.117573317343374839e+00,1.215932142658379966e+01
-7.252862169366546041e+00,9.503839171402537644e+00
-6.755357110274561094e+00,1.643936322437670228e+01
1.735469640538731184e+01,-2.598384285576893937e+00
1.311069782366988434e+01,-6.322016698972605653e+00
5.219740114389852081e+00,8.907972426677542188e+00
-8.944985994830737752e+00,-1.988836598910579401e+00
1.130972046726448710e+01,-1.471617659052753435e+00
9.181073264044876225e+00,6.849047624714188487e+00
6.607165297908969670e+00,-8.903322777350235029e+00
1.695354277256670272e+01,-2.845786958504335828e+00
6.432217913361916450e-02,-1.603563569168147751e+01
3.445238955424043126e-01,-1.575923723274574506e+01
1.443133104430614488e-01,-1.596598736766378401e+01
1.677631858368571760e-01,-1.593766167379862608e+01
-1.133062246788785110e+01,-1.025484145159430938e+01
-1.128682015965027752e+01,-1.026872592809751339e+01
1.012463194249579601e+01,6.945647693633576480e+00
-1.143240540181841780e+01,-1.027723806699386166e+01
7.718305863530254385e+00,3.273068033459868964e+00
-1.251670981132691196e+01,-8.219219877159684273e+00
-1.146805912283668505e+01,-1.018621021990889552e+01
-1.146772568265145154e+01,-1.009964079386556968e+01
1.113883507949000951e+01,1.609793716362155624e+00
-1.129498430219714855e+01,-1.023655527296998002e+01
1.500138609015362867e+01,5.926705931454738341e+00
6.869053007414764878e+00,1.682503587698215730e+00
8.500410473468759776e+00,1.947966239226423424e+00
-4.225198190318206315e+00,-8.941310271308909208e+00
-5.566312414474333892e+00,-8.529823311028334132e+00
-5.186186257958522283e+00,-1.011583730714393070e+01
-4.372492306832000075e+00,-9.336710559787340102e+00
-5.519526036656353440e+00,-8.578116452712690077e+00
1.311236265171994431e+00,-3.493604102309463499e+00
1.127515814370150338e+01,-1.472434273458093523e+00
-1.091701993079903232e+01,-9.597994669461591855e+00
-1.158425279877947389e+01,-9.592996693321378388e+00
-1.206886835072212172e+01,-9.544592995549926684e+00
-1.132717153320241366e+01,-9.431506642639744697e+00
-1.146638316194624352e+01,-9.664483021760238657e+00
-1.136575730869480161e+01,-9.621060496036450971e+00
-1.151694753941721316e+01,-9.702755454402492319e+00
-1.165191377966803543e+01,-9.625019164792091075e+00
-1.053073263720314934e+01,-8.941805549759237692e+00
9.684129373627872184e+00,-7.301661557798015068e+00
6.506217616115746338e+00,1.443587484021422451e+00
1.388606755029990758e+01,1.995379992037852768e+00
6.423766570960689037e+00,-7.056879580511281169e+00
1.065725728598173383e+01,6.436609125887553517e+00
9.025698247476219294e+00,6.547091586692995513e+00
1.341207990423014751e+00,-1.016771355962075951e+01
6.883004414094397561e+00,-9.310852112973622141e+00
1.179900117391888337e+01,1.338427688131183180e+00
4.636277660978625370e+00,-4.558940217907899495e+00
9.772040175639054027e+00,5.195104180877373246e+00
-1.849825800810329568e+01,5.121389672144526450e+00
4.660788040388141873e+00,-3.022455366053184989e+00
7.328329693691506108e+00,-5.783243491753701226e-01
-1.939044778713217809e+01,4.460820638051399278e+00
-7.940976097743815743e+00,1.167941862276534692e+01
1.288566162011697269e-01,2.112736403169573052e+01
-9.073342381584858174e+00,1.780436078442788173e+01
-9.964669564744955466e+00,2.807391258897485309e-01
-7.615343160150631618e+00,2.141658711940579884e+00
-8.671158173040192096e+00,1.191351613885005811e+01
-4.628925290045604157e+00,1.240401388638732350e+01
-9.307110424029161777e+00,3.979179757223095804e-01
-6.756592193953481207e+00,1.756770874594225162e+01
-3.351006036248171949e+00,9.309219271116930372e+00
-7.513567518555215763e+00,1.485055835802655722e+01
1.452565427687591226e+00,1.442791374697176288e+01
1.349753962513822847e+00,-1.012704039726401994e+01
7.561809570678406978e+00,3.596637346590858542e-02
6.602551415332711393e+00,-9.257848829429702775e+00
8.484887011189039541e+00,6.501070490167099258e+00
1.660903359215961572e+01,-1.714299625764778678e+00
6.636530367785532292e+00,-8.768784297659227178e+00
7.469811586691704974e+00,-2.049249990712122271e-01
-6.532117960659931555e+00,1.879943875662991459e+01
-1.156663953226142105e+01,-9.765332860634368117e-01
-1.009197250729385154e+01,1.435795019169408215e+00
7.395643230056370143e+00,-5.923437377733023368e+00
8.250797399272155275e+00,2.412191422028901466e-01
-1.833231472493704217e+00,1.129774257443558305e+01
3.236582552631877885e+00,1.717818827589344366e+01
8.870827471694225252e+00,1.289394155916883022e+01
1.310973208604830553e+01,-6.316638219813262012e+00
-6.514584155330458870e+00,6.934083584554851853e+00
-2.951144745552567450e+00,1.377480841564688241e+01
-2.860108607943086856e+00,1.804950347616294692e+01
7.274644768774494175e+00,1.663346300013527923e+01
-4.802603552474356441e+00,1.742590648737284198e+01
-1.125512618110128038e+01,5.561998716433994794e+00
7.264720167111070381e+00,1.638578331094795004e+01
6.204024686503608166e+00,1.421261606799474464e+01
9.753395310589366929e+00,1.578143096786171107e+01
-9.061564818045997782e+00,4.182389291845681534e+00
9.624397176376223939e+00,1.604181386936888032e+01
8.126839494673404829e+00,-1.390336459792665202e+01
4.674086219584839164e+00,-4.531415750306353019e+00
-8.933882037717227220e+00,1.167558749531152174e+01
-4.094880803766058008e+00,1.778851024020557503e+01
-4.908982153821466632e+00,1.746967457593756379e+01
-6.518821586103659804e+00,1.331417166561987742e+01
-2.911935992410847440e+00,1.711199185459119532e+00
-3.391630819867888391e+00,1.154111949312986773e+00
-2.800145684482641784e+00,1.502869206818472314e+01
-7.019053764276994123e+00,1.462046558551643116e+00
-3.128093961392472977e-01,1.175268687151467972e+01
-9.721936272174886540e+00,1.164865634108163306e+01
9.261444122284132163e+00,6.545294467204530342e+00
8.055843581227811967e+00,1.445722236682198591e+01
-1.173416986978107168e+01,2.451555736847513156e+00
-1.485560200980156864e+01,2.901017002320117832e+00
-2.336631661302683405e+00,1.812986072974124241e+01
9.367841944824014888e+00,7.396572780182832929e-01
-1.103526152187669140e+01,3.222906857401607095e+00
1.240276591924590166e+00,-3.536744567875210965e+00
-2.698845312137693742e-01,-1.625988600984322829e+01
1.073767778048957133e+01,6.372901267957560734e+00
1.118716492524087336e+01,7.933084711143268741e+00
5.512788571393313575e+00,3.526230435253506101e+00
8.874614191940832342e+00,1.749055917667783788e+00
5.778621249006252292e+00,2.306326831669919475e+00
1.784237481136268788e-01,-1.593149261884599888e+01
1.955844049199114143e-01,-1.592490441191113781e+01
4.230662164927169178e-01,-1.567508054532048689e+01
2.356863800353597715e-01,-1.587286568125141351e+01
3.068546534086037947e-01,-1.579415533093363955e+01
-1.255555382563996147e+01,-8.931641585103522019e+00
-1.311395805240301016e+01,-8.693712863987949291e+00
-1.335223215878656156e+01,-9.162343691552287339e+00
-1.316426883329134512e+01,-9.916936273946276970e+00
1.305942688196140011e+00,-1.027104051725464373e+01
4.114358391018602568e+00,3.134124814204378162e-02
-4.344700933457258607e+00,-1.042844216653716494e+01
-5.260971878104899524e+00,-9.980776278176049843e+00
-4.222961397121397731e+00,-8.805629961382191340e+00
-5.338649500630748612e+00,-9.878547701761942079e+00
-4.606435581039520777e+00,-9.497766520849051375e+00
4.147408388473912133e+00,1.333487022255041843e-01
-4.240332977153479455e+00,-8.831548108608581416e+00
-4.394281572789570767e+00,-9.267591840640326595e+00
-4.266879716700668901e+00,-9.167870615713297866e+00
-3.940322655192729506e+00,-8.329546123422964854e+00
3.930119576861879960e+00,8.180097591220414355e-02
1.085800126222234674e+01,8.544248837820076048e+00
4.878206891082696117e+00,2.018769388417440136e-01
5.642243068022509078e+00,3.545516385701641959e-01
9.741141198398425516e+00,6.537023277880340544e+00
9.247353488789594067e+00,7.045414752772421352e+00
-6.510010525879125431e+00,1.705945037873781800e+01
-3.235451019912229498e+00,3.004669452914317862e+00
-8.996248774708407225e+00,1.604843083710698792e+01
1.491915605401735068e+00,1.099780008519302932e+01
-1.356530359619796045e+01,2.436619522308066443e+00
-1.009476636294873053e+01,1.295539313401898873e+01
7.637033518312696501e+00,1.379636485151911529e+01
-5.293213554593021009e+00,1.547093017746336674e+00
-5.199443800815259920e+00,1.559199910098673669e+01
-1.432197210020025535e+00,1.880306223045066716e+01
-5.893893248369883153e+00,4.097422292480562334e+00
-5.284370264519511196e-01,1.466405468246911425e+01
-5.608134645865503032e+00,1.963044996020833821e+01
-8.661112624094332801e+00,1.472129092157721786e+01
-2.772489506811593785e+00,2.502009278953708282e+00
-8.046705853846823686e+00,1.819551144906055073e+00
7.961035849356640881e+00,1.196010329598941446e+01
-8.766788293974153490e+00,1.786545410833164027e+01
-5.980426477993990630e+00,6.697650509246608763e-01
7.901566853682019165e+00,1.370059267039815154e+01
-3.749403458965681057e+00,1.556340890220707962e+01
-9.809770071504384958e+00,-1.815636611059026739e+00
1.411922588681312707e+00,-1.458457167897302220e+01
1.197045195597293388e+00,-1.484191955456191536e+01
9.095329236437343923e-01,-1.522792347178661565e+01
6.389534830220406914e-01,-1.548385001653805482e+01
1.071694867461283618e+00,-1.502186524664399947e+01
1.146254538508725496e+00,-1.489864920099856249e+01
8.080417284773435682e-01,-1.528953310321951164e+01
6.032392782710892520e-01,-1.548444642849160324e+01
8.412325088276516594e-01,-1.523948947346692506e+01
1.286049303274995559e+00,-3.495965905034368326e+00
1.039665741174064095e+01,6.676727513737848341e+00
4.618345751024791390e+00,-4.929202468319683561e+00
-3.505175840061719228e+00,1.714851516700608514e+01
-1.062509664143262000e+01,-1.365396641826495117e+00
-5.769311887408573369e+00,1.336929344961542654e+01
9.133531055407972943e+00,1.604773689433818618e+01
-9.236441023598196409e+00,6.765319914375472976e+00
-4.994197315069102139e+00,2.182298909819787802e+00
7.496464961914521830e+00,1.634539990460466186e+01
-5.216447453596601669e+00,1.631969518590521417e+01
-8.643335990299673810e+00,-1.730746500630109708e+00
7.321888241218164062e+00,1.651274385277271861e+01
1.010971972800374274e+01,6.668427434394102349e+00
8.508242859390714230e+00,-1.373662810989747740e+01
8.378730600690129648e+00,-1.375295258782198182e+01
8.608163271395911309e+00,-1.366095529756819893e+01
8.700320168968696422e+00,-1.343184413435824709e+01
8.070708593438677525e+00,1.352489953274196210e+01
7.649449640465609157e+00,1.282943419409033403e+01
-7.355124376370425487e+00,1.411212843883382639e+01
-6.514640862508748853e+00,3.898553306532595908e+00
1.322027521452892040e+00,-1.023684533701103483e+01
-8.030038453212132055e+00,1.210646406890683835e+01
-1.020759438624169491e+01,7.227120092563158238e+00
6.241737917865445517e+00,1.481114267350273828e+01
-4.777527003211655021e+00,2.362628161242729341e+00
-1.942635956112827955e+01,4.502561746609442750e+00
1.082558763450533768e+01,-5.423803272752119042e-01
1.007217005810430877e+01,-7.371641329572177881e+00
-1.941673479555783288e+01,4.503257107468653153e+00
-1.937795516392192496e+01,4.500071643188993775e+00
1.064755185326344744e+01,5.939131610250008464e+00
1.439889820812770616e+01,2.584069283942130646e+00
-8.066660169553900417e+00,3.367016495655073882e+00
-4.189671601249870037e+00,4.025751564043379638e+00
-9.951747511851380068e+00,1.699001442891808722e+01
-8.067708462710530881e+00,1.209468439813425178e+01
-2.240077492480661903e+00,1.267413075707390746e+01
-4.246682224229810565e+00,1.518860909239808876e+01
-3.559165214987224157e+00,2.059094362846793302e+01
-5.911992298504761045e+00,1.387637941711859391e+01
-7.443422403183739711e+00,1.115071733084021233e+01
-3.514813070791516392e+00,1.765953486043551734e+01
6.964440016021163693e+00,-1.792042874227041782e+00
-6.790124751983938722e+00,3.176930521712900912e+00
1.039716468848179076e+01,4.099248611718755986e-01
8.830775871411631783e+00,5.922136855052518634e+00
-1.809751435749366255e+00,-6.652681950558456236e+00
7.285545627174502492e+00,4.676698816562296912e-01
1.661197999527156099e+01,-1.874847547137082904e+00
7.104393838854743848e+00,-2.151693055422858158e+00
6.944005136450681626e+00,-9.358166437861173748e+00
5.533324172616806536e+00,3.304820943271718381e+00
1.087678168645858889e+01,6.521684951820804876e+00
-2.996870976143062748e+00,-7.444765603129222420e+00
7.871437941793205439e+00,1.309275196548928433e+00
1.458772717553715292e+00,1.224542216908837688e-01
9.536526447858090449e+00,7.209863644042403763e+00
2.397226488321358429e-01,-1.586909532152660596e+01
1.491698521595109517e-01,-1.597379227589600070e+01
4.834053763406542803e-01,-1.560808732484895422e+01
9.954096914595633727e-02,-1.598728546416246665e+01
2.600034460480755150e-01,-1.582663878627498910e+01
1.577803949717242471e-01,-1.596223495186737651e+01
-1.629294606438496995e+00,-6.533086413765325062e+00
1.049280225672888278e+01,1.640537005923871527e+00
-1.321442739483866546e+01,-8.844351034587901950e+00
-1.327363338353187672e+01,-8.742731431535590403e+00
-1.332006475176040006e+01,-9.479586533352948763e+00
-1.328654262870234781e+01,-9.411249338582480917e+00
-1.354454587398238985e+01,-9.347667864362714241e+00
-1.364540055665770879e+01,-9.364106891347178774e+00
-1.355875196410274341e+01,-9.335971134193462362e+00
-1.352883402117661760e+01,-9.333954196141137416e+00
-1.306060434469964271e+01,-8.866065403906338460e+00
-1.321307167025206120e+01,-9.025473264087601422e+00
1.064927215270440541e+00,-3.740213088963898258e+00
1.124030241980555189e+01,8.262962651029496897e+00
1.202424635227274052e+01,8.150331256455462636e+00
1.106756172548971406e+01,9.187030323783110575e+00
1.153093051447934592e+01,8.286812963458434211e+00
-4.456512763099556018e+00,-9.684811142759516045e+00
-4.249194096454830927e+00,-9.045438216375616847e+00
-4.289761734223863421e+00,-9.133130067122328555e+00
-4.325671468688582877e+00,-9.249262860767311523e+00
-4.409250443027945998e+00,-8.911661126886574635e+00
-3.844596184939595318e+00,-1.053243978796592373e+01
-4.476616477044813358e+00,-8.840811782335938673e+00
-4.065865472040342432e+00,-8.471405187860597152e+00
-6.398457459586812668e+00,1.654936385836500889e+01
-3.369158721206870322e+00,1.533501143676109280e+01
6.461769705330488556e+00,1.426214299150612419e+01
-9.673645931270838716e+00,3.947271373060881938e+00
-6.495486942051671875e+00,4.117109838928140420e+00
-1.425978107624696811e+01,4.999924255324112110e+00
-1.072723007559143227e+01,6.151193545205592805e+00
-5.916564197766593480e+00,1.417425908782799482e+01
4.359945703631308511e+00,-8.636717733079970344e-03
8.525124819818318045e+00,-1.375035060302688095e+01
1.386851545204631053e+00,5.348616036072562530e+00
-4.529115717215156600e+00,9.758457571000759501e+00
1.118299550925211960e+01,8.223228202270849607e+00
1.277676875244191557e+01,-2.584228915313161457e-01
-2.985391237938099795e+00,-7.567867521936726405e+00
-1.285673524962410319e+01,4.167165744675421557e+00
-2.046541241503921693e+00,1.305491781952591701e+01
-3.505185345631997684e+00,1.097928395982755490e+01
-5.770850074531529650e+00,1.629321379185438090e+01
-1.293159068101423337e+01,1.905780009668389452e+00
-1.234094700538937239e+01,3.298371118553183212e+00
-2.061429928727687155e+00,1.379856991278014355e+01
-3.078241038972209243e+00,1.496636256352847560e+01
-3.498257267710956242e+00,1.623035033511405345e+01
-2.559777722890235196e+00,1.384531335769920979e+01
1.375052349134564311e+00,-1.462404808466732042e+01
1.495496409540223004e+00,-1.447987926414762327e+01
1.179518834130816263e+00,-1.486023816119757690e+01
1.373504225462891748e+00,-1.462903175616924578e+01
6.997450891833247866e+00,-8.752890232389066938e+00
8.245678819356957234e+00,1.440705336300314165e+00
8.863027798166150717e+00,1.905579112637053596e+00
1.158507207381209980e+01,6.538063043804552166e+00
1.026496672919665976e+01,1.663712186395214232e+01
-9.742087669186869192e+00,1.373977866452787033e+01
-2.000246536970729849e+00,1.247082627749806427e+01
-3.312660320613951548e+00,1.357073584797753085e+01
-6.917356312707799937e+00,2.339104126563147812e+00
-5.092143233108885170e+00,3.220354427197728686e+00
-1.078259044872038430e+01,1.044994504619804587e+00
-4.611050801921481757e+00,1.470215342757682819e+01
-5.937079645832803010e+00,3.033852489400262531e+00
-1.873378909113771140e+00,3.975122256644922913e+00
1.029827031080445643e+01,-1.196223156494595985e+00
1.043389906207181994e+01,-1.527718458797636458e+00
8.685711291747550078e+00,-1.365367038192249716e+01
1.023907488669629018e+01,-1.091700892386362698e+00
1.027670968692692277e+01,-1.379217060025312636e+00
9.379822774611435321e+00,-6.415332375123709019e-01
1.075027598142972174e+01,-2.065315773398352928e+00
1.045130205661358325e+01,-1.575926562134376985e+00
1.019325458844304677e+01,-1.486352824491619540e+00
1.039096754337191442e+01,-1.428576873212125120e+00
1.031766336776197512e+01,-1.333172652161400018e+00
8.371806545520389164e+00,-1.404377713083245283e+01
1.387435100314762515e+01,1.921695963379093763e+00
8.358793157566296372e+00,5.915266995846823583e+00
-1.944443249548789510e+01,4.485117805365289811e+00
-1.946846796393824874e+01,4.450830361131883350e+00
-1.924431947304271517e+01,4.618217058518801821e+00
-1.915734402993373919e+01,4.712711452999532646e+00
7.407033998327494650e+00,-3.725921867073416771e-01
1.461130231943258639e+00,1.239146293487071726e-01
6.685069637154646749e+00,1.766507528520740555e+00
-4.162372843105983655e+00,2.622600905979755925e+00
-1.054579622408635586e+01,6.741913543814558318e-01
-2.044998986783141071e+00,1.864696044599164537e+01
-7.590590897097902356e+00,1.413892905213253171e+00
-5.319560689755857830e+00,1.331828736391254253e+01
-9.227813007333894646e+00,1.363213305627257910e+01
-7.034455923077335804e+00,1.483240908513757539e+01
-4.874788343897148435e-01,1.398326030109480733e+01
-4.919023374549833960e+00,1.840974862839697579e+01
-6.117881903089894102e+00,1.339948174848041162e+01
7.714642810795739436e+00,1.387642533082100549e+01
9.792674011340075424e+00,1.399783828611602665e+01
1.140935002090346728e+01,8.046757049710972609e+00
-1.067975600016965210e+01,6.822557280337409935e+00
-1.310467363817184783e+01,3.522926757798104713e+00
8.012636218780876618e+00,1.439375163065076180e+01
-8.381439009804781293e+00,1.771955504234653134e+01
1.090166375304996293e+01,6.974080359536622531e+00
-3.005905983548506466e+00,1.361074236694470052e+01
-1.789847019117829729e+00,1.554998281734451915e+01
1.006519130651328986e+01,3.759334144015889390e+00
-6.802245401475029318e+00,1.938703515735729965e+01
7.171329218395960048e+00,-5.781074223012304891e+00
-1.857088927651152588e+01,4.105070149350529718e+00
1.577909089940046528e+01,-2.471936275517582882e+00
1.553773007130648232e+01,-2.364782478175910363e+00
1.634276248533938869e+01,-2.601841006925561750e+00
1.546492845406475425e+01,-2.335615360061821466e+00
9.532342135139609596e+00,2.657051509033032666e+00
8.397904156936206732e+00,1.609177286770295590e+00
6.811072036620250181e+00,-9.158518085547903809e+00
1.165433233651727996e+01,7.878740760262968656e+00
1.130290268040624291e+01,8.055591147996128853e+00
1.135533057230396636e+01,8.574392087242792115e+00
1.110324478944280280e+01,9.269351237132660515e+00
1.132779573804280382e+01,8.579406474558771478e+00
1.181172842576313897e+01,8.157927928892659608e+00
1.073184923891488829e+01,8.408685877594393787e+00
-3.585462501067148366e+00,-6.752401851519078235e+00
-3.672164527900736442e+00,-6.796706437513948984e+00
-5.196705508109103810e+00,-1.012148148738219433e+01
8.543169182574812837e+00,8.018419617871865857e-01
-3.900814015478998087e+00,-8.379639643420262018e+00
-4.484518635129361108e+00,-9.389739708795580952e+00
-3.754380369974176013e+00,-1.055695565149879300e+01
-4.080634924941313635e+00,-8.664275041172409431e+00
-3.499687001887815452e+00,1.995626911153752658e+01
-7.555335842414304004e+00,4.661982635295985666e+00
-4.230126520732275353e+00,-7.060823775007458281e+00
-1.957375249234868608e+00,1.410180106603847783e+01
2.454426512074687761e+00,-2.020060026069062875e+00
1.001996482288993029e+01,3.685571778540935206e+00
1.660992314841253759e+01,-1.234791088265384307e+00
-9.766991245375258757e+00,1.564380071264214411e+00
-3.609099225459738491e+00,-6.762764093597631643e+00
-2.810558582256109439e+00,1.836164702565355800e+00
-3.154852880137891002e+00,1.570878264673516966e+01
-3.120686021962324475e+00,1.479423968065725425e+01
-6.564223835626167514e+00,1.773056478034643035e+01
-7.964116055806084837e+00,1.437574020785090667e+00
-1.270210840278891196e+00,1.428367269256323979e+01
-1.432433324689767851e+01,2.259102704183721499e+00
-2.367235009083088926e+00,1.588228746042860884e+01
-9.761505046460568380e+00,2.552869975169454353e+00
1.405389695884147727e+01,2.550103381348654885e+00
-1.032938949664348804e+01,1.790859935417347160e+01
-5.507840531204672985e+00,2.881377581284442435e+00
-1.522966107926940982e+00,1.767296906484845209e+01
-2.092521210660362563e+00,1.400578186347169130e+01
8.655655556850513577e+00,-1.196190423334545194e+01
8.139174583979306377e+00,-1.380248309120817396e+01
-1.039648481408963399e+01,6.601197951543848141e+00
-7.735582468117358168e+00,6.522418677647102925e+00
-1.146238248419295935e+01,1.202347771177472824e+00
1.544710907375127462e+01,-2.568874331927085031e+00
8.195899840625800792e+00,-1.359838240374540774e+01
-5.283310965545084059e+00,1.535953135470193409e+01
-1.892955102157249714e+00,4.343533948919919396e+00
3.605318019208809122e-01,1.192308110368160534e+01
9.011080587782407392e+00,1.672344175461052984e+01
9.029783926603164090e+00,1.309179545418663970e+01
9.399873501278950272e+00,1.275027981914775665e+01
-9.560501907284034928e+00,4.047444869857585559e+00
7.082523268053276588e+00,1.556793907102147934e+00
1.004392494908848477e+01,3.307755108529133903e+00
1.385188700206039947e+01,1.906245113594678520e+00
9.630339999847118193e+00,6.122852837897338141e+00
1.446180156603070310e+00,1.231778308300338770e-01
-8.022150744202239281e+00,2.109893106931012952e+00
-1.024009156416174271e+01,1.794863945880486611e+01
9.510385630171727556e+00,2.618215059396451938e+00
-1.312837572017927812e+01,3.248047257513419162e+00
-8.446199248031655671e+00,1.605167358360523622e+01
-8.716230735737097390e+00,1.542115094903879324e+01
1.195935831957662998e+01,8.289170739773551233e+00
-3.375976689349465154e+00,1.278518386499900927e+01
-1.835454251118897595e+00,1.510765969106044793e+01
-1.016525645056810490e+01,4.779087878574164172e+00
-3.404260631571432771e+00,1.846554813722681132e+01
8.434369182462717163e+00,3.779999547030080898e+00
8.777460362555572715e+00,-1.485827869725456551e+01
9.355833538219835432e+00,-4.820409920684384453e+00
-1.870298801973983294e-01,1.201771210449655314e+01
-3.190029418615347723e+00,1.053161886801874836e+01
1.308415647574507901e+00,-1.023998335924096104e+01
-1.005606596144071219e+01,1.527366613636151449e+01
3.958388590517493699e-01,1.496876652605205216e+01
-6.520547915989296506e+00,-1.846816304845318335e+00
-8.140048195786485863e+00,-7.127810740294140412e-01
-9.213707832313293267e+00,1.322231666899167912e+01
-6.930670139535656915e+00,2.973953318005014168e+00
-9.707828610579717576e+00,5.570369685289233708e+00
-4.933709144038140870e+00,1.199144370460941467e+01
-2.997016429306049723e+00,-7.470261961618446911e+00
-3.336834362734279136e+00,-7.609221199689892856e+00
-1.913795764999728988e+01,4.819653589616978984e+00
-1.922034037732900913e+01,4.806893953327690205e+00
-1.135280794462304321e+01,5.726583428861522052e+00
-1.914658870895143750e+01,4.790656476675381192e+00
-3.213748870812755953e+00,1.578962075797517572e+00
-1.451742615960540128e+01,1.241422645668780689e+01
1.308878097335092328e+01,-6.084632194678914807e+00
9.517672860398112888e+00,-1.411289382645190393e+01
-4.673929612427373037e+00,-8.466141511989384583e+00
-3.951945384251443372e+00,-8.801213757966088735e+00
5.670201383785290261e+00,-3.827361881802172072e-01
-3.569523531793604931e+00,-8.466962469398202629e+00
-3.754759595704659780e+00,-1.061136563143459455e+01
-3.894573612497136406e+00,-9.000078208465794205e+00
8.029168413051758435e+00,5.344547409850676223e-01
-3.847442640081677023e+00,-1.053588355560872891e+01
-4.241940923706967403e+00,-9.278152202629538436e+00
1.675235498124713018e+01,-1.714813054506166612e+00
8.528824410223968755e+00,-1.372055874917924712e+01
-1.855968871199482706e+01,4.073934142445064133e+00
7.268553030058596320e+00,-5.058897665179523884e+00
9.801347004058159840e+00,6.843446674426611587e+00
-2.672321070099682672e+00,1.234824752832570383e+01
-5.005241175823178068e+00,1.831491322127530097e+01
-1.610167086132209491e+00,1.829613025348130861e+01
-1.056609577842250225e+01,4.606668673817928550e+00
-1.234056725738740035e+00,4.431178656129674209e+00
-8.340800789816322336e+00,1.116098730886957036e+01
6.635798096837338456e+00,1.333790242904634837e+01
-6.833893812610670970e+00,1.974773130854670811e+01
-8.342943076832833427e+00,1.365131767362603021e+01
-3.266393585537794575e+00,1.505282073222985950e+01
-8.426438008962190196e+00,3.967294321039367855e+00
-1.860241942562670658e+01,4.409895668617902942e+00
-4.186951438318798679e+00,2.808956076503331012e+00
-2.049626577312395614e+00,2.978805626171064258e+00
-6.560954358375806983e+00,3.874986229950804439e+00
-1.156190942903276664e+01,3.610638929073256342e+00
-3.961736621714710971e+00,9.373532531416595148e+00
-7.837770172562041893e+00,-1.806495424301720165e+00
-4.822093485065559015e+00,1.329693239808095662e+01
-1.323536099386533316e+01,3.063555620941305069e-01
-6.220179550944434865e+00,1.501013814878156083e+01
-4.336362551436955037e+00,1.188136475832525996e+01
5.742742952457604133e+00,3.714730715092647628e+00
7.328339779742592874e+00,-5.621183416588139137e-01
-9.233401004196158723e+00,-9.100126968259364402e-02
-8.238197469071593559e+00,1.692581814289696851e+01
8.418871571352923411e+00,-1.370653686618467226e+01
8.524142671845121200e+00,1.510044920505450783e+01
-6.160441974596174042e+00,5.637694995188995861e+00
-7.347195857472031300e+00,2.406097631933403314e+00
3.188986204729808538e+00,1.522769157274166218e+01
-7.903170761332933836e+00,-1.595873732639462528e+00
7.990096681669337286e+00,1.346164782177519115e+01
-3.621889332303385167e+00,6.907122856393795862e-01
4.678276854164396426e+00,-3.050819566014347117e+00
-3.055471813452490526e+00,-7.850320604651037648e+00
-6.470838455899131425e+00,4.687014315898422545e+00
1.130089069159979687e+01,-1.448311170508284285e+00
9.758380653122976867e+00,-7.581936549212558774e+00
-5.878998224957781460e+00,1.870371520142139943e+01
-3.758457930735926933e+00,1.306437394736934010e+01
-5.386072030286275236e-01,1.363581411058696347e+01
-1.394970282372513637e+01,4.956544304518605948e+00
-1.931329979713427569e+00,4.336311974989852658e+00
-1.843083504169069187e+00,4.307383569681509705e+00
-8.539942243292511392e+00,1.502093533815156645e+00
-9.728341287708603957e+00,1.428279351923740492e+01
-2.134995049852659310e-01,1.386138952802870605e+01
-1.065119823180047653e+01,2.052155735988488855e-02
-8.731507574594873589e+00,1.185542386541280990e+01
-7.892540344935817131e+00,2.182358282373965785e+00
-8.665217717771760420e+00,1.371403883710075533e+01
-1.002434992801065228e+01,1.275689368358438536e+01
-8.317810927494216244e+00,1.823677858521288941e+00
7.521732082781430684e+00,-8.660620370542418400e-02
9.998547259108624630e+00,-7.450343898985639868e+00
-4.114153655519957375e+00,1.055473004099668621e+01
-3.699440736901198901e-01,1.368192478189628503e+01
-5.393393092764219077e+00,1.414975606683376164e+01
-3.031561215195285541e+00,1.624112024231310158e+01
-7.869888744292275362e+00,2.992694868883550630e+00
-8.563057799769916656e+00,5.256861396346459436e+00
-1.240887161117102799e+01,4.954335728465739663e+00
-6.491473685524847603e+00,1.549822503617623859e+01
-2.469020768582152137e+00,1.074112542025218531e+01
-1.045499063238866633e+01,4.017753223420048592e+00
-1.000403967529770100e+01,1.681931315437103791e+01
9.286079974485886623e+00,1.630393001445361634e+01
9.706470337825880534e+00,5.985357493310472954e+00
-7.263880825509811068e+00,8.332572313024591892e+00
7.411989444354079914e+00,1.545916895734499263e+01
-7.455844932603113762e+00,1.706848213507388223e+01
9.104445951962201633e+00,1.435307451568925075e+01
-8.555862220990915645e+00,1.282649872955065362e+01
1.057537614947987237e+01,1.367156987293254744e+01
8.717097146438494093e+00,1.986447335866554864e+00
-9.774610136504122693e+00,1.196957989410898371e+01
-8.788355630889070014e+00,1.655692580580841167e+01
-8.270211080201022469e+00,5.374628101317848738e+00
-6.714330612584316071e+00,1.252245817125106342e+01
-5.550055847134805376e+00,9.685812918675775762e+00
5.096367562182115840e-01,1.200319146610789645e+01
-5.659927228528497167e+00,1.448213711689701810e+00
-7.192037511720871024e+00,-1.431395869465108328e+00
-9.002816314230082106e-01,1.489420256226003048e+01
-6.655994364935237328e+00,-3.413898902972571925e-01
1.176196186593662496e+01,6.136414942045992582e+00
7.150952018976905578e+00,-7.250332643504944663e+00
1.648713345563108845e+01,-1.547152799156683134e+00
6.882798677604540671e+00,-9.398774464508955262e+00
8.130662449408147197e+00,3.703049947694086796e+00
9.044570644260726766e+00,6.872138906686790172e+00
-7.929699735397072402e+00,5.708249038545458731e+00
-7.504598528202728325e+00,2.315628696012057564e+00
-8.508731893020916814e+00,4.644402558956834959e+00
-2.445128458136224481e+00,4.050692184219525593e+00
-9.328055782241211347e+00,1.250091871718948155e+01
1.267855323297964576e+00,-1.056469912956438861e+01
-2.846343467539694583e+00,1.647401431045142672e+01
-1.014877950915684224e+01,5.994280304737704235e+00
-2.342952125767099769e+00,1.851425329414427523e+01
1.160581402231780679e+01,6.314919556109400922e+00
5.882320413810925963e+00,-8.226218461367702517e+00
6.287046133101704903e+00,-6.554271695502467132e+00
5.431397508073343872e+00,3.440669651028648968e+00
8.573437418841159285e+00,5.838104669112160749e-01
3.046571693138069747e+00,4.984841756788316758e+00
2.837780942128394379e+00,4.972168384882690084e+00
2.972548253371628313e+00,4.978169095665463395e+00
2.936512476793870619e+00,4.997001143698951431e+00
1.715443122145440569e+01,-2.784757678413158466e+00
9.494414450827116880e+00,-5.016202773613329668e+00
-4.001209542346757964e+00,1.107030192838678495e+01
8.617852048202909288e+00,6.144564936197154381e+00
-9.972902358835590064e+00,3.368387450527017712e+00
-4.322469181664069460e+00,1.315658553928219909e+01
-6.618302896502632926e+00,1.176814511756892578e+01
-5.228861136867011261e-01,1.359873313779347725e+01
6.758771241603029889e-01,1.917268426462871744e+01
-1.167945848547237375e+01,5.838721316128478556e+00
-8.829090331152565696e+00,1.617279954236766071e-01
-1.456005613238189156e+01,1.737359036553499436e+00
6.201558692921491200e+00,8.599632741272444925e-01
-3.849528004048071494e+00,-1.052017369348956954e+01
-9.027688060588642927e+00,1.748962064721304799e+01
-3.651751338924887902e-01,1.381741359452732887e+01
-1.087469537770938111e+01,5.105768744930244907e+00
1.354518308497874468e+00,-1.013728842320568901e+01
-1.105754389837424867e+01,2.875515962942108317e+00
-5.525015954582556787e+00,3.432926071863749318e+00
-8.009906450990595062e+00,1.958948402466631933e+01
6.004025441539506680e+00,1.462353607556926605e+01
-6.487279914596889574e-01,1.349238156690222468e+01
-7.146177191308887622e+00,1.445979359509825812e+01
1.487121144916032733e+01,-1.031522817673451087e+01
8.209225295187929206e+00,1.905596184025172501e+00
8.610703042197400237e+00,2.703893808572757074e+00
8.465705614326202166e+00,2.139654067948419947e+00
9.108432345793078255e+00,1.635368852137279561e+00
-7.090671787321696229e+00,1.450172206717241963e+01
-1.449055801574033353e+01,1.240286164885175246e+01
-2.251026321218756010e+00,1.665440048439176124e+01
-7.512241951982224109e+00,1.550654432062404275e+01
-1.031502874730039743e+01,6.742189733900711524e+00
-1.021999378556433591e+01,6.356115113310929488e+00
9.610170427945803340e+00,7.362420074486786703e+00
-8.251413588342835226e+00,1.499084030090034148e+01
-9.978503118137039607e+00,1.403526858170892844e+01
-2.470260773714495706e+00,2.663658787328845090e+00
-8.803105745918813341e+00,-2.136113810722145567e-01
-1.035804218641088603e+01,5.869417874585111106e-01
-5.847040732551506359e+00,1.926978734192439191e+01
8.323749171331201069e+00,1.611269319739830763e+01
-9.818311463127972871e+00,1.780446584417702738e+01
-1.057124423134389346e+01,3.742261141378119937e+00
-7.072410640400504711e+00,1.577647314657344424e+01
-3.378258461945752522e+00,-8.347803124690646115e+00
-4.242270065197438988e+00,1.762017206650784118e+01
-4.777649688555197782e-01,1.374689017931558155e+01
-1.039750255777825494e+01,1.660550499640993038e+01
-1.351765327939108641e+00,1.587734955282314786e+01
-7.412795438450971552e+00,2.025590183777421061e+01
-7.683877661835120776e+00,2.438650817875668508e+00
7.589050026856638098e+00,1.603729431328037336e+01
-9.002618888514643203e+00,5.480665514892033130e+00
-3.642671763923532424e+00,1.412764879263386852e+01
-9.205148573321954686e+00,1.047162253592998082e+00
-6.487443772078670179e+00,2.577392433984988074e+00
-2.158821280329373149e+00,1.516841541053587150e+01
9.401725907238569491e+00,-4.887209034703053234e+00
-9.471157050665105714e+00,1.779955425486900111e+01
-3.015682263379203309e+00,-7.753035811660574872e+00
-3.036307189395044404e+00,-8.189425263690488066e+00
-1.066147305406504131e+01,4.893972527776506709e+00
-5.000328206816996968e+00,9.012845030877167929e+00
-2.353318574659288842e+00,3.573177217657481197e+00
-9.859031747407714263e+00,4.056113361353622659e-01
-6.274157848407751814e+00,3.676795557213407228e+00
-3.645285952839154131e+00,1.448891032696024972e+01
-5.453475001834534375e+00,1.308179976088160146e+01
-4.546433685339386521e+00,1.408186609379999332e+01
-4.925079664169551563e+00,3.402327514468326708e+00
-7.588769106831514399e+00,1.216246095503044744e+00
-1.210242926983720935e+01,4.614254060760661247e+00
1.002266024849493498e+01,1.563285846972006254e+01
-7.884634235259362356e+00,6.168837009303854479e+00
-1.539573603829079040e+00,4.214973874071684001e+00
-9.360081296092348069e+00,9.160257111186393963e-01
-5.208576820929518014e+00,1.493356429128898277e+01
-7.208228020477332798e+00,-8.958296213502698890e-01
-5.289365524603876878e+00,9.462552044603292245e+00
-2.079609613659378464e+00,1.427500468565274794e+01
-9.856600055918374181e+00,1.715088379843172817e+01
1.302292711894981281e+01,-6.352286563289546883e+00
6.719595367605692537e+00,-7.452974671432546216e+00
1.333700934605161814e+00,-1.021286512485225551e+01
1.464474656184313828e+00,1.254074453254370447e-01
1.172350747414449001e+00,1.413437209519576676e+01
-1.452103450553740949e+01,1.241624154382914647e+01
-4.778266141410196788e+00,2.430967302009670872e-01
1.019846185659127258e+01,6.642550472024823627e+00
1.034291418629229575e+01,7.175970008104241238e+00
-1.026949734495612221e+00,9.723015987825080586e+00
1.948223341589492508e+00,1.298797883790626173e+01
2.329261390293511980e+00,1.307676769808235129e+01
8.388030149246736400e+00,2.786314825854810717e+00
4.125200163720376345e+00,1.801922813126401457e-01
5.543146365288791344e+00,-2.740486579324321603e+00
-4.159631067044915476e+00,-6.940484494844306518e+00
-3.555930288066197154e+00,-6.829866205022928405e+00
-3.630892864705361767e+00,-6.736937022643677331e+00
-4.803917731422077786e+00,1.877145440246032848e+01
7.955130297247956506e+00,1.578187458195534187e+00
8.795360010180981902e+00,-1.359150818466789623e+01
-2.867525362135264988e+00,1.546774448941466140e+01
-6.694217066474162259e+00,3.232874596947597823e+00
4.628520334220534771e+00,4.711091793308665565e+00
7.575152977200061422e+00,-1.864597381717645330e+00
4.899709578464214843e+00,2.410492464298078785e-01
1.300324939714182504e+00,-1.028146207111660360e+01
6.939868419066836047e+00,-9.413263275552978371e+00
8.925707722172656844e+00,1.615974012078595834e+01
1.303803412603188860e+01,-6.323495771668384613e+00
4.666778301442177757e+00,-3.074183495925473242e+00
7.190796905980424647e+00,1.300086596237364667e+01
1.055000275775295471e+01,1.487024793823684377e+01
5.780543970848968982e+00,1.463658708966173805e+01
1.001927663685003012e+01,1.445954288954735212e+01
1.014406408249793046e+01,1.479008341946636129e+01
-2.469093889579859535e+00,1.782954393787892045e+01
-1.164802540365013073e+01,-5.177717672080311972e-01
9.922571451047142332e+00,1.464031826016946702e+01
-1.429868063758879870e+00,1.887642974754371750e+01
-3.033726868359190032e+00,1.704729578031382076e+01
-6.443323471377778056e+00,1.753274809435799142e+01
1.115771510668359845e+01,9.209663237820324255e+00
9.125882049030909826e+00,8.487881926992367099e+00
4.443684421098507364e+00,-5.422138064279770298e+00
7.108747922562885790e+00,6.099303713857439746e+00
7.062297372553959285e+00,6.275486169308774009e+00
9.259654244160431702e+00,-4.812533319679114463e+00
9.390116611599443885e+00,-4.855190966821075982e+00
5.540775550661473758e+00,-2.726254544937258828e+00
9.144304111085844511e+00,6.542966403128819053e+00
-6.472387273832920229e+00,1.549395702521171359e+01
-7.582230043838502631e+00,1.360386071725334212e+01
9.270905718808954532e+00,1.412611059451788620e+01
-1.238172118526586196e+01,1.081747048720335114e+00
-6.200005390106047898e+00,1.765120181272634170e+01
-9.614254573727123443e+00,6.907915723700251753e+00
-4.719532435594802955e+00,1.836748255040304656e+01
1.471242975972954392e+00,1.099480481186216885e+01
1.324559257625717246e+00,1.126559576086295067e+01
-6.787041578244250140e+00,-9.774332705740400307e-02
-6.164142561569946999e+00,3.449085402812418266e+00
-8.560392201578945759e+00,1.202082155191353152e+01
-8.551206208722705426e+00,4.385443304393516151e+00
-2.447952390624781760e+00,1.534137856875682182e+01
-6.880327663416916373e+00,1.499256892104385308e+01
-7.412396668269060740e+00,-8.866891082314785066e-01
-1.171665938554584052e+01,1.128982447768511399e+01
-8.880392974736640355e+00,2.661756761841641339e+00
-6.732377382202604288e+00,1.868549253044026415e+01
-5.143631351013874031e+00,1.341803109607128697e+01
-9.081785903599271847e+00,3.468721232127405241e+00
-9.487074399223613952e+00,2.706898873141458939e+00
6.987681338147887722e+00,-6.575945607904769119e+00
-9.653500420152465011e+00,1.171126624715398101e+01
7.422338076927309736e+00,-5.252398896497838088e+00
-8.800881659425586534e+00,2.719901145704823442e+00
-6.135278689877936564e-01,1.594099400338804529e+01
-7.821143846623960449e+00,1.304214475986048605e+01
-1.352129367131972870e+01,2.457307423405564961e+00
-1.422345603695815974e+01,2.064875507934828214e+00
-2.438386775517776162e+00,1.858639511435913505e+01
-6.736098826374714577e+00,1.223320696921731887e+01
-2.594605311946086346e+00,3.232093716368702907e+00
-1.019334019415165926e+01,1.426032741036435603e+01
-9.497796119437758477e+00,5.071294625356708607e+00
1.156778253659380695e+00,1.393129412113492727e+01
9.027507499768907095e+00,7.031306453384384092e+00
1.341795006739157525e+00,-1.013450453057751766e+01
1.162688320736871717e+01,3.368804557282142564e+00
4.163531089530561502e+00,-4.463233095854372223e+00
7.087862620033263283e+00,-6.829046794017439304e+00
-3.594752684616154159e+00,-9.255768958214803277e+00
1.353053819858740292e+00,-1.012744618524077467e+01
9.450469394532685641e+00,-4.885760161904739718e+00
-1.292646005486311722e+01,2.531120851030806307e+00
1.257959451297983033e-01,-1.598674436312732539e+01
1.998768227600302427e-01,-1.590303923415127585e+01
1.474080000091892995e+00,-9.512446856622117863e+00
1.298314202133722395e+00,-1.029985697153336233e+01
4.465170807858590329e+00,-5.546859058134944398e+00
5.928231742650518221e+00,-8.277680897547785577e+00
1.187975222768052452e+00,-3.595957501890332253e+00
5.735668602755376710e+00,1.637970255934406083e+01
-1.060813737577779037e+01,1.171353879547231180e+01
1.040246548434003770e+01,1.614234799475772419e+00
9.884161911295519687e+00,5.872862131975465694e+00
6.825496596594656573e+00,-9.240900004449189353e+00
5.888763547366201223e+00,-8.138617023110951365e+00
-1.270715183378411339e+01,-1.041413937129710199e+01
-1.142069093422631454e+01,-1.005614263964280930e+01
-1.260836764264953480e+01,-1.036785349262950007e+01
-1.150150691323526964e+01,-1.002631246930894449e+01
1.712980768389541808e+01,-2.906110985756584775e+00
-3.204292429996414615e+00,-7.836252781998899408e+00
-3.109598185434045092e+00,-7.855693105753667638e+00
-3.301852847432000804e+00,-7.991593564050592846e+00
-3.464029202196795776e+00,-8.614938579579284550e+00
-3.249876472705571118e+00,-8.540844930587111250e+00
-3.300833052230027764e+00,-8.004982472405089311e+00
-3.199535386151568961e+00,-8.244842585053431705e+00
-3.304009483756558119e+00,-8.017368074698314473e+00
9.283924747427771962e+00,6.392242978215823435e+00
1.703972734477367723e+01,-2.944197614574313171e+00
1.484477305289331639e+01,2.887909757449201198e+00
7.364048951778022101e+00,3.982221576794318096e+00
1.357973202290100323e+00,-1.010806302392109934e+01
-2.055875915276959898e+00,-7.022429251438708775e+00
5.111173214666053788e+00,7.003150394245320598e+00
1.324500205355273685e+01,-6.400789690977322088e-01
4.588347259693880353e+00,-4.638712700592402705e+00
9.524033402254588054e+00,5.507404019154831687e+00
-7.156751028868552744e+00,1.312064797501729707e+01
9.325631222893596473e+00,1.422707832280760165e+01
8.318475646734681206e+00,1.447314287478234363e+01
-8.748030006786168045e+00,1.629080957635169113e+01
-1.245984712696565921e+01,2.530259251038820434e+00
-1.046725888809027971e+01,1.436041947314340916e+01
-9.481305825569551260e+00,-3.001009909844095103e-01
8.642893901504381304e+00,1.274115738012854848e+01
5.294086932639395116e+00,8.869689154403484821e+00
1.306254613988178903e+01,-6.320736647417940723e+00
7.140946930978787854e+00,-6.726220034265709025e+00
3.107039650018444732e+00,2.626863633203514237e+00
4.518639754908160278e+00,-4.756761215023014522e+00
1.116125256309725344e+01,1.631822133382824669e+00
7.977484607696823105e+00,-1.378647633224873559e+01
-8.860408866444380749e+00,-1.834169176871885298e+00
-1.411190180151035456e+01,1.208899530716068593e+00
8.118543662881892331e+00,1.531773927530085722e+01
-2.950846494929713071e+00,3.142238375872473455e+00
9.068736110650212012e+00,-1.320791336236812263e+01
-6.187065544801059858e+00,1.452651218827297619e+01
8.914015245708551305e+00,1.375774641679717192e+01
8.985936173782405945e+00,1.403037134097197303e+01
8.537614471080530620e+00,1.461682149593521096e+01
-4.429958719277646395e+00,1.374688089510307343e+01
-7.315626395749623256e+00,9.365974713921691119e+00
-1.130738817195091528e+01,5.641810219732723120e+00
-1.286511471651744642e+01,1.370506194757869167e+00
-2.408843358779382715e+00,1.599632735118554372e+01
-3.879544223787787072e+00,1.036963125534272478e+01
-4.536427927102871571e+00,1.524381093052370240e+01
-1.205084964045899021e+01,4.588777227631545053e+00
-1.076482851687077247e+00,1.488368679280140938e+01
-5.179617000431412599e+00,1.587929617675482419e+01
-5.015382670297094947e+00,1.475077079935989843e+01
9.392358045580383674e+00,-4.931934128817089480e+00
8.228318853552856638e+00,1.519669759771390716e+01
4.117842602424467202e+00,1.704632616486656005e+01
-3.277319161365418232e+00,1.081991039946543864e+01
-8.104330924535609881e-01,1.168302104659246154e+01
-8.165607707351796307e+00,2.097388918489048848e+00
-5.129952191654210125e+00,1.138941206692011576e+01
-1.965580938424596580e+00,1.851618106738716918e+01
-3.370606246295850816e+00,5.210936115206600050e+00
-7.927279902561079616e+00,1.389532289511100416e+01
-3.468976277139385722e+00,9.811495663931353306e-01
1.455633902749390307e+00,1.223778928218036965e-01
-8.187051778015110415e+00,1.700004056601733637e+01
-1.451197586240939863e+01,1.241353060965032284e+01
9.476579069197210714e+00,1.621686100620463122e+01
8.849285359753746860e+00,1.554582296751399184e+01
9.991714874110364519e+00,1.500060385145024888e+01
-7.905820564583078358e+00,1.674828683853605682e+01
9.279211769242067476e+00,1.533194980373154337e+01
-6.719606303010147386e+00,1.248221297268053753e+01
-8.256697706912763390e-01,1.376645468014408458e+01
-4.487517465084833290e+00,1.455423217639893529e+01
-1.046790952143486564e+01,1.323745244609802896e+01
9.355678104237458825e+00,1.627220232011031698e+01
-4.069538977470207541e+00,9.327783837726364879e+00
-3.556617280809131199e+00,1.842869338000742374e+01
-5.409564394914076146e+00,-1.799216734916517790e-01
-3.850876145568133069e+00,9.277885108270574221e+00
-4.428615236916225051e+00,1.477331692531164364e+01
-1.216743970322952251e+01,1.601718860065533434e+00
1.096529217174260573e+01,1.672500987678145812e+00
7.116455986892372465e+00,-6.911824759402850127e+00
1.097757151954201227e+01,6.385431800161414095e+00
1.348702762132466537e+00,-1.013609438732434320e+01
-2.963808595334954443e+00,9.392608580653412531e+00
-1.247918665510872938e+00,1.606784918986790345e+01
1.530105623867330777e+01,6.167919971173939864e+00
1.446601833292205086e+01,6.154681752231585534e+00
1.346484182964964749e+00,-1.014582848771579471e+01
1.307885557788087461e+01,-6.110490175749844433e+00
4.940905821118808383e+00,6.935812326041674858e+00
5.910766725861309467e+00,-4.637832917620733353e-01
5.774623886263198891e+00,-8.734598461528031876e+00
1.307534991170202865e+01,-6.112009299844910259e+00
-1.217289084562479529e-01,1.482383157655803352e+01
-2.089489328288393466e+01,5.503814721439885815e+00
-1.926502858967068121e+01,5.024868884398435931e+00
-1.923150759006750121e+01,4.876656123928973408e+00
-1.806136808923323400e+01,4.189198473406390733e+00
-1.908852910630822919e+01,4.788736746180413562e+00
-1.928326970448834388e+01,4.937153291388846732e+00
-1.918796266731499855e+01,4.800836234486564713e+00
8.655860056244337741e+00,4.839229081205281169e+00
9.931172051196613282e+00,-7.475088053576439684e+00
6.367203955289838291e+00,-7.008010422661155481e+00
4.875243266140324216e+00,4.324646542304218522e-01
4.901425289202903990e+00,6.903201440802095412e+00
1.588641857016513370e+01,-2.484424745207762353e+00
1.630020729319639372e+01,-2.070872441379293161e+00
-3.042139277318317792e+00,-7.764985699482017445e+00
-3.126933253332569773e+00,-7.856387870645946236e+00
3.231172848969750433e+00,4.956893103757523455e+00
-5.088318363533855582e+00,4.601787573004182619e+00
1.701359031233156927e+01,-2.949767633270587996e+00
1.698007745706820515e+01,-2.929589004620303250e+00
1.703769395378128948e+01,-2.927394150698453767e+00
1.698555382971848005e+01,-2.771646963832351762e+00
1.613003654059535918e+01,-2.022298466792275207e+00
1.621070722257253749e+01,-2.054247903834705902e+00
1.594007489471056438e+01,-2.507199621921421429e+00
1.631262602366539483e+01,-1.963453955782022309e+00
-1.907257311475303396e+01,4.321681590105222348e+00
5.928648619244774487e+00,8.418608208523432168e+00
1.045078082932364971e+01,8.241844019558563161e+00
8.795977047545900263e+00,3.132678362121511295e+00
1.605289812274104477e+01,6.209549108166978471e+00
1.587749215428378236e+01,6.181746126002165553e+00
1.586505424609086212e+01,6.182166095114055793e+00
1.627440106143919962e+01,6.264568569421823163e+00
1.611095442096074848e+01,6.216645199583737735e+00
1.614333111661076003e+01,6.178906496546004767e+00
1.589915336569990423e+01,6.190626475357836611e+00
1.639423812615544662e+01,6.150508288112117583e+00
1.618893132254722289e+01,6.222955131587633915e+00
9.464594415295350061e+00,2.159133680205563177e+00
9.567407151519885744e+00,6.652399623289161568e+00
7.754698860942019323e+00,3.035771814217436138e+00
1.139574590461570480e+01,8.455293188666409776e+00
1.320813734863780287e+00,-1.027148378233948556e+01
8.828550290757558372e+00,-1.360073254286334787e+01
6.937574309422644525e+00,-9.273919477731149996e+00
1.616440640490634095e+01,-1.614460056971521951e+00
-3.202258676014756222e+00,1.696464545687589975e+01
-3.172003443511935306e+00,1.601686301667686863e+01
-7.782295888298744302e+00,1.804493636170957060e+01
1.155121803712030015e+01,3.364913203786686235e+00
-6.448378036628750642e+00,3.985594237472423362e+00
-2.355626245813385644e+00,2.831672675442139742e+00
-8.428620662099238103e+00,3.217971165766547514e+00
-2.156436016836621672e+00,1.318683459339191089e+01
-3.067165131914990628e+00,1.158505948717022171e+01
-6.170004797304849964e-01,1.364904941074080647e+01
8.521798000066068468e+00,1.522322575008891654e+01
-7.146831660640085460e+00,3.131206533219455856e+00
-1.380466637673795738e+01,3.360670176392211328e+00
-1.330898354678214801e+01,2.743547881889424556e+00
-9.348131303052513275e+00,1.824647834598667373e+01
-9.051420088130479158e+00,1.608422957493479544e+01
-1.235018754036074640e+01,1.223470337260261331e+00
1.051337921960904964e+01,1.461136638997104065e+01
1.053412534003263445e+01,1.397443997127646931e+01
9.641469724015308884e+00,1.479072564457567296e+01
-8.910564396936607068e+00,1.772295840215960538e+01
-6.710585176106222072e+00,1.353066833260139923e+01
8.703654756134952208e+00,-1.357209251617868873e+01
8.308960187498913186e+00,-4.066657672204508911e-01
1.183848576169235400e+01,1.326442278228881388e+00
9.081968707287115805e+00,-4.777260715427018134e+00
7.866683416927355843e+00,1.581159121832303072e+01
-1.119326810788158255e+01,-1.250081003102208266e+00
-6.578310241731528230e+00,1.115491512010485664e+01
-3.116744865313389568e+00,1.814643039436361960e+01
-6.659823284166966673e+00,2.320139066995458688e+00
-4.888141421911560869e+00,2.862528520230815943e+00
-1.693917101419100568e+00,1.125038266546415677e+01
-5.183354380049899568e+00,1.489105365791890634e+01
-5.100834274137348245e+00,1.371392017767239402e+01
-2.800829415774737541e+00,1.391630034771773339e+01
8.353438538500610022e+00,1.575631976805143886e+00
-6.896234275309924833e+00,1.692825867651673732e+01
9.160385083620319335e+00,-4.829839128642339219e+00
8.143770726607074906e+00,4.726142545281084573e+00
7.084876686871672824e-01,-1.539053196743679663e+01
-8.803836873112164341e+00,1.674331746465027138e+01
-1.927071130431017965e+00,4.302394962178989424e+00
-7.286537596803878358e+00,1.931734045101587682e+01
-7.162313305629074200e+00,-6.265911968905725216e-01
-7.573653977691924943e+00,1.675911049299105215e+01
-9.319821841858203726e+00,2.595483268649001030e+00
-6.290266442366585942e+00,-1.496667884985433572e+00
-1.844226638380993100e+00,1.095166281646818618e+01
-9.779745911009563031e+00,1.742643284371736812e+01
-7.666334773909548872e+00,2.883340254479224818e+00
8.161215786556706320e+00,6.759316866071198859e-01
-1.088153474646135521e+01,-8.596964523129802416e+00
1.336886800993406510e+00,-1.019278399350912423e+01
8.700477670496265858e+00,1.271167977607802424e+00
-5.018685154439114449e+00,1.397346799829402642e+01
-7.603914834849691218e+00,1.466547843243278493e+01
1.138461287653895937e+01,-1.457545618930006004e+00
7.364416291244574531e+00,-4.375763428625552898e+00
9.322557040205438739e+00,6.736613832223082632e+00
1.551970543013962534e+01,6.505387891195685057e+00
1.651147179703280088e+01,6.529049967489092943e+00
1.519781284764222029e+01,6.116045688067976549e+00
8.299949899617768523e+00,5.115124077882022391e+00
6.944794421269774531e+00,2.039278391735412477e+00
2.926902222622372651e+00,4.989673295309471790e+00
-3.056846006688658246e+00,-7.778091348654520232e+00
-9.386854302711924447e+00,1.536251471386248468e+01
1.783789249978869673e+00,7.546282990271698132e+00
1.431273221821335984e+00,7.354553572085803737e+00
1.736115220529349301e+00,7.819816308567351548e+00
1.241090967944258772e+00,7.343104231164174323e+00
1.651851371580310479e+00,7.669545955962671968e+00
5.068555471083074915e-01,8.809761068277314422e+00
1.902864641764174358e+00,7.693685676668898132e+00
1.715593032177446853e+00,7.547890169953781481e+00
5.679801862586566941e+00,-8.221329832194692600e+00
7.638129676207057628e+00,-1.882043010104805125e+00
4.989948853949092822e+00,2.101503431100468222e-01
-1.450668053489535758e+01,1.241050245051382639e+01
4.009868168129603561e+00,3.485909963569411990e-02
4.548167348390319553e+00,1.677462187020339890e-02
1.104337049613435617e+01,1.607078589772348742e+00
1.318391394355551149e+01,-7.165015152823862588e-01
5.201242214917403572e+00,8.937802102644356594e+00
5.252162523804718042e+00,8.889708367191454741e+00
5.218926241693621293e+00,8.923685724536669639e+00
1.039932075788712318e+01,1.646519065603520016e+00
1.303358605119570512e+01,-6.313174839512419645e+00
6.961073146773254727e+00,-9.371209936996082845e+00
9.884974837503563094e+00,-6.231467610403758961e+00
1.307764341014334164e+01,-6.053001703084690099e+00
7.153483977168000330e+00,-8.721123529741637626e+00
7.060272660109742304e+00,7.880340057968988621e-01
8.737391569011911940e+00,2.014103650081317198e+00
-5.611642860287788359e+00,4.484838264973218358e+00
-1.109295289016787578e+01,4.015571180630073123e+00
7.466384315039210406e+00,1.284951930279774501e+01
8.066955239204531836e+00,1.208055729305647752e+01
-1.068627675626731666e+00,1.297349118458032891e+01
-2.170126167792028937e+00,4.309922895677033239e+00
-5.355744397730890505e+00,9.745330427999666867e+00
-4.239597982608731996e+00,9.151315296757768891e+00
-4.330482309970488330e+00,1.258579044345935039e+01
9.907315603671639437e+00,1.491696398882024255e+01
-9.565101111204075579e+00,2.010705535596704951e+00
8.858160501463631320e+00,1.381579360268257872e+01
-2.256161283508650417e+00,3.047527732595789018e+00
-1.100816240128122736e+01,-1.503451849217874114e+00
-5.967185563393082148e+00,5.819208051203516030e-01
-1.412498893118482002e+01,4.914667710592998340e+00
-5.534520753497372603e+00,1.628272684561213168e+01
5.985942416975607472e+00,1.486932243482372584e+01
-5.259996704619080532e+00,1.203298935385012669e+01
-1.149502655040487120e+01,2.661238740614215281e+00
-4.919540315691907750e+00,1.382350853822947379e+01
-5.434274830334347328e+00,1.192565316911226425e+01
9.459654604625285401e+00,-4.892830053060403195e+00
-9.245370749183942749e+00,4.222570266530573768e+00
-7.155335337716472566e+00,3.911758914268010034e+00
-5.083617031052684254e+00,1.224819229888114691e+01
-3.048710368521910574e+00,1.364521416201952952e+01
-3.687736431704297324e+00,1.590190711254835421e+01
-1.083201990787912550e+01,2.735783359796823522e+00
-1.046198596235382183e+01,6.924324814012723373e+00
-3.936919843277257858e+00,1.843107342147951755e+01
-9.713417074056607703e+00,1.352063498616751147e+01
-1.120164521908921174e+01,5.192124708755970985e+00
1.106512976485182698e+01,7.726693891299971639e+00
8.980278277429045275e+00,-2.750939831927291523e-01
1.029901118126262993e+01,-2.023752044306597497e+00
8.779691854069785251e+00,-1.970322748186628115e-01
9.163955701939260123e+00,-5.634961648410576895e-01
9.181029201398414941e+00,-5.438603435627966665e-01
9.028646821643844689e+00,-1.870116845837284103e-01
9.164694418389716546e+00,-1.944731855273888477e-01
1.030840646229464497e+01,5.639889966258268217e+00
1.136295041798750916e+01,1.712355315369253006e+00
-8.659138522686891548e+00,1.563095786791923558e+01
-7.127001884930975528e+00,4.514588290450169517e+00
-1.293658406180050591e+01,2.138344116272534290e+00
-8.528486418204181518e+00,1.645621450012523113e+01
-2.748152553162753975e+00,1.648693738934462516e+01
-1.226109503427886693e+01,3.286751935040684636e+00
-1.087303447832980297e+01,-9.683122259069650850e-01
-9.805526882335888317e+00,1.370896440531972971e+01
-7.688009044749525955e+00,1.573203346904236355e+01
-1.170646062838589430e+01,2.643911223470579053e+00
7.113594863786962819e+00,-6.840334216597499406e+00
-2.715783519543425228e+00,1.756733778718029981e+01
1.622019527912519621e+01,-1.428031058114620944e+00
-1.394728013482273177e+01,2.549724338823243563e+00
5.585726492671899024e+00,-3.548045951750361526e-01
-1.020162352563071195e+01,4.587920005187803518e+00
-5.396365804918939801e+00,3.932871634556178275e+00
9.188112240795915042e+00,6.631180819920101221e+00
-1.285099782817935221e+01,9.578635607529739637e-02
-3.132510671667256386e+00,8.676616199852615452e+00
-5.335404518965635390e+00,2.010826680141656553e+01
-1.338768355224018514e+01,2.431880638988022536e+00
9.547122919193856916e+00,1.560805489242582311e+01
-1.213531182984121415e+01,6.383505573630311458e-01
-1.046921763123016724e+01,6.568370934419100138e+00
3.071050920108881144e+00,7.674101627346711751e+00
2.484176208925110263e+00,8.623390178186578936e+00
3.025645490001267479e+00,7.483689861208445038e+00
-6.306081704208206240e+00,-3.154120546122528568e-01
2.844975465322226782e+00,7.775862380602727164e+00
2.584120409366776894e+00,8.203755684649927105e+00
2.615493521810188682e+00,8.445365835876920357e+00
2.576616966807764531e+00,8.649412877143925371e+00
2.756173131791271658e+00,7.335054595010510603e+00
-1.188614726280333578e+01,-8.603935001409128702e+00
-1.117295672555923680e+01,-8.982031612244547603e+00
-1.099323313459720985e+01,-8.396452279469473368e+00
-1.098163160275874795e+01,-8.551571645936222765e+00
-5.211425613124873735e+00,2.009126729376531628e+01
-7.387095779268654461e+00,4.451287523550500502e+00
8.948676110699940622e+00,6.107243694708824222e+00
-2.897720089287090239e+00,-7.599901208035021227e+00
4.726612733879039574e+00,-4.398331699468242206e+00
8.306556504099434690e+00,-1.362286705063448089e+01
1.364494062613559766e+00,-1.007130214996667839e+01
1.287008128846299115e+00,-1.027911035623750635e+01
4.581500394106138963e+00,-5.117076684194912239e+00
8.650909009696889029e+00,-1.373781158041573924e+01
1.303332739117409211e+01,-6.319089759939516604e+00
7.828819196260339730e+00,1.471945020385983049e+01
1.181080548517057516e-01,1.450533290072237946e+01
-1.432828636430783398e+00,1.553706663085052853e+01
-3.083084494019523447e+00,3.146621483044263812e+00
-1.245725118903725459e+01,3.651341305024886186e+00
-6.972331295942993279e+00,1.866310493671917214e+01
-6.924435005362049367e+00,-1.000567122924731045e+00
-1.021908500552900101e+01,1.345506300505224573e+01
-1.274947021979460082e+00,1.445756192895484560e+01
-4.923470404465017047e+00,1.271872736101777157e+01
3.650947020692766554e+00,1.496618067739521685e+01
-1.865950852219662837e+00,3.385971472683960481e+00
1.010936927309389155e+01,1.509205752368410458e+01
-7.936197741910170578e+00,1.479680832312198113e+01
1.094778648776927099e+01,1.690253116893706276e+00
6.545000589672044455e+00,-6.676946650606241818e+00
6.647690845471513121e+00,-9.016147575695871552e+00
4.671942121258527258e+00,-3.037453396169722097e+00
4.398955821405814426e+00,-4.966752389209215579e+00
-3.169436207404851658e+00,1.459255560957166153e+01
-3.845649122845049117e+00,1.386098471386205233e+01
-5.127305743836310548e+00,2.102872015387041049e+00
-2.915573269460689509e+00,1.046937931766257890e+01
-1.098597316629586906e+01,2.067323334360812837e+00
-5.726822269528779152e+00,1.922335165313728389e+00
1.108753226879783860e+01,3.381002689991168264e+00
-7.432036461534974325e-01,1.433787057020546207e+01
-2.101777448684746252e-01,1.577834420194842302e+01
1.350164518656788104e+00,1.126413380030526135e+01
-1.755777249104288229e+00,1.079961160152667077e+01
-8.008587751249336861e+00,3.776837517638795383e+00
-5.738124503309047775e+00,4.963082838972616706e+00
-1.235414069623807087e+01,3.274984064743429180e+00
-6.167564674630427568e+00,1.064787754268254183e+01
-1.179759138105547045e+01,7.492686760854745387e-01
8.197011313629747775e+00,1.395748686163722496e+01
-9.841886750968384945e+00,4.525441458120623928e+00
-8.014206864772733141e+00,1.792875248216448369e+01
7.456548646972199990e+00,-3.671383677842877669e-01
7.193584099312293922e+00,3.020758400578478220e+00
5.234843570258609802e+00,8.672046132159080045e+00
1.468965347859875692e+01,2.723820181034056098e+00
-3.108829123740206590e-01,1.554593957688186556e+01
8.580422648577174627e+00,1.354163492340896191e+01
-5.713933451863558055e+00,1.416614395186622843e+01
-6.098388334711435377e+00,1.038828789490305304e+01
-2.388424264327070556e+00,1.650535735712152174e+01
8.774889898983634140e+00,-1.348572137439849250e+01
-4.380122359222379025e+00,2.739246793289915605e+00
-3.479433291662795025e+00,2.330684655494046353e+00
7.087257725156518973e+00,1.649628530385604464e+01
-9.125512832139779817e+00,6.087582888393577640e+00
-7.760507442423281610e+00,1.115552408656896333e+01
-5.270446258913679571e+00,4.209728067655938766e+00
-6.617744793980430806e+00,1.737471513992935357e+01
-1.062350030195176309e+01,1.346785799951235596e+01
-6.431950664551393082e+00,1.536818867266364919e+01
-8.062866094027558717e+00,1.927177771401991180e+01
-1.003161374143357953e+01,4.549939432781651583e+00
-1.087740402290678610e+01,5.641684353766286186e+00
-8.901676345515928901e+00,1.390047623097545504e+01
-8.416547609416580755e+00,1.871007417241276016e+01
8.784429623994800096e+00,-1.481003441158064859e+01
9.436159420202663739e+00,6.907075249095174563e+00
2.984494965930290178e+00,2.660102082461052397e+00
1.463215317938485915e+00,1.256680427865077276e-01
9.527882411385883543e+00,6.571872647746398677e+00
1.087768863738107683e+01,-2.154468875825187979e+00
1.162094607403484403e+01,-2.484302488979780232e+00
1.303299047521083409e+01,-6.306737690713044131e+00
-1.013002443436187150e+01,-5.145670890099935529e-02
8.418148951660301194e+00,4.081593344726866412e+00
6.653642433271647505e+00,-8.855009144508205310e+00
-1.129104603083835734e+01,5.458690545361053026e+00
1.461816726789754606e+00,1.239249223336390121e-01
-1.315304774607639970e+01,1.703582973149851965e+00
-2.312184037724354546e+00,9.267847160470015666e+00
8.443611688430632256e+00,-3.038439794966571572e+00
-1.661520472069794030e+00,6.998640199294814401e+00
-1.949926069420034214e+00,3.743655970429483393e+00
1.663120784893740733e+01,-1.150528863662274803e+00
1.009747928303879760e+01,1.408746953703756155e+01
-6.542432308807649477e+00,2.915920773874910221e+00
-6.298957945403198977e+00,-1.239756340453670447e+00
-4.179119125746468377e+00,1.226902752006337849e+01
-1.202444319556677499e+01,4.927043932959774608e+00
-4.816961658024435877e+00,5.610780754995543518e+00
-1.373767246919090468e+01,2.759354811765734716e+00
-7.141883463911599783e+00,1.835933991400819920e+01
-6.327534013217626985e+00,1.653416649465772892e+01
-6.432358789455534520e+00,-1.273563642456910783e+00
4.623043032149026565e+00,4.715041297787129437e+00
7.465701975756772413e+00,5.069675218700352426e-01
7.537371395594606227e+00,4.223235723732643998e-01
-2.723889447940871289e+00,-7.283168866346665382e+00
1.138320445643129197e+01,-2.223390122765303900e+00
1.164705811946931213e+01,-2.227128531190558203e+00
1.124058950170274862e+01,-1.997867431650420800e+00
1.413596516286927773e+01,2.636966779399568139e+00
6.599405911902468169e+00,-8.549534929661183114e+00
6.206314981389065011e+00,4.233660150350672668e-01
7.120798057592631736e+00,-9.071847283737342948e+00
1.482715662357850128e+00,-3.372997884196363483e+00
7.148111813315098040e+00,-1.229925240283810561e+00
4.572389709456912144e+00,2.507610546443109212e-02
7.234598402426577479e+00,1.425358993269145280e+01
9.959397965195053715e+00,3.535366021966892980e+00
-2.619929763425428604e+00,-7.281296865605908941e+00
4.127054990273200552e+00,-4.712729151793345478e-02
6.399915171187279483e+00,-8.369896038119289727e+00
4.395223453224573973e+00,6.121429101405915230e-01
4.588963694344018407e+00,-4.596024640674731820e+00
-8.613969537131227483e+00,2.600801440173502677e+00
7.822206432957948152e+00,1.557772695489193993e+01
6.317690231540547430e+00,-6.709543605761567164e+00
-5.339272699455004378e+00,-8.745190934999248711e+00
-4.175848289943791869e+00,-1.034481002844411357e+01
-1.131899407499174970e+01,-1.066164370226785785e+01
1.069306865570682419e+01,-6.823273111086233911e+00
-1.123449476454272933e+01,1.290167349044010425e+00
-2.923265710595818412e+00,3.110458867936906735e+00
-6.845840375036679859e+00,1.401213175278637424e+00
-5.585216291933326360e+00,1.580619752406848200e+01
-9.633257165943784894e-01,1.159120998965568816e+01
7.924321068495350673e+00,1.542838602326031605e+01
-8.997396392863947767e+00,9.370427730341737149e-01
-8.143854199054983312e+00,1.271457535233206393e+01
-1.416787374386505816e+00,3.265179756225166763e+00
-7.205400892997239737e+00,2.473064939625456427e-01
-6.432644625685220774e+00,1.401912611173398737e+01
-6.819705863485360231e-01,1.231954920438794332e+01
-1.254184286742071741e+01,3.979741377608406072e+00
-1.169797330414773917e+01,2.799676832953702732e+00
7.333362412582307144e+00,1.569125743865535050e+01
-1.131921713377159300e+01,-1.132551023863418749e+01
7.985958196937521514e+00,-3.294094239671930602e+00
8.123762952245627389e+00,-1.245267036892926349e+01
8.943875634662253660e+00,-1.378115543109286456e+01
8.239649278060408477e+00,5.139428912729396615e+00
8.100225024604231550e+00,-1.265366537505756916e+01
8.116606604983980233e+00,-1.280659839143224943e+01
