-1.340624892613911001e+01,1.832976122871019520e+00
-1.319348166232783193e+01,1.445918507023582933e+00
-1.125667418837608480e+01,-3.996635718980134921e+00
-1.334725053519797555e+01,2.245721095681533885e+00
-1.342266178428302403e+01,1.188881356568290970e+00
-1.122796668583400859e+01,-3.896267226259450212e+00
-9.171429519705757372e+00,-1.153959638503489415e+01
-8.369609288115212209e+00,-1.633125026472700014e+01
-8.217900275185883174e+00,-1.713974278955467767e+01
-8.996384920071434976e+00,-1.234593902489550388e+01
-7.816579944064721452e+00,-1.652721617452985470e+01
-1.274356753911372131e+01,-1.192211925813873208e+01
6.790427520470897704e+00,-4.532848754593808316e+00
5.415092045121284947e+00,-1.029126370929122736e+01
5.214412812407892339e+00,-9.804971131129688544e+00
-7.700054036587269390e-01,-7.135989543239208421e-01
5.907819323669781575e+00,4.425037704506625147e+00
2.583262532673653578e+00,1.446434738363856276e+01
5.901959920965975215e+00,7.540726986499187490e+00
4.218937689544574043e-01,-9.703624920798836762e-01
-5.142302685116914018e-01,-6.935211023023136745e-01
3.988655042041705512e-01,-9.680567394871358866e-01
1.131333702536123642e+00,7.511791687401633055e+00
4.861238994951986303e-01,-9.814474804410154851e-01
5.390585108605154829e+00,2.470734022915482608e+00
2.022705781409024350e+00,9.932296064646818579e+00
1.197198345142355613e+01,-5.903485479726626295e+00
1.033632457345130717e+01,-4.220444560532094158e+00
4.814590526731286069e+00,-1.104041628853312318e+01
-4.773012706678520622e+00,6.587155182907252771e-01
1.346516332855052056e+01,-5.807648146922704591e+00
2.650898886770554075e+00,1.103200077845335514e+01
5.628969211836231779e+00,1.242181866839576720e+01
-7.320600956256515524e+00,-1.597330646496575213e+01
-8.376097069548665175e+00,-1.662608707747503445e+01
-1.442100703301708586e+00,-3.396743508652367627e+00
-8.981818817857373460e+00,-1.239966983538841028e+01
-8.238546183182167582e+00,-8.624380424099683751e+00
9.849937972822209176e+00,5.650881134400513872e+00
-1.013957816528556855e+01,-3.419504840090112019e+00
-1.252314973988917046e+01,-1.150759468713592781e+01
-8.107266603060688581e+00,-8.870778517897981885e+00
-2.682618017790767695e+00,-1.430710340453623663e+00
-4.773247493192964264e+00,-5.609974810444271931e+00
-4.916355674649653729e+00,-5.654755794566542093e+00
-1.015418906725716397e+01,-6.729218235698972705e+00
7.502520200582423193e+00,-9.951357828517357618e+00
-1.561415848669288131e+01,-6.640229257449233202e+00
3.738445019942479575e-01,-9.504178362272935887e-01
4.635021569484957915e+00,3.568481323844370667e+00
1.111757381043671522e+01,-4.501326027817678543e+00
-1.279058863142424585e+01,-1.229101506184707127e+01
1.374736517209402287e+01,-6.401705957254908430e-01
-1.102808888057704806e+01,-1.788533933164280443e+00
-3.219111809313989880e+00,-1.518343206510554388e+01
-4.204286311968269629e+00,-8.403544925825942258e+00
-7.820688731989934972e+00,-7.505177591607104404e+00
-1.561815971391307656e+01,-6.308141749490021155e+00
1.509718868818637594e+00,1.320899398893395826e+01
-3.859074766200847328e+00,-1.463989681282371436e+01
-2.244769785593903055e+00,1.201851834157975851e+01
1.366492407155589284e+01,-8.812947553108672949e+00
1.435727971286067017e+01,-4.804739159893999911e+00
9.016459478086591428e-01,1.110243757876093262e+01
2.472686464797391626e+00,1.272123743296414666e+01
1.470289923289717571e+01,-7.914045801198622776e+00
1.256039568916647831e+01,-5.184016361841383702e-01
1.043203123998372206e+01,-5.990609003457194603e+00
3.778583623872142194e+00,5.924825505077983223e+00
-3.038604872805798496e-01,1.253397593447906111e+01
-3.986863293660521279e+00,9.947859139788712834e-01
1.023532282813993888e+01,6.918929784007491257e+00
1.039975016711219524e+01,1.052126589035580623e-01
1.022855137587076868e+01,-3.075018646914835951e+00
1.052409564966752775e+01,-5.556282256459728508e+00
1.416625793921107501e+01,-7.073085318511380670e+00
5.693685162760705687e+00,-7.397053140131479410e+00
4.639798864322560168e-01,8.378821629681942440e+00
3.773640651227355480e+00,-8.108096217271492989e+00
-4.175544130810626142e-01,1.178903813986187643e+01
1.432107446430532605e+01,-6.299628065984499870e+00
5.379306862084166418e+00,-7.458696427817173458e+00
1.174395819926443707e+01,1.473803533130469745e+01
-1.546823935137233796e+01,-6.849357080286535115e+00
-6.415262104574525281e+00,-9.750922656608235428e+00
-8.259453094986659138e+00,-1.550954990001301148e+01
-8.285517169667503623e+00,-1.669211142652975255e+01
5.268163105190823536e+00,1.056835936307373203e+01
1.095183276731451194e+01,-1.390354832360089166e+00
6.877792654602956191e+00,1.122680983165632718e+01
5.671960683598466169e+00,5.931511743548673721e+00
1.181445939285072022e+01,-6.119783458547219723e+00
8.389276712731906116e+00,9.804203710398123661e+00
4.963051660785006369e+00,-9.518907662477820608e+00
5.866524470668185387e+00,4.200896755048630360e-01
6.606946996575714159e+00,1.077373845320711609e+01
1.481676545308063631e+01,2.506608083423250921e+00
-8.962703070156681662e+00,-1.636149574216850056e+01
-7.231439792186247217e+00,-6.794633929478331780e+00
-6.130752521049946502e+00,-6.483434508958139553e+00
5.650442387337946570e+00,-9.698897609292913558e+00
1.409905652002810150e+01,-2.951816506908524040e+00
1.216866940316226042e+01,-3.748171159830005816e+00
3.703117151918466021e+00,4.283817000439911205e+00
4.020936266246849300e+00,6.996888439707416474e+00
-3.812468328265654627e-01,7.988563389714714802e+00
2.734485856614953470e+00,8.276758665784138103e+00
1.018913073927798951e+00,6.080126917455587865e+00
1.235646583989381320e+01,-4.078167429156369650e+00
1.680271630803504834e+01,-2.232312485715480133e+00
-1.660539762296519228e+01,-6.148669003294129354e+00
5.776468335062592274e+00,-1.085844287608377634e+01
-3.606360949370361002e+00,-1.495954747654079675e+01
-1.504371131560111330e+01,-7.937752559635748995e+00
-1.279733166753422502e+01,1.279824642985904593e+00
-1.282853439209358903e+01,1.426029265133278878e+00
-1.279454536655877206e+01,4.536337029880685989e-01
-1.328983288768860227e+01,9.945756048216700673e-01
-1.331529178294225702e+01,1.186071176016725515e+00
-1.323961626381330703e+01,9.753963875721204380e-01
-1.312918350136099299e+01,1.017548989103530976e+00
-1.334691294623255509e+01,8.568733318452864678e-01
-2.955205991782003494e+00,-1.559794610762909040e+00
-5.060544839452854937e+00,-2.529912680626550170e+00
-5.567901197175253003e+00,-6.238522513628864452e+00
-8.235771512771499658e+00,-8.611559939275239550e-01
-3.390846090853025352e+00,-9.139586732053730955e+00
-2.873411673346672579e+00,-1.447573528734388049e+01
1.322571844651792716e+01,2.411436674310602157e+00
-1.241124131774900619e+01,-1.126632332634131650e+01
-9.392962253635793957e+00,-7.086997660569346102e+00
-1.467270496000434044e+01,2.210157438959626575e+00
-1.462345087746447447e+01,2.157310145467170592e+00
-1.466676424234850984e+01,1.614062809835562717e+00
-1.311366135687045187e+01,-1.615319569305503217e-02
-5.556915526768753111e+00,-1.196277981441957294e+01
-1.684667840898814006e+01,7.041478202701082267e+00
-1.683601915224431522e+01,7.095994573674196282e+00
-1.681754690725831480e+01,6.732722252031404508e+00
-1.690994376621831918e+01,6.284246584972301264e+00
-1.692025336255813173e+01,6.548366712640613763e+00
-1.683945145080108574e+01,6.979495189084112816e+00
-1.683099067125435155e+01,6.946495546354573669e+00
-4.285120899204134526e-01,1.880653856570340920e+01
-1.109059723225993110e+01,-4.564995329430694859e+00
1.083394669486518413e+00,6.194747521994115047e-01
1.944186749913980883e+00,1.397688518913896560e+00
1.996534255635622257e+00,1.979873778011733032e+00
2.438623004551774276e+00,7.713107550720993411e-01
2.153909026016519235e+00,1.274282867682258846e+00
1.305013934633941108e+00,6.137695353069699822e-01
6.398764328135969626e-01,8.557563773991807565e+00
9.802777400706840227e-01,1.874386750270669477e+00
4.571174715621841855e+00,4.200446854364122906e+00
-1.335343646438728271e+01,-7.427233500999922633e+00
1.290287973766969998e+01,-7.265271951139365747e+00
1.186040786716932161e+01,-7.776335415937151829e+00
7.074337003349539188e+00,-1.019731219010498258e+01
8.489902281279064766e+00,7.946171664446587179e+00
6.523643147066855441e+00,9.097943064325148654e+00
1.476454220203140544e+01,2.572491976984488726e+00
8.989948033999827004e+00,-5.068867349285065271e-02
1.041205600397954356e+01,-4.093061925191270767e+00
-1.226144612170661574e+01,-7.301042758855517789e+00
9.116634706343683447e+00,-8.657236317734295916e-01
-8.939022516882559888e-01,1.096802571309122953e+01
3.132909877901364659e+00,1.043769552332990003e+01
1.352863813317759778e+01,-8.096421498219973145e+00
1.786284917852658971e+00,1.355098904518604286e+01
6.263263819770905627e+00,3.082964091949049301e+00
5.629225475908404164e+00,-1.020268330590659289e+01
5.548592634420353775e+00,-7.637404956931329814e+00
2.202733737734154928e+00,9.674375180285432307e+00
6.808436012560850514e+00,-9.591227829422736662e+00
5.667783373886202014e+00,-6.854694596233661841e+00
8.399837957071136785e+00,-7.534973660238990512e+00
6.956094386884195124e+00,-1.086482028751337481e+01
1.233543527225521785e+01,1.276615275261105964e-01
1.276848228235671101e+01,-6.409467188640469715e-01
1.490445963809565511e+00,6.264725938700236085e+00
1.466954605391808464e+01,-7.660938864367807355e+00
-1.260504344615782024e+01,-6.781593643075148670e+00
-8.275724257894273350e+00,-1.677365846676640970e+01
-2.901784218932667692e+00,-1.533382435641151842e+00
-1.396409351848514291e+01,-6.908687750577541031e+00
-1.003111924833181590e+01,-8.317275318990679622e+00
-9.750117715027208476e+00,-7.189839575215883904e+00
-7.927929644270251153e+00,-1.537155314230419378e+01
-8.723743682483529938e+00,-6.102787891493433925e+00
-1.602911922706599768e+01,-7.010453852697797750e+00
-1.063800606302588925e+01,8.905503076773266358e+00
7.245261938977686000e+00,6.938754834875640931e+00
1.259611629531121757e+01,1.443370753855164601e+01
2.348820612075852132e+00,6.630184899944016941e+00
-8.705312646650808617e+00,-5.856278604172769242e+00
4.929137656183214311e+00,1.060825591585238570e+01
2.311219816140581251e+00,6.620443503907847749e+00
1.291059207240307671e+01,-1.903838347670800069e+00
-7.858410305668856566e+00,-4.722552219106643356e+00
-3.348779436588004699e-01,4.103207243462870579e+00
1.876244868720509107e+00,8.062586115396896957e+00
7.195790035177931365e-01,1.314232824268560229e+01
1.108575975499287836e+01,-7.030910505665906030e+00
-4.814444774375822966e+00,6.361262653178471060e-01
6.773763749622085051e+00,9.532243609478427970e+00
-1.461469276716726995e+01,-7.039335590452695079e+00
1.007736674626552364e+01,4.928689767537970945e-01
-1.275998444474533855e+01,-1.192657431002046309e+01
8.507262296025442927e-01,1.117652429360870237e+01
1.325163597605797072e+01,4.491568263910237668e+00
1.446730620335866924e+01,2.710189644809237297e+00
-1.332651253671766289e+00,1.224079372288402823e+01
-5.324276368344632582e-01,6.313559832742734024e+00
1.150128548166515152e+01,-1.675197045535708806e+00
1.109455897031101479e+00,8.033817227009384609e+00
1.680133548411649080e+00,7.616274040015532876e+00
4.872271391898395976e+00,1.114817184147596407e+01
3.141466390074075576e+00,1.182516956774954942e+01
1.214289668214471618e+01,1.496132864029830500e+01
-1.390541323420724007e+00,-6.557536153771654774e+00
6.887889829316747869e-01,-3.376359124675031076e+00
9.864922887352193470e+00,-2.130651008529594659e+00
-5.323982308025501986e+00,-6.327573651156978229e+00
-1.525660603101043655e+01,-6.938729898324576872e+00
-3.103082370156799552e+00,-1.474197338977484506e+01
1.245469743827162468e+01,1.451537044961492562e+01
-6.257423586428184414e+00,4.135758977745309650e+00
-6.323526223226678233e+00,3.741905234557090676e+00
-6.261812703925040857e+00,4.032127536150217573e+00
-6.281231355953631912e+00,3.995435066165595295e+00
-1.275818705626423721e+01,1.302265102132808217e+00
-1.274596672384703488e+01,1.301818134687573458e+00
-1.609019475748988270e+01,-7.728142210136367929e+00
-1.278481541242418373e+01,1.429250506449694313e+00
-1.129987052747129717e+01,-7.307831345192274952e+00
-1.322229402217259775e+01,1.782053563951412345e+00
-1.288264513247376719e+01,1.402476033624976193e+00
-1.285238444047040751e+01,1.375634273020288401e+00
-7.595374899386632350e+00,-4.258484010210529469e+00
-1.278765028015058647e+01,1.293883602803074240e+00
-1.678007072808577504e+01,5.692295018602423262e+00
-1.017857970794180389e+01,-6.013956202799519701e+00
-8.818519323400098031e+00,-6.499461575882032882e+00
-1.027611594802294803e+01,1.035731186909590562e+01
-8.885849701866487038e+00,1.053995162500343241e+01
-9.953648811243203554e+00,1.181056439771029787e+01
-1.037552429013618749e+01,1.076924736237389624e+01
-8.939980822972577457e+00,1.055475382756407932e+01
-1.272692171982320097e+01,-1.196751784009075159e+01
-5.347585054799202098e+00,-6.307947815010042092e+00
-1.303002216124429857e+01,6.412640161105428449e-01
-1.333044313830638750e+01,1.193913077957553304e+00
-1.378871295751277692e+01,1.298081889360886754e+00
-1.335279173251092821e+01,8.490123614672728802e-01
-1.322948410956291454e+01,1.091839190862236686e+00
-1.325491232668635000e+01,9.808814184492532506e-01
-1.325447599270197152e+01,1.144138836177953422e+00
-1.341877949586700147e+01,1.129167953081620546e+00
-1.307419122693750779e+01,-6.136246942759359876e-03
-9.008931694096157017e+00,-1.219975312157026082e+01
-7.788992568198851885e+00,-7.583642209144220381e+00
-4.857608830864665883e+00,6.262382842139871952e-01
-3.689947339445086349e+00,-1.295921271809361919e+01
-1.609415154920352364e+01,-6.203516338430231869e+00
-1.498985128183135274e+01,-7.224605423955470229e+00
3.484219752124614988e+00,-2.744989063593179512e+00
-3.269244497081003509e+00,-1.518496286784745841e+01
-7.029426931053854410e+00,-3.778895442330973520e+00
-8.298059348530603785e+00,-1.265923991156397088e+00
-1.411400741162465522e+01,-7.922048534534599007e+00
4.701413183854569189e-01,1.836453398965186778e+01
-1.133356217651318154e+01,-1.000073029972318750e+01
-9.995634472307731500e+00,-8.556984639373940382e+00
5.163967857635631820e-01,1.944580059387038418e+01
-9.893033025480678644e-01,7.640668515540808947e+00
2.939897613662930453e+00,3.178216319214701713e+00
-4.609127486996091427e+00,1.231619711655108418e+01
1.487527650103697141e+01,-4.492918827241269675e+00
1.570333059900493744e+01,-1.451668316532820358e+00
-1.555893075977142326e+00,8.319660704518405225e+00
3.242853444636840443e+00,7.530560801558699779e+00
1.568873450971907069e+01,-3.875229111129679715e+00
1.697893967419874528e+00,1.176875920039082857e+01
4.863697135687466755e+00,1.307154364576175887e+01
1.049298859620420687e+00,9.886549918145947302e+00
7.112199371936137382e+00,1.390344834300494803e+01
3.495318708645174688e+00,-2.705114850169186624e+00
-1.007917555960552747e+01,-7.967892217946011435e+00
-3.027698281928806523e+00,-1.503398187848890011e+01
-1.442474268603170806e+01,-7.308949102502682038e+00
1.181246165780922297e+01,1.485779274801577010e+01
-3.202517736707166662e+00,-1.462465578583869430e+01
-9.971659053683701757e+00,-8.220899870451139790e+00
3.155194481470435797e+00,1.318325432978965139e+01
1.123442624393283928e+01,-8.561479851367225891e+00
1.593791807720723419e+01,-5.200347506017832799e+00
-5.154336237598195147e+00,-1.254590933028313060e+01
-8.835265538375933758e+00,-7.776031898870090942e+00
7.583282645893634211e+00,1.073982714902609992e+01
7.078957074479473199e+00,-4.261903332566000735e+00
7.692191595739076959e+00,-9.815239961332789420e+00
-1.394012217375582452e+00,-6.559259443887055063e+00
7.613876235534012160e+00,-1.161246778204135488e+01
5.105906350744114697e+00,8.296260415501441443e+00
5.858891677129368425e+00,4.449936488242210331e+00
3.576492628384640327e+00,-8.313697793404232428e+00
4.715825749139111345e+00,5.310620146852143897e+00
1.147787171143965601e+01,-5.029042839450530877e+00
3.828529826715419304e+00,-8.298297674708942750e+00
6.205314310878856432e+00,-7.129635191148190998e+00
4.656096323313604124e+00,-1.084629559355068373e+01
1.138338043898456142e+01,-3.510666884341409055e+00
4.421969436070396497e+00,-1.066694165315811560e+01
-8.487102858941426575e+00,-1.711694566996878208e+01
-8.296827164896733109e+00,-1.291548744831206852e+00
-1.808139875836050736e+00,8.009619985719526269e+00
4.756945442902678955e+00,4.932093372409025456e+00
5.501336713455563299e+00,1.029813130360370366e+01
1.823272017249617516e+00,8.497508614474895694e+00
1.490299787419717248e+01,2.433198040236056681e+00
1.535761059532915951e+01,1.665659474712242849e+00
5.218828575984045592e+00,6.981810672665250017e+00
1.568965386344193824e+01,-2.533011368446063560e+00
9.184115129393198629e+00,9.217761700223615406e+00
-2.905921229231242631e+00,8.765022913855087694e+00
-1.516489275439921336e+01,-6.988521681443821798e+00
6.036068992032299185e+00,-9.222119505419929197e+00
1.231542052949182597e+01,-7.560811349062499964e+00
1.522720996997508180e+01,-8.405485723203236503e+00
6.471556734761739094e+00,4.451884871155967538e+00
-1.042041573044134140e+01,-6.450499986983950329e+00
1.067112282171206594e+01,-6.500579884529458674e+00
-1.276695626787698856e+01,-1.203613339168886398e+01
-6.300970489073164593e+00,4.515054455528471067e+00
-1.646145420982639962e+01,-6.476592561770636358e+00
-1.743171781988849034e+01,-6.662322732680276083e+00
-5.045935970909035007e+00,-2.516032973982349485e+00
-9.267641741028834090e+00,-6.425805430116935391e+00
-1.023436195987106601e+01,-4.669216510922102437e+00
-6.277140253179553042e+00,3.979742965381077635e+00
-6.271104955622464949e+00,3.959269690669353192e+00
-6.328572664759778199e+00,3.625096586719981140e+00
-6.280564941118448097e+00,3.891537658441004410e+00
-6.303997871543151277e+00,3.790994226697793401e+00
-1.427766237469655231e+01,1.790532297598405487e+00
-1.468780496803472779e+01,2.138541790380451335e+00
-1.441322955641407333e+01,2.622653602332728706e+00
-1.365671941906681930e+01,2.874503407512794873e+00
3.534036734763707610e+00,-2.855958060224957684e+00
-3.529145314018161894e+00,-9.049723834859667804e+00
-1.085274755277112746e+01,1.172713510302094697e+01
-9.816653980933580215e+00,1.171562706746542659e+01
-1.022570647770739249e+01,1.023683196955657948e+01
-9.698897069809408578e+00,1.165778704313523662e+01
-1.019752173289771235e+01,1.101549025294872486e+01
-3.592943272040482583e+00,-8.881379887421523733e+00
-1.020846089519920241e+01,1.026845292285152489e+01
-1.028453765501407879e+01,1.072532119087851754e+01
-1.034643426991172355e+01,1.057417757252348700e+01
-1.020390142230715824e+01,9.671429804815396380e+00
-3.371314897731603200e+00,-9.025319614056837025e+00
-1.747046361021683580e+01,-5.795152754364932157e+00
-4.406412500498570139e+00,-8.744912337096918620e+00
-5.061261794626466859e+00,-8.311597627488778173e+00
-1.560984234967381745e+01,-6.680582352577411953e+00
-1.557660164179930185e+01,-7.418504517477165550e+00
2.296222989969878725e+00,1.161874869608428540e+01
1.316152087807250304e+01,2.765441471033340815e+00
-4.329906959438217795e-02,1.138512882481940736e+01
1.010477561719361006e+01,6.957499352819334071e+00
1.425041672074153176e+01,-8.001087506876976008e+00
-2.418567690927493352e+00,9.714159489493956912e+00
6.609669676102279290e+00,-8.729108379972448262e+00
1.219868079756196444e+01,1.325702117311204686e+00
2.565636492312405093e+00,9.517446191012211898e+00
7.160157445129287090e+00,3.521591578042146953e+00
1.245164127300995283e+01,-1.643381140717810052e-01
7.813215668240536260e+00,7.072798082830346722e+00
5.444342998270720102e+00,1.180867570919309095e+01
5.261483643213015204e-01,1.022471003603635431e+01
1.424030786966878992e+01,2.898853807230353574e+00
1.513612775112363984e+01,-2.150266342838802025e+00
8.239929620965817492e+00,-1.076377997198015990e+01
2.097235515846359311e-01,1.323777623575730722e+01
1.099193775762869585e+01,-6.097263421793219784e-01
7.216500321632670634e+00,-9.006256488419221995e+00
5.193575480243571185e+00,7.224118780102473103e+00
9.519702986352518437e+00,-8.908782033130563605e+00
-6.479469638033819479e+00,2.113579617212077988e+00
-6.488081178664455884e+00,2.488111362301186791e+00
-6.515123397097066338e+00,2.989233693205533005e+00
-6.451039668991992215e+00,3.360496147043124715e+00
-6.460704313418746736e+00,2.704002108116211112e+00
-6.469677902340330355e+00,2.566611406090084202e+00
-6.431754751089410860e+00,3.090825645811101197e+00
-6.394844897658066962e+00,3.367321796686975510e+00
-6.436116698063343300e+00,3.031585052458457774e+00
-1.275133308398195453e+01,-1.197099450234257212e+01
-1.631841661488852679e+01,-6.949852004079127177e+00
-8.325412241206715080e+00,-1.426145658896973645e+00
5.204731204899958108e+00,5.707998636205465992e+00
9.447808563216311128e+00,-9.080981790896736072e+00
2.614689433605484670e+00,8.335349011858701473e+00
4.432864506655950443e+00,-1.023494473534046278e+01
8.256228207339416869e+00,-4.805941509495218256e+00
1.243553209064291742e+01,1.416282655595894946e+00
3.888954702653945272e+00,-8.506042275989216250e+00
3.578755339166145077e+00,1.074242420862971059e+01
1.015294122307646063e+01,-1.758192363620526999e+00
3.705710548449116626e+00,-8.347520847046450143e+00
-1.604232875100582945e+01,-7.421297230348208096e+00
-8.458336002441406265e+00,-1.670862435623507025e+01
-8.469453719092369326e+00,-1.684186136591671001e+01
-8.383290133833350311e+00,-1.660045871472661716e+01
-8.369143080440714755e+00,-1.635427880184286664e+01
6.730141668761951301e+00,-8.883466927159012982e+00
7.631273997604215431e+00,-8.729394232989671210e+00
7.432725164968597698e-01,8.831709730026279459e+00
1.243130561089693131e+01,-1.321687720660610799e+00
3.512525857705453447e+00,-2.807664667205400644e+00
-9.003172197345515881e-01,8.652047033336167203e+00
8.533826423649253812e+00,-5.211669556323449193e+00
5.428351056099297800e+00,-7.225665183539744518e+00
1.398816471697691632e+01,9.164025988686494983e-01
5.634693900482600215e-01,1.946164254228813917e+01
-6.556641911284925683e+00,-5.312503987132573435e+00
-8.964508097201967729e+00,-1.217111287696975630e+01
5.652679651716697729e-01,1.945157800999525222e+01
5.375226376666374373e-01,1.941881391337707186e+01
-1.557369315425202672e+01,-5.800258450627102214e+00
-4.054896615877638943e+00,9.053932956106259811e-01
1.241296159253597864e+01,-2.116768483385813138e+00
1.273178791651346486e+01,2.009977337594294422e+00
-1.121705785932174404e+00,1.264855732768095464e+01
-7.825229322932367726e-01,7.892634050614122820e+00
5.923385541198994630e+00,9.883900529399776147e+00
3.749461702235068472e+00,7.643138040979049919e+00
1.084071308753385843e+01,3.717016376162073144e+00
2.691494754832611136e+00,8.814556289528757915e+00
-1.191062192967546451e+00,7.304622709395861335e+00
4.948049523654678872e+00,5.051082524926353123e+00
-9.156433480270010250e+00,-9.177730309514180007e+00
1.379778067794406482e+01,-8.161922058978740013e-01
-1.013543660840865002e+01,-3.420944696743344782e+00
-1.433153732326977625e+01,-6.608503938758241603e+00
-1.129504631016103566e+01,-5.740201964139555635e+00
-1.049838099874842534e+01,-8.173864377760191147e+00
1.132943565646298900e+01,1.447590944208216612e+01
-8.633403717062945404e+00,-9.306118974183378967e+00
-3.292455459234066240e+00,-1.525468518295565801e+01
-5.183047586384197380e+00,-2.634063459630632487e+00
-1.657118676512395439e+01,-7.489948164640207295e+00
-1.047649013422902620e+01,8.522887158316958534e+00
-8.425979980576828510e+00,-6.971664954512442947e+00
-1.321574568187267040e+01,-3.358687240491319059e+00
-1.574772359770377328e+01,-7.285978553447701067e+00
-6.297435154257834178e+00,3.891870231524203749e+00
-6.283263480973695359e+00,4.033681989793056921e+00
-6.353946992849549780e+00,3.538237885979355291e+00
-6.293220441793707209e+00,4.079048268172631886e+00
-6.314383488056576788e+00,3.851685176084485462e+00
-6.264282459029995032e+00,4.013810819619631154e+00
-1.128030844249632381e+01,-5.763459925506321468e+00
-7.947547965880449539e+00,-4.790937698520937538e+00
-1.465309960550715118e+01,2.274869796927169840e+00
-1.476313919003584729e+01,2.274383425997239527e+00
-1.412280071830948991e+01,2.768272945698337040e+00
-1.416742644753674973e+01,2.707903568288061003e+00
-1.439434738273732073e+01,2.850436953391771500e+00
-1.442834934484791987e+01,2.923954486529224184e+00
-1.439815475743293405e+01,2.849048130839606507e+00
-1.439289049480394489e+01,2.832645143344572514e+00
-1.452044573085341739e+01,2.179283483236298391e+00
-1.450340079739133614e+01,2.359782003928750260e+00
-1.279588453311904139e+01,-1.236112541776039997e+01
-1.763170458572770727e+01,-6.292112409158600705e+00
-1.818057940542170314e+01,-6.968925495241635737e+00
-1.797279499354374721e+01,-5.343457202975052667e+00
-1.788337263818702993e+01,-6.540014537497344627e+00
-1.044360899701834278e+01,1.111650754997616097e+01
-1.030445167884842306e+01,1.045925740487056643e+01
-1.031443596744018798e+01,1.055628087792755565e+01
-1.034333673086715066e+01,1.067663708766947650e+01
-1.010434838371695321e+01,1.041027858277237783e+01
-1.136241986128644221e+01,1.159079395070155982e+01
-9.993691531605815470e+00,1.037117173250740265e+01
-1.015136028320467254e+01,9.849239500999198427e+00
3.128854400332730101e+00,1.166122592210091291e+01
4.917339529817430055e+00,6.848760721161016640e+00
6.075923188223532279e+00,-7.482228066067196259e+00
1.174141019920602425e+01,-3.775664176046416465e+00
1.249110549787172531e+01,-9.263338099427248507e-01
1.233532433344311663e+01,-1.004338772124175350e+01
1.002219476350342475e+01,-4.921996943235562583e+00
2.682901870108001852e+00,9.069302672007017563e+00
-3.809310156398241887e+00,-9.051085352624781422e+00
-8.489064612569874768e+00,-1.671856536581645258e+01
1.811237103717512967e-02,-9.410561119371680938e-01
6.006141237081626727e+00,1.255359853937912895e+01
-1.757835052844182044e+01,-6.333528821673608533e+00
-6.567595760426708118e+00,-9.357604418146266312e+00
-1.051380728008503418e+01,8.597393302604382725e+00
1.361038091873444067e+01,-6.029095142470070279e+00
6.322143505084355297e+00,9.248628763812204667e+00
6.170416110747816596e+00,1.171893063148661440e+01
3.937630238570180463e+00,1.120345605744715733e+01
1.426626831861854861e+01,-8.096503498467306770e+00
1.304136521962065487e+01,-6.805064974880764339e+00
6.170722133337614324e+00,8.389594376163277190e+00
4.837659815662028073e+00,7.201114578681829137e+00
4.004326861285613326e+00,6.061286655319391592e+00
5.693207349701061126e+00,8.661043660982283399e+00
-6.522080417842182065e+00,2.200061994401045329e+00
-6.590107455722475471e+00,2.037507953986461562e+00
-6.470341448788633265e+00,2.510579772875805471e+00
-6.499222933875814512e+00,2.192630790722557510e+00
-3.574445860969747812e+00,-1.471943059152482824e+01
-9.609712355044798926e+00,-7.120438689548261202e+00
-8.928104439474315868e+00,-6.211512588197678930e+00
-1.620998948218554503e+01,-5.475570280787088073e+00
6.016862724656506067e+00,-1.052139451227860967e+01
-1.630686336694986194e+00,9.980030163194687276e+00
6.428164297493518475e+00,9.779945162092191779e+00
5.357203244408560217e+00,8.391361809851742848e+00
1.458725884113746041e+01,-9.677481883022188702e-01
1.268613953503766467e+01,1.983554372316181924e-02
1.541819902717899282e+01,-5.540592905759115894e+00
4.698564048528106163e+00,9.893866919565120099e+00
1.274123076194611137e+01,-4.548679565745406550e-01
1.341008517133730926e+01,4.383970318938652966e+00
-6.257786257785656225e+00,-5.793642299402677054e+00
-5.932714276317817337e+00,-5.916952619491951282e+00
-8.325663308733256329e+00,-1.655399925182554099e+01
-6.354854144494044732e+00,-5.743922127338159989e+00
-6.159042777160558479e+00,-5.604182549670029267e+00
-7.023953720832792236e+00,-6.784159739088544860e+00
-5.405326703994558279e+00,-5.324283489625433852e+00
-5.894361028135478797e+00,-5.927377381465161577e+00
-6.164916722647187264e+00,-5.737269337186367224e+00
-6.035344043432502303e+00,-5.888969549735921127e+00
-6.165607630476127810e+00,-5.738694667309791164e+00
-8.494502706245807389e+00,-1.705017781159222778e+01
-4.902574939435959678e+00,5.994746787175176950e-01
-1.403362739040136198e+01,-6.394232344058114137e+00
5.678448278850608544e-01,1.948134237492017817e+01
5.530467467709039298e-01,1.952138160638161679e+01
8.103183378890242983e-01,1.915125644311081743e+01
5.657183114264490165e-01,1.917725307676473179e+01
-1.004084968730745686e+01,-8.367178063382823439e+00
-1.319927207980995121e+01,-3.358649428368668310e+00
-1.046543026152594891e+01,-6.024622012684583083e+00
1.396541186646810395e+01,1.533843542645752400e+00
1.400028748726514749e+01,-5.349863821680874487e+00
6.757805943378400571e+00,3.791338877559069509e+00
1.553196730612960863e+01,-9.097171440349574034e-01
3.001446103532063425e+00,8.050307977468188270e+00
-1.153328492217894352e+00,9.617701905182645561e+00
1.264157769536961906e+00,9.602151693041156122e+00
7.744397001945362291e+00,7.886994034028738554e+00
4.558101663141911786e+00,4.288294204237839580e+00
2.175204915079160806e+00,8.454622107545608500e+00
7.775260400678153161e+00,-9.660568023980070862e+00
6.667937282713788605e+00,-1.107488617125412844e+01
-1.767934934724411988e+01,-6.712061779699339148e+00
9.259270757545809971e+00,-4.989269093035544778e+00
1.323605007089540209e+01,-7.637130678904508585e+00
6.148006753358218113e+00,-9.278948329378330584e+00
9.794048807275501645e-01,1.295110959438832943e+01
-1.648554932805048168e+01,-8.004599993825612714e+00
5.070772356047516638e+00,8.409666586675227151e+00
6.170692133585244044e+00,7.114921145830141569e+00
-1.243308778631291034e+01,-8.383644811779625172e+00
3.350367652941090846e+00,1.398296164288197119e+01
-4.890321249193354092e+00,-1.230082463809001858e+01
-3.028211201910986361e-01,1.886748486550953530e+01
1.200629796721147002e+01,1.341928214389157858e+01
1.179007948540585993e+01,1.326521250292795173e+01
1.212739324069445068e+01,1.398239106599528014e+01
1.173880905496667637e+01,1.321160631308326572e+01
-9.401199729675600025e+00,-4.737087999774530545e+00
-8.905516375143367469e+00,-6.843015451225736179e+00
-3.291077319827385939e+00,-1.500291496111986334e+01
-1.774407238978418277e+01,-6.998805261804128541e+00
-1.757616542642936253e+01,-6.581928043477771162e+00
-1.788209939718656827e+01,-6.084933473034833895e+00
-1.804502350041198966e+01,-5.295995832781597912e+00
-1.786351358844377657e+01,-6.073313571945710976e+00
-1.802593399469638413e+01,-6.843274818641767787e+00
-1.734391393888556365e+01,-5.870582113381165534e+00
-1.160493248481668083e+01,8.360218534243275101e+00
-1.163668607190686899e+01,8.436625865271286884e+00
-9.945313985031878801e+00,1.181356996054809905e+01
-1.064941713226794739e+01,-7.045881181756966427e+00
-1.028311084254075247e+01,9.707212728157033510e+00
-1.025532936860165201e+01,1.086695744641264127e+01
-1.145379966303109320e+01,1.157159740246921054e+01
-1.031331636808437935e+01,1.005517244663856857e+01
5.496135147733961723e+00,2.698497962224024160e+00
1.194802844757046678e+01,-2.130569411479579234e+00
-1.189044937952505521e+01,9.036394429747534929e+00
5.636966707455110637e+00,7.878340462067286332e+00
-4.064389620568174877e+00,-8.430297742013129536e+00
-1.236308581761852743e+01,-8.323199762834503801e+00
1.106396125815006393e+01,1.473699989801513865e+01
1.582393771664575688e+01,-4.793125535479290100e+00
-1.161660799476052830e+01,8.374773523654919671e+00
1.481967222572825449e+01,2.598042357122892110e+00
5.135970693185424096e+00,6.680233973793302305e+00
4.541155288842800175e+00,7.016611287533415009e+00
1.873277259572435849e+00,1.215041127927144160e+01
1.569325015828786896e+01,-2.137454264462503861e+00
6.272974787882376724e+00,7.946369803196166259e+00
1.487023663158319309e+01,-6.828066582527148931e+00
6.055221052759714340e+00,6.319782740023432765e+00
1.351491907463219988e+01,-3.879336426429945472e+00
-4.325071369195577553e+00,6.545411701991840081e-01
-1.877714343263674257e+00,1.306459061511580089e+01
1.387320758778324503e+01,4.648906933088378657e-02
7.219255418124774337e+00,4.916179731525087249e+00
6.485000124114731257e+00,8.097708516261363343e+00
-7.719096014331458200e+00,-1.507398726330018235e+01
-8.686306521349479226e+00,-1.693919149212484143e+01
9.427782147112134581e+00,-4.770301494767589467e+00
8.426235988086226314e+00,-6.857050405989745023e+00
1.108508103041357984e+01,-7.308351262875688370e+00
1.193664273439757118e+01,1.311600102362033837e+01
-8.214354208725655582e+00,-1.690859316246010380e+01
3.877736006947675396e+00,1.049222496385868020e+01
1.292227510051705508e+01,4.524750366720902583e+00
9.762731592079175513e+00,8.733642729868501320e+00
3.800881555200524620e+00,-1.007688645952433504e+01
7.468967939824690205e+00,-9.980339478538930109e+00
7.797863918879268219e+00,-1.018076619582188513e+01
1.177447394745402676e+01,-3.881933986729821040e+00
-1.026471332269426284e+01,-7.109949364105935921e+00
-1.191307806249889012e+01,-8.265720078796350734e+00
-4.993020122349379086e+00,6.619605378528047313e-01
-1.514595685872397191e+01,-7.669213638627227603e+00
-1.320023087729561695e+01,-3.336888750265280201e+00
1.506793423702738721e+01,-1.924695975464762121e+00
-1.813807150065090967e+00,1.308581467256152209e+01
-9.192152651162668775e+00,-4.473470537478753783e+00
1.356038591370094615e+01,-7.108218566900831092e+00
6.904357475964805202e-01,1.111677339439380319e+01
5.191934534559926318e-02,1.070295949148525061e+01
-1.821374829651108129e+01,-6.792939495531886251e+00
4.235935776708815048e+00,8.089109372766271733e+00
6.659909369837916593e+00,6.842521413687321363e+00
1.200942214121296914e+01,-4.885728021416676725e+00
5.718965737074959144e+00,4.508465214316787595e+00
-9.748807003029636320e+00,-7.408035204099620685e+00
-7.331074021253111361e+00,-1.754096845113041070e+01
-7.137981685677545762e+00,-1.171550593013150809e+01
9.117598897478428555e+00,9.074486004317924071e+00
6.668927001210546379e+00,1.200053306227933625e+01
3.542232792299004895e+00,-2.827670339915576037e+00
-9.524898500821212810e-01,1.116113351638467677e+01
7.318518966775803491e+00,9.810575854075523239e+00
8.629574509556837469e+00,3.926583696867625428e-01
8.918844539851081166e+00,-1.043913672763347567e+00
-1.273747600700056992e+00,9.324189785834210653e+00
1.286068521701975342e+01,-2.733474041117304409e+00
1.055894857199020009e+01,-4.230384604587180242e+00
3.137996494650046486e+00,1.026244824577020509e+01
-1.044487251953109563e+01,8.541333106467288161e+00
-1.038715940772912916e+01,8.779400917364428736e+00
5.686963298519054355e-01,1.924731521266222600e+01
6.074878425795126047e-01,1.929462349728676784e+01
1.087699486189314690e+01,-5.222981501726841280e+00
5.482997984011471759e-01,1.923690238682572229e+01
1.496644441032697515e+01,2.008348357053804101e+00
-2.687779601619758818e+00,-1.433646222270313464e+00
-1.604130965804731579e+00,-6.539527947519019335e+00
-7.209926985952820111e+00,-1.696041377967032560e+01
-9.631222218806533064e+00,1.011304700916417687e+01
-1.036218678609088784e+01,1.008757378235152835e+01
-5.542756362041680873e+00,-8.356535023030096099e+00
-1.040769903222917314e+01,9.574037038317891657e+00
-1.147984990173442199e+01,1.161768895615872665e+01
-1.055907028904182710e+01,1.024936199192785935e+01
-1.046670340130513210e+01,-7.443223992759450347e+00
-1.136198721391743760e+01,1.159433234465667262e+01
-1.041104010099557442e+01,1.065915192428957248e+01
1.120651355711660990e+01,1.468409882835162250e+01
-8.459566032954752401e+00,-1.668460560029540218e+01
-3.398035067298406653e-01,1.887361072504240767e+01
-5.077769506568682978e+00,-1.169692980129699578e+01
-1.575228648350327632e+01,-7.041146290113717399e+00
8.038657537612833082e+00,7.335618943286240423e+00
4.543888963367274769e+00,4.096506684002220844e+00
7.026343477582137176e+00,4.216920761688347952e+00
1.184952722604849207e+01,-4.550518012683531843e+00
1.407440653888466997e+01,4.576239479751465389e+00
-1.662587258958017289e+00,7.474962278571528174e+00
6.703761662067505789e+00,-7.923118186367985594e+00
2.201606159343046709e+00,4.594232433774085855e+00
-1.941252428463476898e-01,9.072533726352814298e+00
5.627259069332691155e+00,8.308999526974467642e+00
1.089833715155817195e+01,-2.210610775670382555e+00
-1.590362937041006272e-02,1.876993234237538033e+01
1.318133623057347137e+01,1.902261621781704104e+00
1.381604950096879492e+01,3.712938635493911121e+00
1.224519924800709170e+01,-9.630556097147341399e-01
1.237333521406986847e+01,-6.121641092223645053e+00
5.987401130311723385e+00,1.294936979324299386e+01
8.633836680101884653e+00,-1.831733532743710313e+00
3.262731988045028508e+00,7.354308099246209096e+00
1.474097035940758182e+01,-9.159201583874827080e+00
2.266563826821983429e+00,9.681558037347008039e+00
2.782418786679748290e+00,6.888671193773275192e+00
-4.952204792418455348e+00,-2.463610453240904441e+00
-1.001210064779922959e+01,-8.529316213252508661e+00
1.637382906647695080e+01,-3.741774306432758657e+00
6.822313171900080686e-01,1.203016073187775525e+01
-8.350688068184089374e+00,-1.679311271094098146e+01
5.296353888601224469e+00,-9.557662607130497534e+00
1.137853919516483714e+01,9.348575079868149951e-01
1.403033916792027469e+01,-1.511138974170763483e+00
5.878334771880004972e+00,7.375649111177051687e-01
9.023523842226403247e+00,-1.859283811823120969e+00
6.769708216358259811e+00,-8.850087149652940965e+00
1.586027091596777261e+01,8.566316509188276473e-01
-1.130981342147573265e+01,-1.003150680622903224e+01
-1.063320002019934662e+01,8.853748748685749348e+00
1.195554452277644586e+01,-1.031004139522968543e+00
-5.316347069396358371e+00,-6.212286169637843969e+00
-8.998436858688894091e+00,-1.241803880301482543e+01
3.636896761593725103e+00,1.296864712654640073e+01
4.553144519331191020e+00,8.859770702773948514e+00
7.962168005140185301e+00,8.544513195277007256e+00
1.202240045038388594e+01,-9.779045670213513120e+00
1.286830261194559810e+01,4.468765506614751359e+00
1.296780394068713882e+01,4.563215527811939509e+00
1.598052583790077641e+01,-2.685965943599639694e+00
-1.327316176832046724e+00,1.032990860119755183e+01
8.007372817811132748e+00,8.114556057918962395e+00
1.454923996409541331e+01,-5.076333265747405399e+00
-1.435272523499425690e+00,7.866218938734793831e+00
1.464100382918886467e+01,-1.764810192816750556e+00
-4.907250500890932843e-01,9.340877762669462570e+00
-2.375397661146687156e+00,9.511759304574509244e+00
1.523988968280853484e+01,-2.231946229860558795e+00
-9.986780318104626630e+00,-8.054037652776063538e+00
-8.953706168890001038e+00,-1.242491362925220422e+01
4.469507185834477703e+00,1.195924167314578135e+01
8.075960641824053710e+00,8.249348460367786018e+00
3.046392846801111887e+00,8.952963967844999260e+00
1.833236818994595119e+00,1.189921391106417126e+01
1.565109472049704742e+01,-2.336889663006885609e+00
9.742949619607594869e+00,-3.509991761618410422e+00
1.302348418874706049e+01,-5.427145116537468006e+00
1.225069183000120798e+00,5.409295180759531085e+00
6.977544319799672934e+00,1.149632732410928782e+01
1.170011129096265989e+01,-4.396925617475074155e+00
-9.841580917169335807e-01,1.258257103750080397e+01
4.208601986952424490e+00,-1.032602535692891443e+01
-1.487202737919131756e+01,-6.861329580446104970e+00
1.613160104631539582e+01,-9.951589949635293308e-01
4.821661828728434074e+00,-8.520772710988525844e+00
1.384001690689565578e+00,1.170526365467284791e+01
6.037059192385927808e+00,-1.014500816190262533e+01
-6.305753662819238992e-01,8.065578673815780419e+00
6.895938997329806419e+00,-1.141251082750289214e+01
-9.375090759441794930e+00,-6.640494677823237879e+00
-2.677476586344437859e+00,9.107468596201721667e+00
1.165920312129233638e+00,1.185781372041746806e+01
9.360471660672340377e+00,-3.110027044848707067e+00
1.014525645983373803e+00,7.679879182745922073e+00
-1.481404476008156612e+00,6.030827838579783773e+00
9.826847552455681978e+00,8.573828826130855063e+00
1.117502002847589537e+01,1.374552594265192051e-01
8.778134866095019362e+00,-7.685640532624149479e-01
7.042633016808243163e+00,8.282008610576692575e+00
9.973160557913208990e+00,-4.591796814044795116e-01
-1.592446380757405500e+01,-5.161090542573605333e+00
-4.345384895209875253e+00,-1.347435020408408235e+01
1.119553164102948628e+01,1.451690256434062221e+01
-3.196363859309957700e+00,-1.528052676731789639e+01
-1.266142346009696595e+01,-7.067615590586793672e+00
-1.514936543262012947e+01,-6.264671603296868341e+00
8.797568065926606451e+00,-3.289608737503869396e+00
1.449916987552435010e+01,-1.527468338393302982e+00
1.062359526908714713e+01,-2.918858163665616345e+00
1.287065646956433795e+01,3.838059909544186521e+00
-1.981612344065674547e+00,8.914895278783925292e+00
3.388309422521849523e+00,-3.117422987371836207e+00
5.746702041210000722e+00,5.886382510827101733e+00
1.012436357101623585e+01,-4.436623592176105468e+00
6.489026725942116158e+00,4.067156511726215840e+00
-1.601350719234673647e+01,-5.371617693339965527e+00
-2.732187657319377294e+00,-1.379562375707993915e+01
-3.746082259679075932e+00,-1.245877093082952491e+01
-5.073377700226934017e+00,-2.545379064096777721e+00
-9.051582111550770193e+00,-6.522457647704750450e+00
-1.110674246400642673e+01,-1.841168656876415843e+00
-1.098845432177193970e+01,-1.592259376273277294e+00
-1.105267467584720009e+01,-1.784190263742242655e+00
-1.104158259971572775e+01,-1.813178491042280349e+00
1.177349280568755141e+01,1.465500401560626820e+01
-7.320011915523039647e+00,-1.176869223610825621e+01
6.131764249996481730e+00,1.149843701415631259e+01
-1.432308486510791035e+01,-6.629728697587092157e+00
1.285691124245752803e+01,-4.079296822506971232e+00
3.434131537740695350e+00,7.301102935156451146e+00
9.719640569149164966e-01,6.823021164164338792e+00
8.005593727108879065e+00,7.979568648988280444e+00
3.146712234932714569e+00,5.299262403444680025e+00
1.041992580750832253e+01,-5.583266269041138763e+00
1.643373644520930554e+01,-3.229065886728520240e+00
1.559741587716992761e+01,-6.308615894003215097e+00
-7.178447956704665955e+00,-8.022969320181102759e+00
-1.135073636116202245e+01,1.158334148095362437e+01
2.584341127192272269e-01,1.267639392792350073e+01
7.711296644863540273e+00,8.215884269195225187e+00
1.137291840922368813e+01,-4.893389172466077852e+00
3.474006100331191504e+00,-2.723636085182028488e+00
1.104437141355570873e+01,-6.525668284080026638e+00
1.325338718440236541e+01,9.439708880826194748e-02
9.506677501471790803e-01,1.418380749637835514e+01
5.616465745017340083e+00,-7.060180823929192329e+00
7.946532260147807669e+00,8.011348686307877998e+00
1.072781813913911808e+00,9.335957735949666159e+00
-9.135428671304890003e+00,-1.244386133235317438e+01
-9.528769111873041098e+00,-6.830933632323849203e+00
-9.526504073306234943e+00,-5.812146657564191798e+00
-9.235823695980721837e+00,-6.431220927612392835e+00
-8.835625157208031766e+00,-6.226433353845205687e+00
1.309246608615279639e+00,9.416651051629930436e+00
-2.764856429574115815e+00,-1.469768904065036574e+00
6.102221371864535726e+00,5.602733189930367175e+00
1.774537789176695357e+00,1.081776518086384975e+01
9.237169401467276941e+00,-4.756639208978820754e+00
9.704935158388623861e+00,-4.553405245329559037e+00
-1.620636195265555202e+01,-6.975905745011478309e+00
4.945748280512178852e-01,1.028755468704273390e+01
-1.622771910210017099e+00,1.028895917158936868e+01
1.415624148217049871e+01,3.180760341551592596e+00
1.671077324118266461e+01,-3.276859689574356693e+00
1.467136851018772425e+01,-4.853500101353958485e+00
3.665598472288372101e+00,4.450233893693416043e+00
4.165845282964085072e+00,-9.355857030778700789e+00
-1.104772714308956294e+00,1.323641598259173691e+01
1.320430290472018164e+01,-4.761843704679417755e+00
1.550205158804760730e+00,1.053826276906701587e+01
-1.074615852621383461e+01,9.449984629273114223e+00
4.641173511172008048e+00,5.138643515925950034e+00
8.139862977911604958e+00,7.661180868763026730e+00
-1.554416344605535016e+00,1.209244427058527904e+01
7.200020511488427921e+00,6.435404811614859000e+00
5.363141212076948605e+00,2.204573983327066333e+00
1.439902897330958176e+01,-1.896026481467155911e+00
4.240065397805221181e+00,-8.579222479886251307e+00
1.049072621977100894e+01,-3.262814259620013146e+00
5.146905489145646051e+00,7.857466472011553016e+00
1.513409319076081694e+01,-3.478789637778804789e+00
1.418484279527529246e+01,-7.025495074015026820e-01
6.238681029521554677e+00,7.186517146407934931e+00
-7.199137466144062358e+00,-1.175904171335874793e+01
-4.663235864531873887e-01,1.305869957380910762e+01
-1.065435477383682361e+01,8.754697921887114376e+00
-1.081949999532231921e+01,9.141038411683942044e+00
1.181976028785101995e+01,-4.613726350702883394e+00
4.464511828277630379e+00,1.344573915635244710e+01
1.339611969833390681e+01,3.679786553277264005e+00
1.554449023032534427e+01,-4.459982306619361125e+00
1.301326441807054479e+01,-4.153789377021877005e-01
4.045841133881385332e+00,7.268122888031515849e+00
2.076712391646709399e+00,7.757442694517572512e+00
4.536303040194240133e+00,9.799970725083362311e+00
1.406337526751287292e+01,6.022046476627969103e-01
1.573205287670758246e+01,-8.288695940903183512e-01
1.245233618572654244e+01,-5.769289734332732067e+00
4.833727552657329340e+00,-1.108761559923123485e+01
8.090149446208533490e+00,-3.825713153592652738e+00
1.316297564355105187e+01,4.631826119745309889e+00
1.499202121597624782e+01,-3.623759141909392412e+00
3.672260429507220092e+00,9.299420941123088369e+00
9.436885187139235853e+00,-8.719708802892309762e-01
-1.457538570428140279e+00,6.206490600571049399e+00
6.041421203795707129e+00,7.788559190603393745e+00
-4.229460831869233939e-01,1.253714053541374795e+01
-1.612619004567354519e+00,-6.743259324492568041e+00
-3.789053644693469280e+00,-1.342710426763217946e+01
3.491924249643342915e+00,-2.788359868902021255e+00
-1.319750814800095107e+01,-3.364029781646209472e+00
7.951073591846359534e+00,9.502660201423157815e+00
-2.665628676253735563e+00,-1.423156778182215865e+00
1.085747016796791264e+01,1.587048046812539859e+00
-1.599532281053204308e+01,-7.201542006091374404e+00
-1.626815314261262913e+01,-7.198114501522272057e+00
9.020488715971705318e+00,5.006986253968960909e+00
9.938806368672436165e+00,5.319029047487394912e+00
9.954647122820810878e+00,5.051030004137953888e+00
-8.919551371150859609e+00,-6.786423029665926698e+00
-3.522442446241553782e+00,-8.855240555889539067e+00
-1.059552651190348449e+01,-1.048247112958638816e+01
-1.191351404531592273e+01,8.880727859149009973e+00
-1.154118255141005811e+01,8.403982934524778514e+00
-1.164754403617998690e+01,8.376447692707337467e+00
4.711063431980032412e+00,4.008080146627677642e+00
-9.878232903726873460e+00,-7.084176203123777604e+00
-8.349059069945356626e+00,-1.641515183008773349e+01
5.602973676783934209e+00,6.843045710299637818e+00
1.320487483040963106e+01,-9.702900130625412567e-01
-2.966374763349274524e+00,-4.117489273087580948e+00
-8.246112910507573446e+00,-9.006921307606221561e+00
-4.484575145742816460e+00,-8.708671697075169860e+00
3.534318167874177075e+00,-2.869991817672645773e+00
-3.303509341241061215e+00,-1.528921117285855757e+01
4.283676028424664217e+00,-1.003258147010528489e+01
-1.590194363078742956e+00,-6.712502667549614443e+00
-1.131055190004250122e+01,-1.002814717484046625e+01
7.394178359251200483e+00,-8.209542373024602213e+00
6.071748411863283401e+00,-1.162913712851973891e+01
5.604142120696660179e+00,-6.784744039949908156e+00
6.187374991666753310e+00,-1.107168188234973627e+01
5.754208597698539762e+00,-1.108412017180654097e+01
5.674120364914251979e+00,3.820426490229773542e+00
1.063636336561731177e+01,-7.999454270412584833e+00
5.805594085443877894e+00,-1.091006283838543034e+01
7.149444893610350071e+00,3.416048243893893943e+00
4.967362128822053080e+00,5.719230163836874326e+00
2.068039742802500580e+00,1.164868465551666965e+01
-1.805753212802022389e+01,-5.381218831460301999e+00
-1.642890519874527655e+01,-4.718862671871493220e+00
-8.484710478538094236e+00,-1.911807814717811471e+00
-1.330310029363198332e+01,-5.835406641045502774e+00
-1.346334409170683521e+01,-5.653101255868390851e+00
-7.113365420928514204e+00,-1.176196093394194442e+01
-7.183694294136008018e+00,-1.173740085224777197e+01
-1.060703820054581037e+01,-1.046934782078217374e+01
-1.509157876768201945e+01,-6.924157463875424412e+00
1.249982185092916254e+00,5.370536794142053871e+00
5.119483735683758585e-01,8.762832155430128722e+00
6.311709263187351482e+00,-1.037927018171926008e+01
1.234128545679196165e+01,-8.388802586614298562e+00
2.010966379927625169e+00,1.177217858414565832e+01
8.375840917265405139e+00,-4.861009528248994904e+00
4.784668238179610178e+00,4.337674786348658884e+00
1.002707489012677122e+01,6.916511291272860795e+00
9.592280431736044832e+00,7.004867897367657470e+00
1.018222475573147534e+01,-7.850852753521057048e-01
1.256753648445043758e+01,-6.628915381854194599e-01
-1.266271358581411377e+00,8.676388096092491509e+00
1.101615379731492794e+01,-2.777589162190628791e+00
6.003918755009221897e+00,7.010979971061388483e+00
1.273859520111804144e+00,9.479571361777086480e+00
9.644697245421102849e+00,-1.252566471539046544e+00
-3.510116299786417926e+00,7.249554326947519556e+00
1.391321946324200987e+01,-2.987216604751083970e+00
3.305287599449543645e+00,1.333209007947331948e+01
3.908813006176149241e+00,8.226936414628616134e+00
1.254633030460587939e+01,-3.445734902240230380e+00
1.369552427541698059e+01,-3.727991080912183008e+00
-4.474491830712135076e+00,-1.285834052126938332e+01
-2.630572562190381269e+00,9.069904712306277261e+00
-5.450310646076750309e+00,-1.205458460233943363e+01
1.384328051147596739e+01,-3.074033551911904638e+00
6.424373458643187540e+00,6.523705077553177745e+00
1.589417524899637002e-01,7.650578122508673751e+00
1.433996614684997972e+01,-7.222887599261586189e+00
1.506746327334724178e+01,-6.777333952127841954e+00
6.363961720451261073e+00,3.995850154144390043e+00
9.427679764227431258e-01,7.324561211068322031e+00
1.341921883495441037e+01,3.333329151727757012e+00
-1.591367989261711413e+00,1.043480334867699888e+01
1.140454866080393437e+01,-4.458964314861514566e+00
8.036759407786261633e+00,9.550534129341635037e+00
-1.533725377456688221e+01,-6.214027398868651630e+00
3.513606728543019919e+00,-2.719069445657690487e+00
-6.934952990082710045e+00,-2.542307606883820181e+00
-8.229759123917039787e+00,-8.296369090697685023e-01
-4.423894082153939422e+00,-1.305804581313265800e+01
-1.099077049296101372e+01,1.034945978393384181e+01
3.469541578649039337e+00,-2.723136885947632368e+00
-7.203282334683576593e+00,-1.173126326105555428e+01
1.382125671878426765e+01,-7.298156017595209377e+00
-6.254724964470672610e+00,4.060291176337635477e+00
-6.290656708498078231e+00,3.947619829059581864e+00
3.449164645822492936e+00,-2.110399295979785261e+00
3.533066833520629668e+00,-2.898567790571737746e+00
-8.521619548883347051e+00,-2.065157365865201822e+00
-2.742023012274712013e+00,-1.387676079016002006e+01
-1.277783396334217514e+01,-1.213177925240738553e+01
3.822238655627900883e+00,-6.792112791691563345e+00
-2.781308910799926704e+00,7.985953040068338282e+00
-7.966345649589669620e+00,-4.892031671390343561e+00
-1.509746732142443548e+01,-7.626814025705579425e+00
-3.198628733427457238e+00,-1.512211727677210504e+01
-2.761778464519593967e+00,-1.373518580399324485e+01
-1.302904135043969802e+01,2.732857115337259390e+00
-1.297487613982960042e+01,1.260753041108814365e+00
-1.299403257571128378e+01,2.591290496986370151e+00
-1.301520961535284826e+01,1.335873255510736657e+00
1.257894211828081232e+01,1.465770557059633816e+01
-1.068026575065436568e+01,8.915199391083456604e+00
-1.062979236557302087e+01,8.884815837983342846e+00
-1.077540813214886306e+01,9.103430770123681626e+00
-1.097283249509946401e+01,9.755629786788615476e+00
-1.099039155345720786e+01,9.592964122604410449e+00
-1.069347452608785076e+01,9.107818807911758796e+00
-1.078627937868364306e+01,9.273008163258850800e+00
-1.072313520526224728e+01,9.120888296480055502e+00
-1.522608701941829423e+01,-6.988852094645165991e+00
1.262319847254688199e+01,1.455635305768650412e+01
-3.649215044979542633e+00,1.192263099221733569e+00
-1.152834051387709735e+01,-6.503339548268747272e+00
3.481997862616782236e+00,-2.692842251993847746e+00
-1.039696752681868475e+01,7.639658297061152403e+00
-5.362182565898835351e-01,1.378637488763764019e+00
-6.376796957825225043e+00,-9.731160454949209893e+00
-8.305431272599868464e+00,-1.265274837451612511e+00
-1.462136957824906069e+01,-5.865813307596479120e+00
8.182993022748488166e-01,8.172896117276744476e+00
6.213108753688321606e+00,-1.037084178688233216e+01
5.942316480504340248e+00,-9.485884534445519378e+00
-1.093219828093745516e-01,1.164166834387635596e+01
1.316858751465741051e+01,-7.820385761590017637e+00
-1.780325087151846120e+00,1.075482088299829364e+01
1.567156682707683579e+01,-4.303984254183122360e+00
8.045464297782649155e+00,-9.542896358538385471e+00
6.661544626916794387e-01,-3.393322613236194218e+00
-1.545515879967842343e+00,-6.673233294352274747e+00
-4.532407364695959728e+00,-1.300784338317348166e+01
-1.578501742232295113e+00,-3.446497473843456394e+00
-8.315527760645551325e+00,-1.329261985952776559e+00
-7.603248575753805305e+00,-4.200203871940324518e+00
-8.274893593674802261e+00,-1.718464582532485352e+01
1.004512587309770666e+01,-2.013456516307199795e+00
1.572902059586533419e+01,-6.564242673136874373e+00
5.004088741951651542e+00,-9.264590353853193960e+00
1.358393713370207934e+01,2.946246415386743145e+00
-8.368796202391715511e+00,-1.597581293505233369e+01
2.300914221612504917e+00,9.375738501670356939e+00
6.645952027259856898e+00,-1.006448417957387598e+01
6.486505683856328197e+00,-1.017697218463556474e+01
5.799180458088180501e+00,-9.581112489449909120e+00
4.878509632751482528e+00,9.829985461636344013e+00
4.749574085647207511e+00,1.118462043024873331e+01
1.087712963095346375e+01,-5.271348463411674068e+00
1.296509859015973198e+01,-8.478916430414077610e+00
6.059501670880232282e+00,6.468571847619220883e+00
4.647048131860731068e+00,1.220891122587275390e+01
4.657683806282197914e+00,9.753795773265643732e+00
1.188034256083142637e+01,-6.009303825533030441e+00
6.817784327503768615e+00,7.365953857645983760e+00
4.026978543342622174e+00,1.047133630565505946e+01
3.817814493120718744e+00,9.743743477982633294e+00
-7.172530618447960471e+00,-1.177845114879189481e+01
5.155051359085343066e+00,-9.264387633773042197e+00
6.748129199206945650e+00,-5.184050001704191502e+00
6.626438012139800549e+00,1.173737919551117237e+01
8.628974913179998651e+00,9.897604221453077500e+00
1.513261640657893281e+01,-1.814760458142592459e+00
3.777377510698940899e+00,7.988696123299869001e+00
6.895127204705621793e+00,3.829720459809640154e+00
1.401848606208864467e+01,4.468474872710086032e+00
2.410123438633944293e-01,9.127524674438108221e+00
1.550058669644911369e+01,1.618341302278474281e+00
-1.320625980678788380e+01,-3.350489574758479083e+00
1.209107317348438126e+00,1.201483382299029756e+01
-2.694846174253442417e+00,-1.439114778636391145e+00
4.258097503254982819e+00,-1.053511218228275581e+01
4.667908435705328429e+00,-9.710284077191612795e+00
5.513761182856359966e+00,-1.112191216534380445e+01
1.182200407178942481e+00,1.227735704372165237e+01
5.148856278211758841e+00,-1.033256597864315474e+01
9.926454347978500570e-01,7.638109462740859890e+00
7.491807387998710155e+00,8.026721270168005518e+00
3.908536295453631570e+00,8.621306285162777527e+00
-2.632404250086271880e+00,1.023845295985542592e+01
4.201605199378116495e+00,-1.039549295980923382e+01
5.659528314247071812e+00,1.317807613325974536e+01
5.647197299936477677e+00,4.608836457251129559e+00
1.046342844734022748e+01,6.575556685580712379e-01
5.835671550182714995e+00,1.310227809618345063e+01
4.118376908511443446e+00,8.711392336140441728e+00
1.216340519171374801e+01,-6.830898607890508956e+00
-7.726982072983473060e+00,-4.365828716796602116e+00
-4.410053678618137241e+00,-1.313045899144306183e+01
-1.658799753447842562e+01,-7.725840594184641752e+00
3.491025132874397308e+00,-2.719301239488807198e+00
4.699669376771745455e+00,1.283571419500951905e+01
7.055432401637852458e+00,6.344361217452698654e+00
-1.713741493783962966e+01,5.981484228255046887e+00
-1.652707420105550185e+01,5.202585524110327597e+00
3.496425835861067810e+00,-2.725955003042979996e+00
-1.621340077790977663e+00,-6.575149677732585296e+00
-4.279454472097192763e-01,1.291451552074900144e+00
-5.857737992274176797e+00,-8.186384311155773474e+00
-2.365944145971118129e+00,-1.433581999005193985e+01
-1.630290030560624936e+00,-6.577854276496430508e+00
8.294239697162620217e+00,6.863593222239816605e+00
2.137800313958242437e-01,2.040754765407549698e+01
9.237510182582473472e-01,1.917237964179678400e+01
7.337017045250164848e-01,1.918157108593366189e+01
1.124255981772067425e+00,1.695549283385869188e+01
5.747457981460278864e-01,1.911450130608578490e+01
7.009764618064159292e-01,1.932662012571057986e+01
5.842823936153981323e-01,1.923820130317149335e+01
-1.312678493638165911e+01,-7.342381269801777854e+00
-8.955384169381407133e+00,-1.245902131670312762e+01
-3.655482116495509359e+00,-1.288864548017997613e+01
-4.423410747929438891e+00,-8.706781660458428718e+00
-3.709053783721739661e-01,1.242001203309174295e+00
1.202421646684670264e+01,1.351846902053809529e+01
1.146274484226669976e+01,1.406543882915556942e+01
-1.071072762975836312e+01,8.775296695813999293e+00
-1.072666204408446156e+01,8.895990843777582313e+00
-1.120700749907753746e+01,-1.971347226743649816e+00
1.310221136221406724e+01,5.271371459074873922e-01
1.259292062335900120e+01,1.453874611917473736e+01
1.261336374919537739e+01,1.449676248558843206e+01
1.252464837165433664e+01,1.453858769004084373e+01
1.248230910883152056e+01,1.454226708999734718e+01
1.154430913124658709e+01,1.387802422356568677e+01
1.158778965034098007e+01,1.395134210285368148e+01
1.208386522587766088e+01,1.355203375726888915e+01
1.147740835632675349e+01,1.406427318059758669e+01
2.009678487718732642e-01,1.920558791591664516e+01
-1.288841878819791020e+01,-5.120345869260161109e+00
-1.746188371519300020e+01,-7.494300190411415485e+00
-8.572891805174601032e+00,-5.552354043764460734e+00
-1.688138747127258554e+01,6.711280689125446841e+00
-1.688596264572581163e+01,6.527422094050397305e+00
-1.689324875233827328e+01,6.520788315109924405e+00
-1.685540439371284904e+01,6.930732985706009153e+00
-1.686502494437738520e+01,6.767268416060806757e+00
-1.679588194225393138e+01,6.779802483814054703e+00
-1.685805250327336324e+01,6.545247268568208376e+00
-1.667551422017839613e+01,7.001388506376192922e+00
-1.685057188905156877e+01,6.842203637006628369e+00
-9.147117902062927186e+00,-5.250250075071046574e+00
-1.557950945640335760e+01,-6.783473741856878902e+00
-1.084910096350660069e+01,-6.682718102508320435e+00
-1.785742992074283819e+01,-6.216257296806192656e+00
3.484854403167931824e+00,-2.842245164072490393e+00
-8.418944970744725254e+00,-1.639233985582395547e+01
-3.302107820390582926e+00,-1.517338604053277251e+01
1.121692610019535685e+01,1.416115701613702527e+01
4.641990034434487988e+00,5.733408726982561987e+00
3.086744473800551170e+00,6.255351072628053899e+00
1.319190595545579603e+00,1.306481588447991804e+01
-6.979272693442397646e+00,-2.606049320469025155e+00
1.263654314396248246e+01,-1.014683478919047532e+00
1.397137717014475555e+01,3.386614780740094588e+00
1.344891081048493575e+01,-2.553958948957795627e+00
6.886738150525192559e+00,7.950496234842008292e+00
6.211915716943265053e+00,1.091609442223539439e+01
7.928603280998674840e+00,8.073798552855745214e+00
5.190692033814613637e+00,-9.626314399258264487e+00
1.341463336748527801e+01,-1.394260422240101605e+00
1.448471217437002423e+01,-6.552380683759095881e+00
1.414079925364276313e+01,-7.181182326890408696e+00
-5.773416183751099995e-01,1.363366972923892284e+01
1.752535831194028393e-01,1.143984972869306205e+01
1.255870436819337499e+01,-8.365930256207555260e+00
6.010736714442954209e+00,-1.151013169034555439e+01
6.607101782003931945e+00,-1.138646770316097978e+01
5.742338091938313127e+00,-1.066761729762311539e+01
-1.102939280552603374e-02,1.292845326973404951e+01
1.212395572244298947e+00,8.349259243430431354e+00
-8.342541903068797282e+00,-1.647240341916586814e+01
-8.366525614048528681e+00,-8.064156660657667786e+00
-6.998502117207668682e+00,-3.754528970371948216e+00
-6.926287405645975781e+00,-1.178016322873552824e+01
4.474035839803676140e+00,-8.905341056931721511e+00
1.077852471682134095e+01,-8.707435969827322708e+00
2.221142861761083331e+00,5.833048203130716480e+00
6.007204271905900228e+00,4.844478229548087711e+00
1.342233456567008965e+01,-1.326691980988810915e+00
1.365507630846732212e+01,8.193861957623936876e-01
7.741433990319973368e+00,1.073254233263877566e+01
3.265724805811767606e+00,9.041375312750416171e+00
3.336401288392902842e+00,8.448941785334433519e+00
5.214636996627751486e+00,8.001662607213855694e+00
-8.873320800038491996e+00,-6.888702890026045189e+00
1.597018481793233358e+00,1.144936692496394315e+01
-6.975015624243587453e+00,-1.181077101526824080e+01
-1.245076014254546770e+01,-6.898124996502590811e+00
-6.401508748537407811e+00,3.231608902227257829e+00
3.936175748149516318e-01,1.203931638467731347e+01
1.292108138968241349e+01,4.454234355079613294e+00
3.707306773493189933e+00,1.370925728142159805e+01
9.497907044145923905e+00,-6.882110636488955047e-01
2.653049209570911504e+00,1.102322407139009641e+01
1.360783956373533243e+01,-3.540850611017512417e+00
8.912330343466495108e+00,1.907366449474808268e-01
7.512850096635458108e+00,1.112469561891111702e+01
-1.018950753942019283e+00,1.286723203544458904e+01
1.394958780484939886e+01,-1.786841090885500360e+00
-9.174373741807796634e+00,-6.911798794481943453e+00
-1.373829024603157478e+01,9.858180231941444938e-02
3.489276970703741654e+00,-2.771050200423457621e+00
-9.159360069397605386e+00,-6.726812069807799332e+00
3.914616605814783767e+00,9.478992785383407949e+00
1.382300065091994545e+00,9.942097735913081991e+00
-5.262044806904512484e+00,-6.123638621948614968e+00
-5.342862241344341179e+00,-1.117967657382438063e+01
-1.532762567574022228e+01,-6.944673489148090795e+00
-1.723050655711421442e+01,6.208574229917387832e+00
-1.702633668428072866e+01,7.228755525422810635e+00
-1.711551938507182768e+01,5.884073533742613549e+00
-1.303517846472631625e+01,-6.997045863171611479e+00
-9.884268718665174092e+00,-5.609081222505956532e+00
-1.104074538363742874e+01,-1.791363890314424001e+00
-1.035121035141132673e+01,8.811856205981481338e+00
-3.751929190153939775e-01,1.074800748887963664e+01
2.686232579911722151e+00,5.735345341816181497e-01
3.033058744841522714e+00,5.929416579961658273e-01
2.849513437544975325e+00,4.508402835484359716e-01
3.302437121238150031e+00,4.852693754300880791e-01
2.834045114439028623e+00,6.482815342022872906e-01
1.355008680362509654e+00,2.812457065325259187e+00
2.612355847763980332e+00,5.744174981741353436e-01
2.802071450964263466e+00,6.092684244877144550e-01
-2.524542388416335825e+00,-1.375411234607900113e+01
-8.188830975265380729e+00,-9.016368169395990506e+00
-4.530076055589966622e+00,-8.676724771097502398e+00
-2.716672435443167721e+00,-1.447462336821130791e+00
-3.407796199542004523e+00,-9.070324115224288164e+00
-4.111496578616109510e+00,-8.855040105475369572e+00
-7.656553823937842118e+00,-4.319435967007076549e+00
-6.441328825909414135e+00,-9.766165296667081108e+00
6.933176526593218814e-01,-3.393955188302143267e+00
6.679517479152045079e-01,-3.387504253512275021e+00
6.819432173510234785e-01,-3.390291697660028358e+00
-7.990154894049006806e+00,-4.875885496547089026e+00
-1.607663372524744894e+00,-6.710421116551039233e+00
-3.284768678484103255e+00,-1.528554124504709222e+01
-8.960384132505341270e+00,-1.098316861618603291e+01
-1.648053171049125742e+00,-6.539655662511916212e+00
-3.768319194130023586e+00,-1.472281413509709402e+01
-9.357970966344462127e+00,-6.802115023817320250e+00
-9.418285895671505870e+00,-6.397303487359857321e+00
1.263801935433326662e+01,9.850796712320104842e-02
1.321446469703328574e+01,-5.027065280050183382e+00
7.868068714313893430e+00,-8.450230649543247097e+00
8.093596957185217988e+00,-1.074824539002794310e+01
7.010508927476741370e+00,9.163309594813776826e+00
1.287014135350288768e+01,4.310303905138064273e+00
-1.390038957866697178e+00,6.041552390115659144e+00
6.092156775871960583e+00,1.310139487564449645e+01
3.198268538298261632e+00,7.222068024672190667e+00
5.496142552923782176e+00,-1.093802039079927368e+01
1.288553647527033874e+01,-3.477961117600442353e+00
6.632776842582742916e+00,-9.857647622000007104e+00
1.368945701136005333e+01,3.646354872830551486e+00
1.060761354899197251e+01,-8.785022289783224636e+00
1.086749623290102740e+01,-3.858353479190239632e-01
1.225886535582911563e+01,-9.834533969620270710e+00
3.978074159762041706e+00,1.112405874886611556e+01
5.420836320498487737e+00,-6.963352749726046120e+00
2.175308878024761139e+00,7.211383088556964083e+00
1.193901977943878023e+01,-7.407713464603276066e+00
3.664959553051845287e+00,8.910124635621075484e+00
2.037524498464225342e+00,7.010449351728053280e+00
-7.232049194613013654e+00,-1.172311864537154946e+01
1.136482125710620927e+01,-3.490513346303400155e+00
1.297867973072345826e+01,-1.702965027554073751e+00
3.203383702612179640e+00,9.705698673398172716e+00
4.584609953594304343e+00,7.956925018824001050e+00
4.364778956245837449e+00,6.358764272954775087e+00
1.104753194257603788e+01,-6.475558340535563673e+00
9.069255679501150524e+00,-5.011672603103721535e+00
5.392275918804354085e+00,4.494460367118352728e+00
-1.668620231394399189e+00,9.936365272719783093e+00
1.128282890749840917e+01,-5.170047536559579271e+00
-1.720299085280368701e+01,-6.636811050468144124e+00
-7.545966504248018403e+00,-6.982842038704515808e+00
-5.766787161346008439e+00,-5.373073331469951697e+00
-7.527984339074822451e+00,-7.182770947691986763e+00
-7.114165741404733012e+00,-7.013556196264118192e+00
-7.154190636738181119e+00,-6.958565258803762532e+00
-7.532775834560420769e+00,-6.969395286681795199e+00
-7.444955741494779566e+00,-6.857590111386481446e+00
-1.496076575364409678e+01,-8.020621976980629952e+00
-7.544653925842089492e+00,-4.020233597352782517e+00
1.894144952148626992e-01,1.104023592378793772e+01
1.224863954186815107e+01,-1.721782113975219852e+00
1.421897952997879244e+01,-7.548372918099450324e+00
8.544243141370682082e-01,1.152125138765412160e+01
5.695808286524228770e+00,5.986991328907636856e+00
1.358653733579648382e+01,-7.224478614141648158e+00
1.000020198620432232e+01,-9.105516912332753066e+00
-1.655886570867942664e+00,1.005843428387871619e+01
1.022025627763923694e+00,1.075955950547498574e+01
1.204333589002324700e+01,-7.524730656458644695e+00
-4.485986457923466730e+00,-1.313303587383208892e+01
5.438411937201315105e+00,3.704829622893197172e+00
1.105720990961703620e+01,1.428747074964695507e+01
1.459837421992234496e+01,-7.074278613819781292e+00
-5.376006827107937092e+00,-8.342516465062162823e+00
1.196665833988455852e+01,-4.371313331879778552e+00
1.283250608881769494e+01,1.410964726942938452e-01
-1.487546830089031502e+01,-7.005921815940180153e+00
1.321163575513096156e+01,-9.434116751620898356e+00
3.116541824787264048e+00,1.441616151838877080e+01
2.920531810058050848e+00,4.211162333563668092e+00
1.375421589645479870e+01,-7.501862105265537650e+00
4.815612628425581576e+00,-1.059210357000196545e+01
1.191364310116941105e+01,-8.805499767433419223e+00
9.513821074374941844e+00,-4.781642481568676217e+00
1.463713795510669824e+00,8.616287773458377597e-01
1.755198240080691363e+00,1.505710559824807948e+00
1.254794424464080516e+00,8.154558217913848717e-01
1.006344252201601108e+01,9.066878748393333853e-02
1.688283678975118773e+00,8.741507690869088076e-01
2.016484335320583021e+00,1.177388635458233690e+00
1.856582477963669042e+00,1.493139038882790981e+00
1.981358482667897825e+00,1.595760320922720243e+00
1.774225845629599174e+00,4.103352593055514808e-01
-1.442815819562687807e+01,8.859181099485819999e-01
-1.364960768667438096e+01,4.957713383192795531e-01
-1.390173160055776869e+01,1.259300133068786964e-01
-1.380727580031441981e+01,1.661407009117767397e-01
2.920081691775286536e+00,4.451045832577662509e+00
1.218999392773661583e+01,-2.032278942076610750e+00
-1.452034559821593085e+01,-6.892350617659425360e+00
-1.035986541420026619e+01,8.579082075409523611e+00
-8.263018670201192961e+00,-1.020970176379504712e+00
-8.177549400931242829e+00,-1.679387273315413864e+01
3.487344177044951365e+00,-2.655076119438115612e+00
3.528803232054672279e+00,-2.863819918568109468e+00
-8.346451250029160107e+00,-1.537382776856299094e+00
-8.374602584517306880e+00,-1.663253606964222442e+01
-1.603242109129209503e+00,-6.714659862402028168e+00
5.681537345158377050e+00,-8.858836582223814204e+00
7.607639068318563957e+00,9.041036697262009980e+00
7.006463139798235318e+00,6.569464005039151289e+00
1.337250401076881623e+01,2.877225601906939989e+00
1.302227920756365442e+01,-6.648463557175888994e+00
3.411755438653756745e+00,1.375850035175283281e+01
9.301794180708004234e+00,-4.927278948648384227e-01
-2.294566306338332140e+00,1.012850811335577461e+01
6.889995631442216606e+00,7.854498457962264091e+00
2.626429432750351012e+00,6.387173960534941131e+00
5.862488088063241953e+00,1.784862735962895186e-01
1.374592539672440594e+01,4.069274630794645908e+00
5.441401613086957134e+00,-1.119181847772096994e+01
6.162580928711239858e-01,9.928884696595655868e+00
-7.765412888284621395e+00,-4.363530740651124340e+00
-3.974506807881534876e+00,-1.272084547943859789e+01
-3.102835969887125511e+00,-1.486887804742949903e+01
-1.132021609291981434e+01,-1.002591168694157808e+01
-8.319645886891667175e+00,-1.243245354849361384e+00
1.875501510657904491e+00,6.723765339041041678e+00
4.427580565533332013e+00,8.434033625820058333e+00
1.220248280107361083e+01,1.266228179379041308e+00
6.032010441853846494e+00,1.186441510664338672e+01
1.080449888560788807e+01,-6.864452511194468975e+00
1.147159325712526545e+01,2.055226481643226688e-01
-9.072071517756446823e+00,-3.870632812391667343e+00
4.837372535704736798e+00,8.853104304580890371e+00
8.140645401350214527e+00,6.207932342741051102e+00
9.447116255062811163e+00,6.959403118749706962e+00
7.508507362606700042e+00,1.129472977609115958e+01
1.120155882782366419e+01,-1.878254055720153248e+00
1.217750027230087895e+01,6.702313950737891490e-01
1.312170951100778105e+01,-6.731804594279958920e+00
9.305653137640267081e-02,6.466945147283674089e+00
1.198009729247341326e+01,-6.629058182662286747e+00
6.404306915685928914e+00,-9.251541395919060662e+00
1.253761157916789948e+01,-3.926323045474952256e+00
1.124107626735086018e+00,1.320252095457702168e+01
-9.788959865810413774e+00,-8.527122708423339859e+00
-1.102876593141397521e+01,-4.808353738172152170e+00
6.045632414933276300e-01,-3.241231774529077292e+00
-3.765795924122621319e+00,1.097581901113033220e+00
7.893781171159213628e+00,6.551007055669408885e+00
6.850085132439234670e+00,-9.721859021401826340e+00
2.715446409822539042e+00,9.006110639861567790e+00
-1.163265044048087393e-01,6.265153710812796817e+00
5.904973993008229449e+00,5.883969878112758067e+00
-8.501282268560395039e+00,-1.637329938797545026e+01
1.390439648235431136e+01,1.377146029374275216e+00
1.426222467302721775e+01,2.106047570351099463e+00
3.706515887222089578e+00,-8.125067779145961566e+00
9.741473157167915176e+00,-3.892868528161976371e+00
-2.013638304996716144e+00,8.404653955918250929e+00
1.298286583421667117e+01,4.005471779947621380e-01
2.133994246127902450e+00,1.188523542627284968e+01
-2.633265479102388618e+00,1.054413554005437703e+01
2.000319006361023888e+00,1.003831726018906956e+01
5.889839588561334160e-01,1.375619941638907129e+01
1.234632401374910948e+01,-4.543914603347214864e+00
1.059659010884442765e+01,-5.225291250212406702e+00
-6.492138988311875192e-01,9.632237234801431569e+00
4.369821661897008158e-02,1.379961580125800324e+01
-7.365674832230407532e+00,-1.750800715107060057e+01
-1.559114340017358202e+01,-7.230449121069084661e+00
-1.461867084595053878e+00,-3.400838637977779744e+00
-1.321802573725175023e+01,-3.373427892745490819e+00
-1.544771408033081528e+01,-7.214454408474088254e+00
-5.252993047017143091e+00,-5.361744299726383112e+00
-4.484057104758625734e+00,-5.766659315360342930e+00
-1.610536779419053488e+00,-6.710611159421707939e+00
8.792051430315453331e+00,-7.481552111271847494e+00
-1.212546556292512889e+01,-6.917274384993491232e+00
-3.208931880489681365e+00,-1.469352378837376705e+01
1.097696636562072570e+01,-5.345437590723917332e+00
-1.321213731316194817e+01,-3.363144760593236970e+00
1.332048075820332933e+01,-8.117361118159497124e+00
4.345972672411737570e+00,1.372845127530174913e+01
-9.302746748816321798e+00,-9.898953374030066144e+00
1.010625373173285091e+01,3.734524027974345461e+00
1.348316833683244198e+01,4.186092169458705214e+00
1.120798158894868912e+01,1.462542293184482212e+01
3.852454192963217672e+00,-1.325848643062999166e+01
1.357981719532553377e+01,-7.792694890303097921e-01
9.105191785620773359e+00,1.192015444307796546e-01
3.396728312665397986e+00,7.054622059672778001e+00
1.237516805964344080e+01,-5.377525997077574615e+00
9.877305396249376201e+00,2.585313502470650615e+00
1.429767320958766064e+01,-7.174256675873406763e+00
1.574884016977824652e+00,1.258610766477895737e+01
3.323833817055289686e+00,1.174817762434021162e+01
9.069259088770269983e+00,4.837609064655997576e-02
-2.961957870524081660e+00,-4.115934783304421529e+00
-9.411215064644627759e+00,-8.112932930248776486e+00
-9.793082769076988825e+00,-7.975820883281540041e+00
-1.043337557393937587e+01,8.282729734841433711e+00
-4.851019847935782892e+00,-5.559064510153874039e+00
-4.686409189629046956e+00,-5.377155217551753630e+00
-5.092958712560452739e+00,-5.677885759250122177e+00
-4.190958825098348051e+00,7.087253747581829799e-01
-3.235877551614409597e+00,-1.441994832648354929e+01
-3.136479456812288902e+00,-7.167225746483126159e+00
-3.628571479841219194e+00,-1.500054044316775936e+01
-1.263597633646601714e+01,-1.176379719297506909e+01
-9.086496627363830569e+00,-8.433185811634643869e+00
-4.049304279296412012e+00,-8.905729912218099287e+00
6.003995469335258406e+00,-8.344342042607523879e+00
-1.216150778160175427e+01,-8.260051865941735016e+00
-1.040844023221106696e+01,8.166050176011118822e+00
-3.491278043595718916e+00,-9.134729308304761375e+00
-3.084141989823162344e+00,-1.419247429257704241e+01
-3.818035721755862255e+00,-8.337528107458819449e+00
-8.288585433926533241e+00,-1.166927736229775858e+00
1.405218115117927979e+01,-2.688380594287667069e+00
4.753373060081523604e+00,-8.842740902733382313e+00
-3.727230910691166521e+00,-1.262335829319897584e+01
-9.185850104961097884e+00,1.064020943251742857e+01
-1.095870288135957260e+01,1.158276190698332542e+01
-1.228568303769983494e+01,1.427398508941916333e+00
-9.073732455628020332e+00,-1.241776773076723295e+01
1.201222619266902214e+01,-7.966528158815917138e+00
1.350523880005069977e+01,3.000627788998385004e+00
1.160566570707196732e+01,-1.810594821813380273e+00
2.568487379317687225e+00,1.028918376857845374e+01
8.454086970308425819e+00,1.002444234765617814e+01
4.898968463370328763e+00,-8.986119973729142174e+00
1.540440856988267804e+01,-3.430117190712555164e+00
-3.857072358714211391e-01,7.983077639233324696e+00
1.385713081316924011e+01,4.227815716193095597e+00
1.024293867420120918e+01,-6.895397293234847291e-01
1.806399205186960399e+00,8.988018635177022375e+00
8.550405141658488972e+00,8.959339889751657182e+00
1.283163527780025959e+01,-6.693937170186255337e+00
1.223776920726673367e+01,-7.276372117156573616e+00
4.560029522101581634e+00,-8.386116023178983525e+00
-1.240677757656804303e+01,1.767226152928246918e+00
-9.302576937120141665e+00,-1.100975334332600220e+01
-7.346227078029260227e+00,-1.585708890844466978e+01
-8.025221913846168675e+00,-1.654088838012640750e+01
-1.304792904258019881e+01,-6.889759095614121698e+00
-7.414887000691983587e+00,-1.605163521210658217e+01
-7.541307522668870611e+00,-1.614850903012941075e+01
