3271
383
13998
12849
3273
3273
3273
3273
3273
3273
12241
391
371
12951
13252
383
13516
13664
13664
3271
383
12951
13664
10008
661
1534
746
371
51
304
12902
304
304
571
304
304
304
571
571
571
304
9790
571
1332
304
304
12902
304
304
304
12363
13190
13206
304
304
13586
13969
13516
304
965
13664
13664
12445
1727
965
371
9993
1503
14027
1332
9790
371
371
10008
371
371
95
1820
10004
10011
13350
12951
12744
391
13115
12618
1551
14096
12849
12225
51
10011
12618
13586
2282
2282
2282
2282
2282
2282
2282
12784
2282
13428
12618
13353
661
13190
12957
13226
12744
10008
1820
14027
13136
12445
12498
12902
13896
13993
12278
12445
13516
371
371
371
12460
371
12425
526
95
526
526
526
13428
13350
13226
12957
3271
347
13586
10011
10011
13998
10011
13226
13206
13428
13998
95
12425
1762
12425
12527
12445
746
12902
3586
3586
14064
12957
2282
13586
3586
3586
3586
3586
3586
13169
3586
3586
13998
13969
1673
1673
1673
304
12498
12618
3271
1155
571
13998
419
419
2282
304
2282
304
419
661
1503
13896
304
13586
1727
383
571
13998
3271
13169
13452
12902
12618
10023
2282
2984
12618
474
474
474
1727
174
474
391
12074
12744
13586
12896
391
13896
3271
12618
12644
1727
1727
51
12644
51
12618
51
13206
51
51
12618
13
1332
13959
13969
12618
12498
1332
1332
304
12618
95
2984
12445
12902
2021
2021
12744
13031
12618
1332
10023
12618
13031
2984
304
304
304
304
304
304
304
304
12957
304
304
10011
374
138
138
374
138
138
9790
374
374
374
138
138
2984
2282
2282
2282
2282
2282
2282
2282
2282
12363
10008
2282
2282
304
304
304
304
304
304
304
304
347
304
304
304
2021
12773
13031
13452
13896
13452
374
1561
371
95
12527
13998
371
13452
9790
13252
371
746
12618
12957
13223
13664
95
13998
13998
12902
9937
391
13586
9843
10011
1820
13091
13586
13428
746
13664
12618
746
474
51
51
3271
14027
13169
10011
95
746
746
746
746
746
746
746
304
304
304
304
304
304
304
304
12618
1332
9790
13428
304
304
13428
13664
1673
12849
12618
1673
12849
10008
12460
13969
304
304
374
51
304
304
304
304
304
304
304
304
12957
13
371
371
9841
14027
13516
371
13302
12957
10011
13190
371
10104
1534
95
14027
304
12747
3587
347
391
3587
12618
12618
13031
3587
12744
9779
13190
918
918
13206
3587
13452
1332
1332
1332
13
1332
51
3273
3273
12784
12784
3273
3273
3273
3273
13969
95
3273
3273
1962
12278
474
13452
13925
474
12784
371
474
12773
474
371
2984
347
12425
10011
1336
14064
2129
374
1762
13586
523
1673
383
13569
51
965
965
965
965
965
13190
12445
10004
13516
12644
13586
3586
3586
13428
10008
95
3586
3586
3586
3586
3586
3586
3586
3586
1592
12744
12849
1592
304
12445
12618
2282
2282
12074
12074
2282
2282
13998
13302
13993
13586
51
51
12241
51
51
51
12445
661
661
51
3273
3273
13031
3273
374
1727
3273
10008
13136
13428
13350
9841
371
13896
13067
13969
12425
2129
713
2129
713
713
713
713
13998
713
713
12460
13516
1727
2984
1592
1332
1332
391
380
51
391
2041
12498
1332
1332
1332
1332
1332
1332
1332
1332
304
13353
304
304
304
304
13586
304
1762
13136
304
304
13452
12896
12618
13516
12460
383
12618
14064
304
505
304
304
304
304
304
304
1332
1332
12074
12498
383
304
304
391
391
391
1690
391
12902
9790
12425
474
12074
391
13136
2282
12074
12605
2984
1762
371
304
13206
1762
1727
1727
1332
2282
304
304
304
304
304
304
304
304
304
304
304
304
304
304
304
304
13
347
371
9760
10011
13998
371
371
13586
371
371
474
13998
12747
2021
12498
371
13993
374
13998
10011
13664
391
3271
13136
51
13998
12498
10008
13998
13586
12278
383
12784
1219
95
12747
12951
174
383
95
383
383
51
51
51
13142
12498
12317
13664
12902
278
13226
174
52
12597
13190
391
12618
12605
12618
570
9841
304
10104
10023
1561
304
13142
304
304
304
13142
304
304
13969
304
12605
13998
14027
304
12363
918
374
374
304
505
12618
304
51
661
304
304
304
304
304
304
304
304
304
304
51
3271
1561
12715
13998
998
304
918
3271
13516
12618
13969
51
2984
12445
51
12618
12647
1673
3671
12744
13206
1561
12618
12618
12618
12445
12445
9843
419
12498
419
419
419
419
14064
3299
782
782
1332
1816
782
782
1332
1332
1332
1332
2984
3273
3273
13190
474
13
3273
3273
3273
3273
3273
13142
3273
1820
1820
12445
13226
138
13586
1820
1820
1820
1820
1820
1834
1820
13190
14027
713
12857
11824
13428
13896
9841
13226
13925
13206
1727
10011
10008
2282
2282
2282
965
12445
2282
402
1534
570
13998
570
570
12747
1834
570
570
661
3587
1673
9779
13136
1727
9841
13998
12902
10011
9841
474
14027
10023
10011
2282
51
51
371
51
3271
10011
3273
3273
3273
3273
3273
13169
3273
3273
10104
3273
3273
13969
12951
51
1820
12644
1592
13226
13998
10023
12363
12957
13428
51
746
347
12445
10004
13067
347
3587
3587
9843
13586
10023
51
51
13998
13
12618
12618
1834
13
12896
391
1332
51
3587
391
391
51
13998
12074
10008
14064
12731
12744
13452
13142
13569
1690
12677
746
1332
1332
1332
1332
1332
1332
1332
1332
13031
9790
14096
1332
391
391
391
13998
391
391
391
523
540
523
523
1820
391
523
523
746
12445
10007
12896
13136
12951
380
304
304
304
304
304
304
304
304
304
304
304
2984
1332
1762
9843
13452
12731
12951
13190
12744
884
10008
371
13586
13993
371
371
12498
10011
12425
371
1561
12744
12957
12902
12647
1727
1816
13302
12074
12460
12618
13969
14027
10023
14064
12957
13226
383
383
12951
1727
391
304
304
304
13067
13664
304
304
304
12715
304
12425
13353
12618
13998
371
13993
304
304
1503
304
304
304
304
304
304
304
304
12618
374
374
13428
374
374
374
374
13664
374
9790
51
13190
51
51
51
352
51
391
13569
51
10011
12445
304
304
304
304
304
304
304
304
2984
304
304
51
12857
304
3587
304
13190
13226
304
304
12618
1673
12773
474
304
661
782
14096
12618
374
2150
10023
746
746
746
746
746
374
9779
12527
10008
13969
1332
1332
1332
1332
1332
1332
10011
391
12445
1332
13206
746
746
746
746
12618
746
746
746
10011
2282
95
12773
13
1727
14064
2282
474
51
95
371
13925
12618
95
13169
371
13206
13190
138
2984
2984
174
347
1727
371
13998
9843
13142
371
12902
138
2150
371
13031
12605
138
3586
3586
3586
3586
3586
3586
3586
95
12957
10011
13925
782
782
1534
523
782
782
782
12902
2984
95
13428
12618
13206
13586
3273
3273
12605
12618
1332
3273
3273
51
391
9760
13206
12731
13969
2984
474
1816
12644
13998
12618
12902
1834
9760
570
570
570
570
570
12644
570
570
570
570
13586
12677
12618
12618
3271
9790
391
13031
9790
391
13998
391
391
12644
1534
9760
13353
10104
51
291
138
12425
12445
13998
13959
12902
13959
606
1336
14096
12074
12644
814
12644
371
474
13959
1816
1332
12902
3587
14027
1816
12074
10011
13998
12957
374
12605
523
1219
12784
474
12618
3587
383
2282
1531
13969
304
304
304
304
304
304
304
304
304
304
304
304
304
304
304
304
304
304
304
304
304
304
12498
474
13586
782
782
782
782
782
782
782
782
371
782
14050
9760
13516
661
29
347
51
12902
12074
51
51
51
1592
12784
51
51
13998
474
1727
13569
12445
13969
13047
383
10104
10008
10011
12857
3587
304
304
304
304
304
304
304
304
304
304
12597
13206
1592
13586
374
13969
1962
10004
13664
13664
12677
13664
746
13664
10011
474
3586
51
3587
746
304
304
304
304
2129
12731
304
304
304
304
13190
380
3271
1673
13896
2282
13993
10011
13190
12951
380
380
13
12363
310
9841
2129
13252
310
14096
371
13896
1762
12618
746
10023
12445
12074
419
304
304
304
304
304
304
304
304
304
304
523
11824
12618
13969
13959
12618
12744
746
304
746
746
746
746
12225
2282
54
746
746
523
523
523
523
523
10008
523
523
10011
12498
13586
570
13206
9841
13586
13206
13112
12902
523
523
523
523
523
523
523
1561
523
523
12744
12744
13925
2282
383
2282
1155
2282
2282
2282
2282
570
1503
13190
13896
12902
12902
13142
13353
10023
12902
10023
12241
10011
14064
2041
3587
13896
13586
1727
10008
2021
2129
2129
12445
2129
2129
2129
13998
535
782
782
782
782
782
782
12425
12589
570
387
13959
10008
13959
13190
13142
3273
3273
13136
13586
3273
3273
3273
3273
3273
3273
3273
3273
661
13959
1592
13
13
13
13
13350
10004
570
570
570
570
570
570
570
570
304
304
304
304
304
304
304
304
12644
13428
474
474
391
13664
474
12896
391
391
474
474
391
374
51
51
51
51
12618
9841
13959
12618
12902
13190
12445
474
571
12902
383
12902
1727
1262
374
13993
13190
391
12605
12784
13350
2129
13452
10008
304
1332
13
51
383
10023
12902
374
383
13586
13223
13031
654
12618
12957
10023
304
304
304
304
304
304
304
304
3271
304
304
9760
12498
13586
12784
12784
1816
12896
782
782
782
782
51
12744
13428
13136
13428
10011
13
12605
13428
12784
1592
10008
371
1592
1592
1592
1592
12618
374
1592
12445
13142
374
13452
431
13226
474
474
474
474
474
138
13586
51
13586
10011
3587
304
304
304
304
304
304
304
304
13136
374
304
304
12317
1673
1673
13206
13664
1673
1673
1673
1673
1673
1673
1673
1673
13586
13998
12618
13664
12363
12527
12957
12589
13190
13428
12902
10011
10011
746
1592
13169
371
746
51
51
12618
51
51
51
51
51
51
51
1155
380
380
380
380
12618
12951
13428
3586
10023
3586
2041
13206
371
13925
1834
12527
51
10011
13190
12445
9843
304
304
304
304
304
304
304
304
746
304
304
13302
523
304
12902
391
1592
304
13
594
383
304
12784
304
12677
3586
965
13047
304
304
13516
12605
13
304
304
13223
13896
12618
304
10008
13969
13565
391
12957
13516
2282
2282
2282
2282
2282
13428
2282
2282
2282
10008
13190
51
13067
12618
12618
14064
2021
12902
13586
571
9841
12849
13302
746
12618
1561
1561
1561
1561
13226
13516
474
1834
51
13190
1592
13136
12957
3586
3586
3586
13452
12618
13062
12445
12647
12902
13998
1834
13925
391
12618
13031
1825
9760
474
12744
1834
13428
2282
474
13
13
13
13
1834
13
13
13
570
570
570
570
570
570
570
570
13969
1592
1834
304
304
570
304
9843
12527
1708
2282
474
12644
95
95
174
3271
12896
12498
12445
3271
746
1592
95
12605
13223
9790
13190
1708
10008
371
13998
13428
13428
12618
12498
1727
9843
1592
13516
3271
12498
13959
13998
299
1561
3271
304
13428
12498
746
1592
12605
965
13998
570
10004
1592
12527
965
12902
304
304
12784
12677
304
304
304
304
304
304
304
12363
12784
12425
13031
304
304
304
13115
13586
12647
746
304
13353
13252
13969
746
746
746
746
12773
1727
347
51
9841
374
3299
1592
3299
3299
12498
1592
1592
12784
1820
1820
1820
1820
2282
2282
746
347
2129
13664
12618
13664
10011
2282
12498
1727
14064
304
535
13226
304
304
1561
12498
12618
13664
304
304
304
304
304
304
304
51
13047
12445
10008
13969
12849
13190
1534
1534
12618
1534
1534
1534
1534
1534
13925
1534
13136
13223
10011
374
12445
13428
13350
13289
12363
12902
13586
51
1727
13206
13969
51
374
12857
13
9937
12957
12445
374
2041
51
1592
10004
12498
12498
12498
12498
12498
1816
1816
1816
1816
12445
1816
1816
1816
12618
304
304
12445
13062
12618
12618
304
304
304
13
304
304
304
304
10023
1708
13047
2984
1137
12618
13664
474
1393
13226
51
9843
10004
13136
304
304
12731
1592
304
304
304
304
304
304
304
304
374
374
374
374
374
374
374
374
474
474
474
474
10023
570
1820
3299
9843
570
13190
13289
12618
12618
474
13190
10011
13565
95
12498
51
12498
1816
12498
12902
2282
13896
9790
12498
13896
380
380
12498
304
12605
13998
380
12074
12618
51
9790
12425
2282
1592
13998
304
387
13353
12278
13959
3586
3586
3586
12896
3586
12715
3586
3586
3586
3586
10011
13169
10011
13664
10023
2021
965
1332
1834
13190
13998
13586
570
570
12644
2984
13136
570
570
570
570
570
570
12605
1251
13031
13516
374
9841
12074
1561
9841
12618
2150
12618
13226
391
13452
391
391
391
391
13896
13452
12527
10011
371
371
1727
13169
13664
1727
1727
3271
3271
9843
13516
3271
3271
13998
347
380
14027
13998
13998
1727
374
12896
374
13969
13067
13031
10008
13169
543
2021
12460
13998
12460
12527
10011
13998
13586
2282
304
304
1834
95
13428
304
304
304
304
304
304
304
304
51
13998
304
13452
544
383
1816
12618
965
95
374
1332
12425
746
12618
304
304
13169
1820
1820
304
304
304
304
304
304
304
304
13998
13586
13586
13925
12951
138
138
138
138
138
95
420
138
95
12618
304
304
95
13664
304
304
304
304
304
304
304
10008
383
383
95
13452
10007
2129
2150
746
570
746
304
746
746
374
95
12618
12618
12849
10011
374
13896
12957
1673
12951
13226
13969
371
14027
12425
14027
12618
374
1708
304
304
304
304
304
304
304
304
304
304
304
304
304
304
304
51
13206
12445
3587
12951
12425
10011
12527
13169
12074
1708
3587
12951
10011
13350
10011
421
304
304
304
304
304
304
304
304
304
304
13998
746
3587
391
304
3587
304
13
304
304
304
304
304
304
474
12896
474
13350
474
391
474
474
9841
12425
13142
14064
12498
12618
1765
9843
13252
10011
1834
746
13998
12460
304
304
304
304
304
304
304
304
304
304
10004
9937
13
13516
13067
13206
13206
13190
10011
13190
474
1561
12744
474
14027
13237
371
51
2984
12618
9841
13428
1475
13998
12445
371
13586
12618
371
14064
28
371
13998
13969
1762
13226
13855
14064
12074
304
9841
12618
371
304
1762
304
304
13428
304
12731
13969
467
9841
304
1592
304
51
51
304
12241
10011
371
3586
3586
3586
3586
3586
3586
3586
3586
3586
13350
884
12498
352
352
13998
12498
12744
383
9790
13969
1727
13067
12618
10008
2984
2984
13925
13142
12618
2984
2984
2984
2984
2984
12498
12896
1816
1816
12074
1816
1816
1816
571
571
1816
571
571
12605
12896
12618
9760
10104
12498
13896
383
1727
12589
3271
3271
1592
1727
1727
3271
13428
3271
3271
3271
3271
13998
746
10023
12498
10008
375
13959
13252
746
13452
13998
1834
1561
2282
1592
12460
13969
13136
13993
2984
12498
13969
2984
51
1393
13586
13998
374
2021
374
374
374
374
374
374
374
2984
746
304
1155
1251
12498
304
304
304
304
304
304
304
304
9843
2021
3271
13452
746
746
9843
12644
746
746
746
746
95
13428
10004
13586
10011
746
570
12902
138
304
304
12589
304
12731
304
304
304
304
304
304
746
13969
12498
10011
12605
12951
13959
13
12618
13
13
3271
374
12225
12849
12498
13896
304
12278
304
304
304
304
54
304
304
304
304
304
304
304
304
304
304
570
304
304
746
746
1962
304
3271
609
51
12773
13206
10011
13353
746
474
12747
12527
304
13998
304
304
304
304
304
304
304
304
1393
304
374
14027
13959
570
1592
570
13959
12445
12618
13998
12445
13350
391
304
304
304
304
304
304
304
304
304
304
12498
12773
12498
304
304
304
304
304
304
304
304
304
304
10008
12618
12498
12896
12715
371
1762
1762
382
371
1762
13067
371
12773
12731
10008
1762
2041
12498
3586
374
374
13998
9841
374
374
609
2129
374
374
374
12857
374
374
374
12498
51
12425
13998
391
12618
12618
12445
12605
12278
304
13190
51
13
13428
391
1534
10104
13
374
14064
12425
12747
51
13428
13136
2282
10008
12445
10008
1727
1727
1727
3586
1727
1727
12425
1727
10011
13998
13998
2282
13998
95
95
10008
14027
95
13998
95
95
13226
13169
95
12445
1708
1708
304
304
304
1727
1708
746
1727
9843
1727
13190
14050
13142
12644
51
1592
10007
570
570
570
13190
304
12605
12445
51
965
1820
13062
12896
10008
13664
13586
51
304
304
1727
1727
12074
1727
1727
13112
13998
12618
12744
12605
2984
1592
51
12498
12644
965
1962
51
12731
1816
1727
9790
95
374
12744
12618
391
12957
1332
12618
1727
1727
13998
12896
12589
374
374
13998
138
12902
374
374
51
13353
347
375
13998
304
12715
10008
1332
12618
13428
2984
13969
13998
10004
51
12618
10007
746
746
10011
746
347
304
304
304
304
304
304
304
304
1332
304
304
12618
1332
1332
51
1727
174
174
174
174
304
10011
12747
10011
13
9790
12498
13
13569
13
13
13237
12618
51
12618
13959
12445
10004
1393
13452
12460
1534
13969
10011
1393
10023
12460
746
10007
746
746
746
746
13136
746
95
13350
13586
374
9790
474
363
2282
2282
9790
2282
2282
2282
2282
2282
10023
13226
9760
304
304
304
304
304
304
304
304
12498
12498
13169
12902
304
304
304
304
304
304
304
304
304
304
304
304
304
14096
304
12857
13067
304
352
13115
13067
304
9790
304
304
304
304
304
304
304
304
10011
374
12498
12074
304
12618
12618
371
1816
95
1816
1816
13516
13136
9937
12498
304
2282
2282
371
95
12618
13
12527
1708
2282
1816
14064
14027
12731
371
371
13062
1727
371
3587
13993
10008
12425
1708
95
10004
374
1708
374
374
2282
374
374
374
374
9790
9937
138
13569
13452
95
3271
13190
13516
13067
3271
13959
570
13206
12902
51
12731
51
51
51
1393
51
304
12460
782
12498
782
2158
12618
13190
3587
13353
51
12074
13252
10011
1816
12527
13969
12647
12731
51
9843
1727
1727
1727
13190
1727
1727
12731
95
1727
1727
10104
347
12498
347
347
347
347
12618
11824
95
95
95
95
374
13969
13031
13569
12744
12618
95
95
13998
13252
661
12074
304
304
51
13586
10004
13142
13998
3271
12902
13136
1155
9843
13136
13959
13206
13136
13959
1727
12618
12849
13959
12074
51
12589
10023
1592
374
12744
12425
1592
3586
3586
12744
1727
12074
3273
12241
13586
12618
13190
3273
3273
3273
1592
1561
570
570
570
570
570
570
570
13998
570
51
13
1561
3299
3299
12074
12849
12363
419
419
371
419
13136
13350
998
12731
2282
9843
10008
12605
12074
371
13190
13998
12460
13998
374
12074
570
13136
13190
1251
3271
10011
13969
12677
291
13969
13223
13569
1155
9841
13452
13969
304
304
304
304
304
304
13969
1962
304
304
13428
9843
9760
12902
12957
10011
13428
13206
998
13998
9760
13993
2282
374
13190
14050
377
13998
12957
12715
371
1534
1534
1534
1534
12618
13067
1534
9993
13569
383
13031
9843
383
3586
2021
383
746
746
746
746
746
746
13959
746
13142
13993
746
12618
13047
10011
13998
12647
13664
347
13136
9937
304
304
13047
13350
304
304
13664
304
304
304
304
304
304
304
304
304
304
304
304
304
13136
304
304
12957
1393
10011
12618
304
304
1592
13115
10008
12618
304
304
304
304
304
304
304
304
13302
2041
9760
11824
304
391
12317
2282
13169
9790
12241
2282
14050
2282
2282
2282
2282
12278
391
13969
304
391
10011
12527
304
51
2021
1834
304
391
371
371
304
391
304
304
304
12460
95
304
13428
304
304
304
304
304
304
304
304
3587
9937
51
13142
9790
965
12618
12618
13516
12902
51
51
51
51
51
51
51
13067
13998
2129
2129
13206
51
483
12605
3587
3586
9843
14050
9841
13896
1332
12731
474
371
304
9841
10011
304
13350
713
12445
713
13998
10023
13302
12731
12715
12527
746
9841
1137
474
3587
419
3587
374
374
374
374
9841
347
12784
13586
347
12644
347
10008
12618
95
965
3586
12744
13169
13452
13998
12896
526
12618
12902
13350
13896
965
12618
10004
13998
3587
347
13998
10011
12715
13031
304
12618
2984
12618
12527
9790
380
380
380
380
380
380
380
3586
3586
374
1152
9790
371
374
3586
12951
2984
3586
13067
2984
12074
12644
3271
3271
3271
13998
13452
29
12605
12498
1561
1561
570
570
571
304
1561
1561
1561
1561
1561
1561
1561
1561
12425
746
13428
1336
10008
10011
10011
12445
13190
380
3587
998
12074
13136
10008
138
1820
13998
13
13
3587
713
713
713
713
713
713
713
713
713
9937
9843
12074
1962
13969
13302
12363
1690
371
371
371
12445
12618
13
12677
13206
302
12498
3587
13136
1816
9790
10011
13252
2683
918
3271
95
523
391
12618
13190
14064
12498
1592
12425
12731
9841
13302
474
383
383
383
746
746
746
746
9790
746
51
746
746
12618
13664
12744
10023
13586
2282
1834
1592
1561
304
304
12498
12498
304
13062
95
304
304
304
304
304
304
304
304
304
304
304
304
304
304
304
304
746
12632
13226
3586
304
304
965
13664
965
965
965
1332
13664
965
13142
51
10011
1393
12498
304
304
310
304
304
304
304
304
304
304
304
746
746
746
1155
746
746
746
746
13190
12896
746
746
10011
304
13353
3586
374
1592
1393
3586
10011
13
12445
782
2150
12849
10011
2150
371
371
12618
371
1332
371
10011
10011
12074
12647
13169
14050
12498
371
374
12647
304
304
12618
12618
12784
304
304
304
304
304
304
304
304
10004
3273
3273
12902
12731
3273
304
12677
304
1834
12618
3587
374
13350
1673
12425
13067
13
13586
713
713
713
13206
807
13190
12460
13993
174
374
13925
13350
13586
12677
374
9843
10004
1834
571
13226
374
374
374
374
12445
1962
12902
570
1962
12902
12425
13136
746
95
10011
95
95
95
12445
95
95
95
14027
304
12957
12902
9843
14064
12618
12857
12849
9841
371
304
304
304
304
304
304
304
51
304
95
12527
12744
95
13136
13091
12744
2984
1834
13206
474
1727
3271
371
371
12498
12445
12445
10008
2984
746
523
746
746
746
746
746
746
2984
965
1834
12896
654
13998
10011
3271
1834
10023
3271
371
12644
3271
3271
3271
2021
13998
10008
2021
2021
13206
371
2021
2021
13169
12074
391
3271
12618
12849
1834
12278
965
965
965
12644
10011
13190
12644
1820
1820
1820
12896
12074
12618
13142
12618
13969
13237
12618
746
13136
13206
12618
13452
3587
12425
95
13959
13998
13223
371
2021
12618
1727
12957
12445
998
998
12618
998
13031
12605
10008
391
383
13302
383
383
3587
1247
13226
13142
391
13190
12715
12747
12902
391
13452
13452
12677
12744
13998
12951
13586
14064
13190
391
2150
965
13091
13969
12715
95
12618
12618
746
746
746
746
746
746
746
746
1762
1762
1762
1762
1727
746
746
347
13452
3587
1727
12744
13142
12527
474
9790
13142
1727
304
304
12498
1727
304
304
304
304
304
304
304
304
304
304
371
304
304
13226
12498
138
371
304
304
304
304
304
304
304
304
1727
1393
965
965
383
13428
1727
347
13428
12618
13969
1727
304
304
304
304
304
304
304
304
304
304
746
12460
9841
3271
12527
3587
10011
13
10011
3271
1673
1673
1673
1673
1673
1673
1727
1673
2282
12445
51
51
9843
51
51
51
51
138
14096
13
10011
13142
523
138
95
12618
95
138
138
304
304
304
304
304
304
304
304
304
304
10008
12647
456
51
13586
1816
12957
1834
13206
13350
12618
9790
9843
12498
13067
13350
3587
304
12498
12498
1834
2021
1561
374
2282
12498
2984
1332
374
12498
10008
13190
95
13516
1834
304
391
13516
13237
391
12589
12902
391
1816
14027
12425
1834
13226
12896
13428
391
12644
13289
304
304
12074
1155
304
304
304
304
304
304
304
3587
12773
138
12445
378
138
9790
304
304
304
304
304
304
304
304
12445
138
13237
304
138
3273
3273
3273
3273
3586
3586
3586
3586
12902
138
304
13993
374
1727
13226
2984
2984
2984
2984
2984
2984
304
12074
1834
1155
12902
95
570
3271
3271
9841
3271
12618
3271
3271
1962
10011
3299
13569
13206
2021
13664
2021
2021
2021
13998
10011
3299
1727
13998
1727
10004
1727
14050
1727
10011
13969
374
12605
12618
13998
13428
51
13969
14096
474
2129
13169
95
14064
9841
13586
14096
12731
374
12731
12618
51
10011
13452
1332
1332
13569
13998
12618
13664
371
13452
13350
9779
374
746
10008
12074
95
12902
12618
3587
10011
12618
13350
12957
9760
352
51
13969
12445
746
14064
12715
95
10008
13998
14064
51
12460
474
304
3271
12902
95
371
304
304
304
304
304
304
304
304
304
304
304
304
12241
2021
13896
14050
2282
9790
474
746
2021
746
304
13142
13067
13969
383
53
12747
13969
12744
13452
347
2129
1779
10007
12849
9760
3271
13569
304
304
304
304
304
304
13062
304
304
304
13190
304
304
13452
138
304
1962
304
304
304
304
304
304
12951
383
13586
14096
2129
13565
9937
2041
998
10011
12363
3271
304
304
304
304
304
13664
304
304
12618
304
304
746
304
304
304
304
304
304
304
304
304
304
13664
13428
51
374
51
51
51
51
51
51
51
51
746
374
12618
10011
10004
13190
138
3271
138
138
138
1155
138
138
9993
95
12747
2041
12445
347
51
10011
13047
13136
9841
2282
965
965
965
965
13516
13190
1152
2282
371
2282
2282
2282
371
12618
12784
12618
1673
13136
12902
13969
10011
13136
1332
1673
12857
12715
304
13
12744
13252
304
2041
371
13237
304
51
304
10011
12618
12951
13998
304
11824
1727
1727
304
13586
95
1561
1816
1816
304
304
1820
304
304
304
304
304
304
304
304
12241
1820
13112
1393
1393
13206
12445
12527
12618
12618
13353
9843
1820
13136
3586
3586
570
3586
3586
3586
3586
3586
12849
11824
1673
3586
1673
1673
12363
12744
12644
10008
13226
12744
661
9779
13067
2984
2984
2984
2984
9843
3271
523
12644
3271
3271
1834
1834
1834
3271
1834
3271
347
304
12445
12074
746
51
374
10011
1727
1727
12618
12605
2984
9841
1332
474
474
1727
474
474
1332
383
2984
13223
12902
9843
2984
12618
51
51
391
654
1332
12644
12618
391
12784
51
13896
391
391
391
1332
13067
391
391
13206
12644
13136
10011
13569
304
374
10011
12605
3271
374
12902
12902
14064
352
304
13586
12425
13067
13428
12647
12784
371
13452
12618
371
371
383
13353
570
371
371
374
10008
371
570
138
474
14027
374
13998
12647
3273
13190
474
12951
383
12902
12747
12902
10008
304
304
304
304
304
304
304
304
304
304
304
304
304
304
13031
304
13206
3273
13998
13115
391
10023
10011
13586
2021
12951
13998
13664
13998
13896
1762
13664
371
10011
9790
12784
9760
12498
13586
1475
13664
9841
12902
12589
13252
13664
474
14027
